[[0.3200862407684326, 0.3379347026348114, 0.341979056596756]]
[[0.3404172658920288, 0.3274807035923004, 0.332101970911026]]
[[0.32654479146003723, 0.3420165181159973, 0.33143872022628784]]
[[0.32720139622688293, 0.3391701877117157, 0.333628386259079]]
[[0.33554455637931824, 0.3362312316894531, 0.328224241733551]]
[[0.33981025218963623, 0.3283405601978302, 0.3318491578102112]]
[[0.3405532240867615, 0.3281730115413666, 0.3312737047672272]]
[[0.3368043601512909, 0.3323795199394226, 0.3308160901069641]]
[[0.3381243944168091, 0.33062195777893066, 0.33125361800193787]]
[[0.33508995175361633, 0.33573177456855774, 0.3291782736778259]]
hyposthese:
6 pieces , up to <unk> ; well trimmed
reference:
5 pieces ; atherosis
