[[0.32645469903945923, 0.3275759816169739, 0.3459692895412445]]
[[0.33387741446495056, 0.336463063955307, 0.32965952157974243]]
[[0.3278549015522003, 0.33836978673934937, 0.3337753117084503]]
[[0.33306145668029785, 0.33515211939811707, 0.3317864239215851]]
[[0.333536297082901, 0.3372778296470642, 0.3291859030723572]]
[[0.3344409167766571, 0.33230674266815186, 0.33325234055519104]]
[[0.332463800907135, 0.33152881264686584, 0.33600741624832153]]
[[0.3336474299430847, 0.332745760679245, 0.3336067795753479]]
[[0.3330591320991516, 0.3354187309741974, 0.331522136926651]]
[[0.33186212182044983, 0.3352493941783905, 0.3328884541988373]]
hyposthese:
6 pieces , up to <unk> ; well trimmed
reference:
6 pieces , up to <unk> mm ;
