[[0.3238721489906311, 0.34127405285835266, 0.33485379815101624]]
[[0.34326955676078796, 0.32837530970573425, 0.32835516333580017]]
[[0.3365108370780945, 0.32986852526664734, 0.3336205780506134]]
[[0.3316345512866974, 0.33713212609291077, 0.33123329281806946]]
[[0.32938385009765625, 0.33913561701774597, 0.3314805328845978]]
[[0.32950666546821594, 0.3410680294036865, 0.3294253349304199]]
[[0.32784250378608704, 0.3455269932746887, 0.32663053274154663]]
[[0.33044108748435974, 0.34264901280403137, 0.3269098699092865]]
[[0.32932546734809875, 0.3419923186302185, 0.32868218421936035]]
[[0.32937780022621155, 0.3417564332485199, 0.32886573672294617]]
[[0.3312329649925232, 0.3412221372127533, 0.3275448679924011]]
[[0.33063992857933044, 0.3394581079483032, 0.32990193367004395]]
[[0.3301647901535034, 0.34194645285606384, 0.32788875699043274]]
hyposthese:
6 pieces , up to <unk> ; squamous epithelium is <unk> microns
reference:
6 pieces
