[[0.33211761713027954, 0.32737961411476135, 0.3405027985572815]]
[[0.3388965129852295, 0.326262503862381, 0.33484095335006714]]
[[0.3352392911911011, 0.33603358268737793, 0.328727126121521]]
[[0.3307153284549713, 0.33942002058029175, 0.32986465096473694]]
[[0.3291972875595093, 0.3364238739013672, 0.3343788683414459]]
[[0.33130133152008057, 0.33440807461738586, 0.33429059386253357]]
[[0.32796481251716614, 0.33942604064941406, 0.3326091170310974]]
[[0.3292883634567261, 0.3347272574901581, 0.33598437905311584]]
[[0.3319465219974518, 0.3349124789237976, 0.3331409990787506]]
[[0.3312528431415558, 0.33418533205986023, 0.334561824798584]]
[[0.3319093585014343, 0.3339042365550995, 0.3341864049434662]]
[[0.33049097657203674, 0.3319622874259949, 0.337546706199646]]
[[0.3311871588230133, 0.33185362815856934, 0.33695921301841736]]
hyposthese:
6 pieces , up to <unk> ; squamous epithelium is <unk> microns
reference:
6 pieces ; 20 % dermal fat
