[[0.32453835010528564, 0.34227344393730164, 0.3331882357597351]]
[[0.32740503549575806, 0.34024083614349365, 0.3323541581630707]]
[[0.3316105306148529, 0.33251139521598816, 0.33587804436683655]]
[[0.3329204320907593, 0.3270987868309021, 0.339980810880661]]
[[0.33425983786582947, 0.3330956697463989, 0.332644522190094]]
[[0.33045026659965515, 0.3345940411090851, 0.33495575189590454]]
[[0.3322352468967438, 0.3324439525604248, 0.3353208005428314]]
[[0.33072519302368164, 0.3331453800201416, 0.33612945675849915]]
[[0.32874828577041626, 0.3345836400985718, 0.33666810393333435]]
[[0.3314269781112671, 0.3357031047344208, 0.33286988735198975]]
hyposthese:
6 pieces , up to <unk> ; well trimmed
reference:
6 pieces ; <unk> sloughing
