[[0.33171966671943665, 0.3308826684951782, 0.3373977243900299]]
[[0.33779993653297424, 0.3255953788757324, 0.33660465478897095]]
[[0.33630603551864624, 0.3263098895549774, 0.33738407492637634]]
[[0.33454471826553345, 0.330937922000885, 0.33451735973358154]]
[[0.334432452917099, 0.3339383006095886, 0.3316291868686676]]
[[0.3318563997745514, 0.3316364288330078, 0.3365072011947632]]
[[0.3336349427700043, 0.33099862933158875, 0.335366427898407]]
[[0.33326274156570435, 0.3294457793235779, 0.3372914791107178]]
[[0.33417046070098877, 0.3330424726009369, 0.33278709650039673]]
[[0.33171898126602173, 0.33200207352638245, 0.3362789750099182]]
[[0.3324635922908783, 0.3316083550453186, 0.3359280526638031]]
[[0.3330315947532654, 0.3320194482803345, 0.33494892716407776]]
[[0.33314141631126404, 0.33240893483161926, 0.3344496190547943]]
[[0.3331279754638672, 0.33266618847846985, 0.33420583605766296]]
[[0.3330897390842438, 0.33282777667045593, 0.3340825140476227]]
[[0.3330536484718323, 0.33293426036834717, 0.33401206135749817]]
[[0.33303964138031006, 0.3330030143260956, 0.333957314491272]]
[[0.3330456018447876, 0.3330270051956177, 0.3339274227619171]]
[[0.3330637514591217, 0.3330386281013489, 0.3338976502418518]]
[[0.3330829441547394, 0.33304816484451294, 0.3338688910007477]]
[[0.33310452103614807, 0.33305665850639343, 0.3338388502597809]]
[[0.333128422498703, 0.3330637812614441, 0.3338078260421753]]
[[0.3331507444381714, 0.3330710232257843, 0.3337782323360443]]
[[0.3331710994243622, 0.3330780565738678, 0.33375084400177]]
[[0.33318930864334106, 0.3330846130847931, 0.33372607827186584]]
[[0.33320537209510803, 0.33309051394462585, 0.3337040841579437]]
[[0.3332194685935974, 0.3330956995487213, 0.33368486166000366]]
[[0.3332318663597107, 0.3330996334552765, 0.33366847038269043]]
[[0.33324259519577026, 0.3331030011177063, 0.33365440368652344]]
[[0.33325183391571045, 0.33310574293136597, 0.3336423933506012]]
[[0.33325979113578796, 0.33310797810554504, 0.3336322009563446]]
[[0.33326658606529236, 0.3331097960472107, 0.33362358808517456]]
[[0.33327242732048035, 0.3331112563610077, 0.33361631631851196]]
[[0.3332774341106415, 0.3331123888492584, 0.3336102068424225]]
[[0.33328166604042053, 0.33311325311660767, 0.333605021238327]]
[[0.3332853317260742, 0.3331139385700226, 0.3336006999015808]]
[[0.3332884609699249, 0.33311447501182556, 0.3335971236228943]]
[[0.33329108357429504, 0.3331148326396942, 0.33359408378601074]]
[[0.3332933485507965, 0.3331151008605957, 0.3335915207862854]]
[[0.3332942724227905, 0.33311575651168823, 0.33358991146087646]]
[[0.33329349756240845, 0.33311712741851807, 0.3335893452167511]]
[[0.33329281210899353, 0.3331182599067688, 0.33358892798423767]]
[[0.3332922160625458, 0.3331192135810852, 0.3335886001586914]]
[[0.3332916498184204, 0.3331199884414673, 0.3335883319377899]]
[[0.3332911729812622, 0.3331206738948822, 0.333588182926178]]
[[0.3332907259464264, 0.33312124013900757, 0.3335880637168884]]
[[0.33329030871391296, 0.3331216871738434, 0.3335879445075989]]
[[0.3332900106906891, 0.3331221044063568, 0.3335879147052765]]
[[0.3332896828651428, 0.3331224322319031, 0.3335878849029541]]
[[0.33328941464424133, 0.33312273025512695, 0.3335878551006317]]
[[0.33328914642333984, 0.33312296867370605, 0.3335878551006317]]
