[[0.33709144592285156, 0.32340922951698303, 0.3394993245601654]]
[[0.33047959208488464, 0.3369207978248596, 0.3325996398925781]]
[[0.3298468291759491, 0.335422545671463, 0.3347306251525879]]
[[0.332617849111557, 0.33879634737968445, 0.32858580350875854]]
[[0.3350926637649536, 0.33166006207466125, 0.33324724435806274]]
[[0.335017591714859, 0.3318314552307129, 0.3331509530544281]]
[[0.33536630868911743, 0.330491840839386, 0.3341418504714966]]
[[0.3343590795993805, 0.33259740471839905, 0.3330434560775757]]
[[0.3336751461029053, 0.3312680423259735, 0.3350568115711212]]
[[0.3346618711948395, 0.331432580947876, 0.33390557765960693]]
[[0.335714191198349, 0.33240434527397156, 0.33188146352767944]]
[[0.3355949819087982, 0.3329654335975647, 0.3314395248889923]]
hyposthese:
2 pieces , <unk> & <unk> ; <unk> <unk> <unk> <unk>
reference:
2 pieces , well-preserved glandular elements , no abnormalities
