[[0.31369370222091675, 0.33485159277915955, 0.3514546751976013]]
[[0.3396472930908203, 0.32974278926849365, 0.3306099474430084]]
[[0.3380580246448517, 0.3329201340675354, 0.3290218412876129]]
[[0.33810684084892273, 0.3375333547592163, 0.32435980439186096]]
[[0.3336300253868103, 0.3361799418926239, 0.3301900029182434]]
[[0.333914577960968, 0.33540406823158264, 0.33068135380744934]]
[[0.3310169279575348, 0.3362959325313568, 0.3326871395111084]]
[[0.3349114656448364, 0.33572351932525635, 0.3293650150299072]]
[[0.3296750783920288, 0.3375973105430603, 0.3327275812625885]]
[[0.32792311906814575, 0.3403313457965851, 0.33174556493759155]]
hyposthese:
6 pieces , up to <unk> ; well trimmed
reference:
6 pieces ; 10 % interstitial scarring
