[[0.2974860668182373, 0.3530324697494507, 0.34948140382766724]]
[[0.3460482358932495, 0.32639631628990173, 0.32755547761917114]]
[[0.3463652729988098, 0.33020955324172974, 0.32342514395713806]]
[[0.3486296534538269, 0.3264075219631195, 0.324962854385376]]
[[0.3517787456512451, 0.3244626522064209, 0.32375863194465637]]
[[0.33686763048171997, 0.32904574275016785, 0.3340865969657898]]
[[0.3414076268672943, 0.32945629954338074, 0.32913604378700256]]
[[0.3355739116668701, 0.3309628367424011, 0.33346325159072876]]
[[0.3402937352657318, 0.32967501878738403, 0.33003130555152893]]
[[0.33576300740242004, 0.3301564157009125, 0.33408063650131226]]
hyposthese:
2 pieces , <unk> & <unk> ; <unk> <unk>
reference:
2 pieces
