[[0.33396896719932556, 0.33656904101371765, 0.3294620215892792]]
[[0.3239281177520752, 0.33776965737342834, 0.33830222487449646]]
[[0.3299276828765869, 0.33678317070007324, 0.33328911662101746]]
[[0.3301808536052704, 0.33247509598731995, 0.33734408020973206]]
[[0.3287864327430725, 0.33515307307243347, 0.336060494184494]]
[[0.33164969086647034, 0.3340047001838684, 0.33434560894966125]]
[[0.3337444067001343, 0.33546584844589233, 0.3307897746562958]]
[[0.3311613202095032, 0.33291295170783997, 0.33592575788497925]]
[[0.33130449056625366, 0.3326316177845001, 0.3360638916492462]]
[[0.3300245404243469, 0.3354436159133911, 0.3345318138599396]]
[[0.3306705057621002, 0.33426445722579956, 0.3350650370121002]]
[[0.33099403977394104, 0.33407536149024963, 0.33493056893348694]]
[[0.33121344447135925, 0.33390119671821594, 0.3348853588104248]]
[[0.3313920795917511, 0.3337691128253937, 0.33483874797821045]]
[[0.33151111006736755, 0.33370253443717957, 0.3347863554954529]]
hyposthese:
2 pieces , <unk> & <unk> ; <unk> <unk> <unk> <unk> <unk> <unk> <unk>
reference:
2 pieces , no abnormalities
