[[0.3154788017272949, 0.3301551342010498, 0.35436609387397766]]
[[0.3470686376094818, 0.3360973000526428, 0.316834032535553]]
[[0.33740395307540894, 0.34201061725616455, 0.3205854594707489]]
[[0.34084343910217285, 0.33060258626937866, 0.3285539746284485]]
[[0.34037595987319946, 0.3328081965446472, 0.3268158435821533]]
[[0.3341013491153717, 0.3315412998199463, 0.33435726165771484]]
[[0.3342495858669281, 0.32814475893974304, 0.3376055955886841]]
[[0.3362225890159607, 0.33002638816833496, 0.33375102281570435]]
[[0.33587563037872314, 0.3305198550224304, 0.33360451459884644]]
[[0.33630552887916565, 0.32989856600761414, 0.3337958753108978]]
[[0.33607468008995056, 0.3285975456237793, 0.33532780408859253]]
[[0.33524128794670105, 0.32798686623573303, 0.3367718458175659]]
[[0.3353024423122406, 0.32766997814178467, 0.33702757954597473]]
hyposthese:
6 pieces , up to <unk> ; squamous mucosa is <unk> <unk>
reference:
5 pieces , squamous mucosa up <unk>
