[[0.3306737244129181, 0.32638880610466003, 0.3429374694824219]]
[[0.33958950638771057, 0.33144089579582214, 0.3289695382118225]]
[[0.33827611804008484, 0.3313795030117035, 0.3303443491458893]]
[[0.3363639712333679, 0.3313249349594116, 0.33231115341186523]]
[[0.33674150705337524, 0.33097633719444275, 0.3322821855545044]]
[[0.3369259238243103, 0.33090898394584656, 0.33216506242752075]]
[[0.3368282914161682, 0.33111700415611267, 0.3320547044277191]]
[[0.3369342088699341, 0.33121052384376526, 0.33185526728630066]]
[[0.3370850384235382, 0.3312809467315674, 0.3316340148448944]]
[[0.33720487356185913, 0.33133599162101746, 0.3314591348171234]]
[[0.33728423714637756, 0.33137887716293335, 0.3313368856906891]]
[[0.33734044432640076, 0.33140993118286133, 0.3312496542930603]]
[[0.33738237619400024, 0.3314332962036133, 0.3311842679977417]]
[[0.3374146521091461, 0.33145076036453247, 0.33113452792167664]]
hyposthese:
<unk> <unk> <unk> <unk> <unk> <unk> <unk> <unk> <unk> <unk> <unk> <unk> <unk>
reference:
mild congestion
