[[0.34239462018013, 0.33391156792640686, 0.32369381189346313]]
[[0.3415490388870239, 0.32691434025764465, 0.33153659105300903]]
[[0.3365534543991089, 0.3321678638458252, 0.33127865195274353]]
[[0.331333726644516, 0.3357415199279785, 0.3329247236251831]]
[[0.3309459984302521, 0.34065482020378113, 0.3283991515636444]]
[[0.3319697380065918, 0.33930233120918274, 0.32872799038887024]]
[[0.33028170466423035, 0.3381633758544922, 0.3315548896789551]]
[[0.33333927392959595, 0.33659985661506653, 0.3300608992576599]]
[[0.33213990926742554, 0.33660608530044556, 0.3312540054321289]]
[[0.33098357915878296, 0.3359595239162445, 0.33305689692497253]]
[[0.33201509714126587, 0.33632493019104004, 0.3316600024700165]]
[[0.3337565064430237, 0.3327065408229828, 0.33353692293167114]]
[[0.3334275186061859, 0.33586448431015015, 0.33070796728134155]]
hyposthese:
6 pieces , up to <unk> ; squamous epithelium is <unk> microns
reference:
6 pieces ; well trimmed ; 5 % dermal fat
