[[0.32166412472724915, 0.34488147497177124, 0.3334544003009796]]
[[0.3539204001426697, 0.3165019452571869, 0.32957765460014343]]
[[0.33954527974128723, 0.3346288800239563, 0.32582584023475647]]
[[0.3429846167564392, 0.32786884903907776, 0.32914653420448303]]
[[0.33689671754837036, 0.3295392096042633, 0.3335641324520111]]
[[0.3408500552177429, 0.32950156927108765, 0.32964837551116943]]
[[0.34068089723587036, 0.3263886868953705, 0.33293041586875916]]
[[0.33747655153274536, 0.3296566903591156, 0.3328668177127838]]
[[0.33603763580322266, 0.3302745819091797, 0.33368778228759766]]
[[0.33422181010246277, 0.3308539092540741, 0.3349243104457855]]
hyposthese:
6 pieces , up to <unk> ; well trimmed
reference:
6 pieces ; well dissected
