[[0.31850069761276245, 0.3516683280467987, 0.32983094453811646]]
[[0.33853480219841003, 0.32291179895401, 0.33855342864990234]]
[[0.3330763280391693, 0.32816043496131897, 0.33876320719718933]]
[[0.3343465030193329, 0.32412105798721313, 0.3415324091911316]]
[[0.3339560031890869, 0.33100399374961853, 0.33504003286361694]]
[[0.3328059911727905, 0.3357722759246826, 0.33142176270484924]]
[[0.33327874541282654, 0.33524417877197266, 0.3314771056175232]]
[[0.3327169418334961, 0.3358171582221985, 0.33146584033966064]]
[[0.33290281891822815, 0.336441308259964, 0.33065587282180786]]
[[0.3324475586414337, 0.3366972804069519, 0.33085522055625916]]
[[0.3325061500072479, 0.336519718170166, 0.33097413182258606]]
hyposthese:
1 piece ; <unk> and <unk> ; <unk> <unk> <unk>
reference:
1 piece ; anterior present
