[[0.33803874254226685, 0.34077733755111694, 0.321183979511261]]
[[0.3160264790058136, 0.3419833481311798, 0.341990202665329]]
[[0.3302646279335022, 0.33797943592071533, 0.33175599575042725]]
[[0.3262215852737427, 0.33387911319732666, 0.33989930152893066]]
[[0.32419314980506897, 0.33321744203567505, 0.342589408159256]]
[[0.32724830508232117, 0.3331759572029114, 0.33957573771476746]]
[[0.32896822690963745, 0.33289170265197754, 0.33814001083374023]]
[[0.3268282115459442, 0.33496376872062683, 0.33820801973342896]]
[[0.3250536024570465, 0.33529573678970337, 0.3396506905555725]]
hyposthese:
2 pieces , minimal interstitial fat , delineated
reference:
2 pieces , minimal interstitial fat
