[[0.3274002969264984, 0.3367273211479187, 0.3358724117279053]]
[[0.32913199067115784, 0.33681827783584595, 0.3340497314929962]]
[[0.3336266875267029, 0.32919949293136597, 0.3371737599372864]]
[[0.33448484539985657, 0.3326096534729004, 0.33290547132492065]]
[[0.3358006477355957, 0.3348316252231598, 0.3293676972389221]]
[[0.33172181248664856, 0.33423954248428345, 0.334038645029068]]
[[0.332562118768692, 0.33407822251319885, 0.33335962891578674]]
[[0.3308064639568329, 0.3340529501438141, 0.33514055609703064]]
[[0.3310466706752777, 0.33371278643608093, 0.33524057269096375]]
[[0.33185070753097534, 0.3375498056411743, 0.33059945702552795]]
hyposthese:
2 pieces , <unk> & <unk> ; well trimmed
reference:
2 pieces ; well trimmed
