[[0.338591992855072, 0.32464778423309326, 0.3367602229118347]]
[[0.3423960208892822, 0.3253627121448517, 0.3322412371635437]]
[[0.33767443895339966, 0.33441558480262756, 0.3279099464416504]]
[[0.3297326862812042, 0.3363395929336548, 0.33392778038978577]]
[[0.3357255458831787, 0.3318544328212738, 0.3324200510978699]]
[[0.3352544605731964, 0.33333638310432434, 0.33140918612480164]]
[[0.339240163564682, 0.3329998254776001, 0.3277599811553955]]
[[0.3350387513637543, 0.3314305245876312, 0.3335306942462921]]
[[0.3350510597229004, 0.3294050395488739, 0.3355439305305481]]
[[0.3332560658454895, 0.3322966396808624, 0.3344472348690033]]
hyposthese:
6 pieces , up to <unk> ; well trimmed
reference:
6 pieces , all target muscularis
