[[0.3337549567222595, 0.34208789467811584, 0.32415711879730225]]
[[0.3368145227432251, 0.3230491280555725, 0.3401363790035248]]
[[0.3291719853878021, 0.33494052290916443, 0.33588746190071106]]
[[0.33729034662246704, 0.330706924200058, 0.332002729177475]]
[[0.3423177897930145, 0.3232598304748535, 0.33442234992980957]]
[[0.33602821826934814, 0.3302029073238373, 0.3337688446044922]]
[[0.3373110592365265, 0.32840362191200256, 0.33428534865379333]]
[[0.3370016813278198, 0.3288170397281647, 0.3341813087463379]]
[[0.3396213948726654, 0.3234266936779022, 0.3369519114494324]]
hyposthese:
2 pieces , minimal interstitial fat , delineated
reference:
2 pieces . 10 % internal fat
