[[0.35682281851768494, 0.3148770332336426, 0.3283001184463501]]
[[0.3283463716506958, 0.34179505705833435, 0.32985854148864746]]
[[0.32471325993537903, 0.33588239550590515, 0.3394043743610382]]
[[0.3245735466480255, 0.3393072485923767, 0.3361192047595978]]
[[0.3310477137565613, 0.33586907386779785, 0.33308324217796326]]
[[0.33101996779441833, 0.33489006757736206, 0.33408990502357483]]
[[0.32837995886802673, 0.33610543608665466, 0.3355145752429962]]
[[0.3310229182243347, 0.3344983458518982, 0.3344787061214447]]
[[0.33236047625541687, 0.3347019553184509, 0.3329375684261322]]
[[0.330620676279068, 0.33591634035110474, 0.3334629535675049]]
[[0.3319360017776489, 0.33400818705558777, 0.3340557813644409]]
[[0.33228594064712524, 0.3331572711467743, 0.33455678820610046]]
[[0.33221861720085144, 0.3331972062587738, 0.33458420634269714]]
[[0.33220070600509644, 0.3332705795764923, 0.33452871441841125]]
[[0.33218151330947876, 0.33332809805870056, 0.3344903290271759]]
[[0.33217477798461914, 0.33335599303245544, 0.3344692289829254]]
[[0.3321831226348877, 0.33336329460144043, 0.33445361256599426]]
[[0.3321863114833832, 0.33336520195007324, 0.3344484567642212]]
hyposthese:
2 pieces , <unk> & <unk> ; <unk> <unk> <unk> <unk> <unk> <unk> <unk> <unk> <unk> <unk>
reference:
2 pieces ; <unk> ova in outer portion
