[[0.3387153446674347, 0.3274097144603729, 0.33387497067451477]]
[[0.3364544212818146, 0.32688358426094055, 0.33666202425956726]]
[[0.3270650804042816, 0.3344280421733856, 0.338506817817688]]
[[0.3384079039096832, 0.33137500286102295, 0.33021706342697144]]
[[0.3383604884147644, 0.32929444313049316, 0.3323450982570648]]
[[0.3413954973220825, 0.3293016850948334, 0.3293028473854065]]
[[0.3391179144382477, 0.33005112409591675, 0.3308309018611908]]
[[0.34092259407043457, 0.3298080563545227, 0.32926931977272034]]
[[0.34003105759620667, 0.32705527544021606, 0.33291366696357727]]
[[0.33769845962524414, 0.3270029127597809, 0.33529865741729736]]
hyposthese:
6 pieces , up to <unk> ; well trimmed
reference:
6 pieces , all muscularis
