[[0.3296774923801422, 0.3355698585510254, 0.3347526788711548]]
[[0.33328497409820557, 0.3335154354572296, 0.33319956064224243]]
[[0.3297235667705536, 0.331196665763855, 0.33907973766326904]]
[[0.32125940918922424, 0.340488463640213, 0.33825215697288513]]
[[0.32347050309181213, 0.33988383412361145, 0.33664560317993164]]
[[0.32717904448509216, 0.3366850018501282, 0.33613598346710205]]
[[0.3238547146320343, 0.3380414843559265, 0.3381038010120392]]
[[0.3278314471244812, 0.3385699391365051, 0.33359864354133606]]
[[0.32898423075675964, 0.33720454573631287, 0.3338111937046051]]
[[0.32728496193885803, 0.3359066843986511, 0.33680832386016846]]
[[0.3285825550556183, 0.33714115619659424, 0.33427631855010986]]
[[0.3309592306613922, 0.33582136034965515, 0.333219438791275]]
[[0.32929205894470215, 0.33602771162986755, 0.3346802592277527]]
hyposthese:
6 pieces , up to <unk> ; squamous epithelium is <unk> microns
reference:
6 pieces , squamous mucosa is <unk> thick
