[[0.33492356538772583, 0.35070517659187317, 0.3143712282180786]]
[[0.331909716129303, 0.32559871673583984, 0.3424915373325348]]
[[0.33155539631843567, 0.33049383759498596, 0.337950736284256]]
[[0.33138224482536316, 0.3285861313343048, 0.34003159403800964]]
[[0.3301299512386322, 0.32799413800239563, 0.34187591075897217]]
[[0.3312450051307678, 0.3314105272293091, 0.3373444378376007]]
[[0.3314036428928375, 0.32884034514427185, 0.33975598216056824]]
[[0.3300422430038452, 0.3291431665420532, 0.34081462025642395]]
[[0.32963109016418457, 0.331567645072937, 0.3388012647628784]]
[[0.3300631642341614, 0.3312698304653168, 0.33866703510284424]]
[[0.33096638321876526, 0.33011144399642944, 0.3389222025871277]]
[[0.3310820460319519, 0.3299451768398285, 0.338972806930542]]
hyposthese:
2 pieces , <unk> & <unk> ; <unk> <unk> <unk> <unk>
reference:
2 pieces ; extensive bronchopneumonia
