[[0.32461363077163696, 0.325194388628006, 0.35019198060035706]]
[[0.3374274671077728, 0.33104124665260315, 0.331531286239624]]
[[0.3372092545032501, 0.335382878780365, 0.3274078667163849]]
[[0.3403320014476776, 0.33472898602485657, 0.32493898272514343]]
[[0.3363814651966095, 0.33066147565841675, 0.33295702934265137]]
[[0.3390066623687744, 0.3352656066417694, 0.32572779059410095]]
[[0.3373822569847107, 0.33369913697242737, 0.32891860604286194]]
[[0.3394484221935272, 0.33527690172195435, 0.32527464628219604]]
[[0.33814480900764465, 0.33197981119155884, 0.3298753499984741]]
[[0.33917587995529175, 0.334800124168396, 0.3260239362716675]]
[[0.3393343985080719, 0.3345120847225189, 0.32615354657173157]]
hyposthese:
2 pieces , <unk> & <unk> ; <unk> <unk> <unk>
reference:
2 pieces , moderate congestion/edema
