[[0.3392218351364136, 0.34246087074279785, 0.31831732392311096]]
[[0.32223859429359436, 0.333345890045166, 0.34441548585891724]]
[[0.32903143763542175, 0.3293551206588745, 0.3416134715080261]]
[[0.32664918899536133, 0.3321342468261719, 0.3412165641784668]]
[[0.32940682768821716, 0.33235716819763184, 0.338236004114151]]
[[0.33103856444358826, 0.3340519666671753, 0.33490946888923645]]
[[0.3299213945865631, 0.3333171010017395, 0.3367615342140198]]
[[0.3304242193698883, 0.3341779410839081, 0.3353978097438812]]
[[0.3316035866737366, 0.33487725257873535, 0.3335191309452057]]
[[0.33271199464797974, 0.3339995741844177, 0.33328843116760254]]
[[0.3322351276874542, 0.3337433636188507, 0.33402153849601746]]
[[0.3322935998439789, 0.33376654982566833, 0.3339398503303528]]
[[0.332412987947464, 0.33367854356765747, 0.33390840888023376]]
[[0.332479864358902, 0.3335829973220825, 0.3339371383190155]]
[[0.3324975073337555, 0.33353179693222046, 0.33397066593170166]]
[[0.33251529932022095, 0.3335081934928894, 0.3339764475822449]]
[[0.33254194259643555, 0.33349525928497314, 0.3339627981185913]]
[[0.33256980776786804, 0.33348768949508667, 0.3339425027370453]]
[[0.3325926959514618, 0.33348482847213745, 0.33392247557640076]]
[[0.3326126039028168, 0.3334842920303345, 0.33390307426452637]]
[[0.3326294720172882, 0.33348533511161804, 0.33388516306877136]]
[[0.3326437771320343, 0.3334871530532837, 0.3338690996170044]]
[[0.33266499638557434, 0.3334847092628479, 0.33385032415390015]]
[[0.33268338441848755, 0.33348172903060913, 0.3338348865509033]]
[[0.33269912004470825, 0.3334789276123047, 0.33382201194763184]]
[[0.3327122628688812, 0.33347681164741516, 0.333810955286026]]
[[0.3327180743217468, 0.33347782492637634, 0.3338041305541992]]
[[0.3327215909957886, 0.33347946405410767, 0.33379891514778137]]
[[0.3327246308326721, 0.33348092436790466, 0.33379441499710083]]
[[0.3327272832393646, 0.3334822356700897, 0.33379051089286804]]
[[0.3327295780181885, 0.33348336815834045, 0.33378708362579346]]
[[0.33273154497146606, 0.33348438143730164, 0.3337841331958771]]
[[0.33273324370384216, 0.3334852159023285, 0.33378154039382935]]
[[0.33273473381996155, 0.3334859609603882, 0.33377933502197266]]
[[0.33273598551750183, 0.3334865868091583, 0.33377736806869507]]
[[0.33273711800575256, 0.3334871530532837, 0.33377569913864136]]
[[0.33273810148239136, 0.3334876298904419, 0.33377423882484436]]
[[0.3327389359474182, 0.3334880471229553, 0.3337729871273041]]
[[0.3327396810054779, 0.333488404750824, 0.33377188444137573]]
[[0.33274033665657043, 0.33348873257637024, 0.3337709307670593]]
[[0.3327408730983734, 0.3334890305995941, 0.33377009630203247]]
[[0.332741379737854, 0.3334892690181732, 0.33376938104629517]]
[[0.33274179697036743, 0.33348944783210754, 0.3337687849998474]]
[[0.3327421545982361, 0.33348962664604187, 0.33376824855804443]]
[[0.33274245262145996, 0.3334898054599762, 0.33376777172088623]]
[[0.33274275064468384, 0.33348992466926575, 0.3337673544883728]]
[[0.33274295926094055, 0.3334900140762329, 0.33376696705818176]]
[[0.33274316787719727, 0.33349013328552246, 0.3337666690349579]]
[[0.332743376493454, 0.3334902226924896, 0.3337664008140564]]
[[0.3327435553073883, 0.3334902822971344, 0.3337661623954773]]
[[0.33274367451667786, 0.3334903419017792, 0.3337659537792206]]
