[[0.35311490297317505, 0.32358863949775696, 0.323296457529068]]
[[0.3392057418823242, 0.3312346041202545, 0.32955965399742126]]
[[0.33719393610954285, 0.33112046122550964, 0.3316856324672699]]
[[0.32838934659957886, 0.3365497887134552, 0.33506083488464355]]
[[0.3313732147216797, 0.3379157483577728, 0.3307110667228699]]
[[0.33287516236305237, 0.33219289779663086, 0.3349319100379944]]
[[0.33677250146865845, 0.3349311053752899, 0.32829639315605164]]
[[0.33240601420402527, 0.33363252878189087, 0.33396145701408386]]
[[0.3339698612689972, 0.3340650498867035, 0.3319651186466217]]
[[0.33085453510284424, 0.33598586916923523, 0.33315959572792053]]
hyposthese:
6 pieces , up to <unk> ; well trimmed
reference:
6 pieces ; well dissected muscle
