[[0.34502026438713074, 0.3471582233905792, 0.3078215420246124]]
[[0.3269190192222595, 0.3291674852371216, 0.3439134657382965]]
[[0.33091309666633606, 0.3326399028301239, 0.3364470601081848]]
[[0.327527791261673, 0.3278657793998718, 0.3446063697338104]]
[[0.3314531743526459, 0.3307296335697174, 0.3378171920776367]]
[[0.330587238073349, 0.3311547636985779, 0.3382580280303955]]
[[0.3307715058326721, 0.32999691367149353, 0.33923155069351196]]
[[0.33052492141723633, 0.3295321762561798, 0.33994290232658386]]
[[0.33053815364837646, 0.32932987809181213, 0.3401320278644562]]
[[0.3306165039539337, 0.32923561334609985, 0.3401479125022888]]
[[0.33069297671318054, 0.3291292190551758, 0.3401777446269989]]
[[0.3307713270187378, 0.32902956008911133, 0.3401991128921509]]
[[0.3308407962322235, 0.32895827293395996, 0.3402009606361389]]
[[0.3309078514575958, 0.328906387090683, 0.3401857912540436]]
[[0.3309536576271057, 0.32888171076774597, 0.3401646316051483]]
[[0.3309953808784485, 0.3288697600364685, 0.3401348888874054]]
[[0.33103030920028687, 0.3288659453392029, 0.34010374546051025]]
[[0.3310537338256836, 0.3288688659667969, 0.3400774300098419]]
[[0.3310767412185669, 0.3288711607456207, 0.34005206823349]]
[[0.3310982882976532, 0.32887259125709534, 0.3400290608406067]]
[[0.3311178982257843, 0.3288731575012207, 0.3400089740753174]]
[[0.33113527297973633, 0.32887300848960876, 0.3399917483329773]]
[[0.331152081489563, 0.3288715183734894, 0.33997637033462524]]
[[0.3311683237552643, 0.3288690447807312, 0.3399626314640045]]
[[0.3311822712421417, 0.3288666009902954, 0.33995115756988525]]
[[0.3311942517757416, 0.3288642466068268, 0.33994153141975403]]
[[0.33120447397232056, 0.3288620114326477, 0.33993348479270935]]
[[0.33121323585510254, 0.32885998487472534, 0.3399267792701721]]
[[0.33122074604034424, 0.3288581371307373, 0.33992114663124084]]
[[0.3312271535396576, 0.3288564383983612, 0.3399164080619812]]
[[0.3312326669692993, 0.32885488867759705, 0.33991244435310364]]
[[0.3312373757362366, 0.3288535475730896, 0.3399091064929962]]
[[0.3312413990497589, 0.3288522958755493, 0.3399063050746918]]
[[0.3312448561191559, 0.32885119318962097, 0.33990392088890076]]
[[0.33124783635139465, 0.3288502097129822, 0.3399019241333008]]
[[0.33125039935112, 0.32884934544563293, 0.3399002254009247]]
[[0.3312526345252991, 0.32884857058525085, 0.33989882469177246]]
[[0.3312545120716095, 0.32884788513183594, 0.33989760279655457]]
[[0.3312561511993408, 0.3288472592830658, 0.339896559715271]]
[[0.33125758171081543, 0.3288467228412628, 0.33989572525024414]]
[[0.33125877380371094, 0.3288462460041046, 0.33989498019218445]]
[[0.3312598466873169, 0.3288457989692688, 0.3398943543434143]]
[[0.3312607407569885, 0.32884544134140015, 0.33989378809928894]]
[[0.331261545419693, 0.3288451135158539, 0.3398933410644531]]
[[0.3312622308731079, 0.3288447856903076, 0.3398929536342621]]
[[0.33126282691955566, 0.3288445472717285, 0.3398926258087158]]
[[0.33126336336135864, 0.3288443088531494, 0.33989235758781433]]
[[0.33126381039619446, 0.3288441002368927, 0.33989211916923523]]
[[0.3312641382217407, 0.328843891620636, 0.33989188075065613]]
[[0.33126452565193176, 0.32884374260902405, 0.3398917317390442]]
[[0.33126482367515564, 0.3288436233997345, 0.33989158272743225]]
