[[0.32476168870925903, 0.33282920718193054, 0.3424091041088104]]
[[0.336001455783844, 0.3323236405849457, 0.3316749036312103]]
[[0.33839040994644165, 0.3315593898296356, 0.33005020022392273]]
[[0.33781948685646057, 0.3289431929588318, 0.33323732018470764]]
[[0.3356415629386902, 0.33202478289604187, 0.33233362436294556]]
[[0.33503031730651855, 0.33330845832824707, 0.331661194562912]]
[[0.333473265171051, 0.335693895816803, 0.3308328092098236]]
[[0.335148423910141, 0.3328433632850647, 0.3320082128047943]]
[[0.33445873856544495, 0.33319222927093506, 0.3323490023612976]]
[[0.3350597321987152, 0.3324548602104187, 0.3324854075908661]]
[[0.3347712457180023, 0.33187928795814514, 0.3333494961261749]]
[[0.3350456655025482, 0.33124664425849915, 0.33370766043663025]]
hyposthese:
2 pieces , <unk> & <unk> ; <unk> <unk> <unk> <unk>
reference:
2 pieces
