[[0.3418841063976288, 0.3328600823879242, 0.3252558708190918]]
[[0.33745241165161133, 0.3324783444404602, 0.33006927371025085]]
[[0.3198942244052887, 0.33941006660461426, 0.34069570899009705]]
[[0.32343658804893494, 0.33962029218673706, 0.3369430899620056]]
[[0.33166518807411194, 0.3352131247520447, 0.33312174677848816]]
[[0.3318099081516266, 0.33342793583869934, 0.33476221561431885]]
[[0.3284434378147125, 0.3345315754413605, 0.3370249569416046]]
[[0.33292528986930847, 0.3294539749622345, 0.33762073516845703]]
[[0.33173418045043945, 0.3331449329853058, 0.33512088656425476]]
[[0.32979416847229004, 0.33275485038757324, 0.3374510109424591]]
hyposthese:
6 pieces , up to <unk> ; well trimmed
reference:
6 pieces , all target muscularis
