[[0.32975339889526367, 0.33431878685951233, 0.335927814245224]]
[[0.33063921332359314, 0.33405834436416626, 0.3353024125099182]]
[[0.3306822180747986, 0.337563157081604, 0.331754595041275]]
[[0.3307580053806305, 0.33532440662384033, 0.33391761779785156]]
[[0.3352901041507721, 0.3330726623535156, 0.33163729310035706]]
[[0.3326739966869354, 0.33448347449302673, 0.33284252882003784]]
[[0.3308466970920563, 0.33472564816474915, 0.3344276249408722]]
[[0.33243033289909363, 0.3338523805141449, 0.33371731638908386]]
[[0.33102479577064514, 0.33558204770088196, 0.3333931565284729]]
[[0.3314518928527832, 0.3379332423210144, 0.33061483502388]]
hyposthese:
6 pieces , up to <unk> ; well trimmed
reference:
6 pieces ; partially sloughed epithelium
