[[0.33236250281333923, 0.3517662286758423, 0.31587129831314087]]
[[0.33585286140441895, 0.3281792402267456, 0.33596792817115784]]
[[0.3314625918865204, 0.3340110778808594, 0.33452633023262024]]
[[0.33544912934303284, 0.32596611976623535, 0.3385847806930542]]
[[0.33619818091392517, 0.3230482339859009, 0.34075358510017395]]
[[0.33213263750076294, 0.3347865343093872, 0.33308085799217224]]
[[0.33670610189437866, 0.32973039150238037, 0.33356350660324097]]
[[0.335357129573822, 0.32758083939552307, 0.3370620012283325]]
[[0.3344479501247406, 0.3292049169540405, 0.33634719252586365]]
[[0.3330814242362976, 0.3313100337982178, 0.33560851216316223]]
[[0.3341403603553772, 0.3306952714920044, 0.335164338350296]]
[[0.3377903401851654, 0.32810336351394653, 0.33410632610321045]]
[[0.3364165425300598, 0.3285420835018158, 0.335041344165802]]
hyposthese:
6 pieces , up to <unk> ; squamous epithelium is <unk> microns
reference:
pieces ; 5 % dermal fat ; well trimmed
