[[0.3403138816356659, 0.3431943356990814, 0.3164917528629303]]
[[0.33150047063827515, 0.329996794462204, 0.33850279450416565]]
[[0.328389972448349, 0.3331145644187927, 0.33849549293518066]]
[[0.32952824234962463, 0.3346368074417114, 0.33583492040634155]]
[[0.3261151611804962, 0.33491218090057373, 0.33897268772125244]]
[[0.3313409090042114, 0.33389902114868164, 0.33476001024246216]]
[[0.3320865333080292, 0.3317458927631378, 0.3361675441265106]]
[[0.3287180960178375, 0.3324730396270752, 0.3388088345527649]]
[[0.32809409499168396, 0.3342413306236267, 0.33766457438468933]]
[[0.3282953202724457, 0.33373644948005676, 0.33796823024749756]]
[[0.32874467968940735, 0.3330909311771393, 0.33816438913345337]]
[[0.3295412063598633, 0.3376387059688568, 0.3328200876712799]]
[[0.32886943221092224, 0.33385148644447327, 0.3372790813446045]]
hyposthese:
6 pieces , up to <unk> ; squamous epithelium is <unk> microns
reference:
6 pieces ; well trimmed ; 5 % intradermal fat
