[[0.35056158900260925, 0.32544055581092834, 0.3239978849887848]]
[[0.32830047607421875, 0.3332975506782532, 0.3384019434452057]]
[[0.3320472538471222, 0.33503609895706177, 0.33291664719581604]]
[[0.32840874791145325, 0.3333865702152252, 0.33820468187332153]]
[[0.33324432373046875, 0.3339557349681854, 0.3327999413013458]]
[[0.331278920173645, 0.33508965373039246, 0.3336314558982849]]
[[0.33236533403396606, 0.3352715075016022, 0.33236315846443176]]
[[0.33178624510765076, 0.33477747440338135, 0.3334363102912903]]
[[0.33425459265708923, 0.3329630494117737, 0.33278241753578186]]
[[0.3321733772754669, 0.334745317697525, 0.3330812454223633]]
[[0.33353593945503235, 0.33320462703704834, 0.3332594633102417]]
[[0.3335840106010437, 0.33277425169944763, 0.33364173769950867]]
[[0.3336365222930908, 0.33268147706985474, 0.33368203043937683]]
[[0.33358368277549744, 0.3326270282268524, 0.33378925919532776]]
[[0.3334866464138031, 0.33256664872169495, 0.33394670486450195]]
[[0.33339545130729675, 0.3325415253639221, 0.33406299352645874]]
[[0.33331549167633057, 0.33254092931747437, 0.3341435492038727]]
[[0.33325377106666565, 0.33254337310791016, 0.3342027962207794]]
hyposthese:
2 pieces , <unk> & <unk> ; <unk> <unk> <unk> <unk> <unk> <unk> <unk> <unk> <unk> <unk>
reference:
2 pieces , ~90 & glandular parenchyma , delineated
