[[0.3036251664161682, 0.35818976163864136, 0.33818501234054565]]
[[0.33035072684288025, 0.32200032472610474, 0.347648948431015]]
[[0.3383353352546692, 0.32229137420654297, 0.33937326073646545]]
[[0.34057554602622986, 0.3220718502998352, 0.33735260367393494]]
[[0.33509576320648193, 0.3258397877216339, 0.33906444907188416]]
[[0.3321908712387085, 0.3328499495983124, 0.33495914936065674]]
[[0.3331318199634552, 0.32871535420417786, 0.33815285563468933]]
[[0.33059629797935486, 0.3335290551185608, 0.33587464690208435]]
[[0.33130303025245667, 0.33230629563331604, 0.3363907039165497]]
[[0.3348361551761627, 0.3316987156867981, 0.3334651291370392]]
hyposthese:
6 pieces , up to <unk> ; well trimmed
reference:
6 pieces ~7x3mm , all muscularis
