[[0.3309038281440735, 0.33239057660102844, 0.33670559525489807]]
[[0.3357148766517639, 0.33520373702049255, 0.3290814459323883]]
[[0.3370060920715332, 0.32346147298812866, 0.33953243494033813]]
[[0.33569374680519104, 0.33042216300964355, 0.3338840901851654]]
[[0.3298909366130829, 0.333572655916214, 0.3365364074707031]]
[[0.3331628143787384, 0.33171984553337097, 0.3351173400878906]]
[[0.33308136463165283, 0.3279098570346832, 0.33900877833366394]]
[[0.33832016587257385, 0.3279012441635132, 0.3337785601615906]]
[[0.33663153648376465, 0.3296525180339813, 0.33371591567993164]]
[[0.3376372754573822, 0.3279368281364441, 0.3344259262084961]]
hyposthese:
6 pieces , up to <unk> ; well trimmed
reference:
6 pieces , all muscularis , good specimens
