[[0.32131847739219666, 0.332213431596756, 0.34646812081336975]]
[[0.3393632769584656, 0.3350236415863037, 0.3256130814552307]]
[[0.3364866077899933, 0.3379436433315277, 0.3255697190761566]]
[[0.33514001965522766, 0.3306821882724762, 0.33417779207229614]]
[[0.33185818791389465, 0.33215340971946716, 0.3359884023666382]]
[[0.3316448926925659, 0.33372896909713745, 0.33462610840797424]]
[[0.330118864774704, 0.3320608139038086, 0.3378203213214874]]
[[0.3313511908054352, 0.3325175940990448, 0.3361312448978424]]
[[0.3300647735595703, 0.33325445652008057, 0.3366807699203491]]
[[0.3314465880393982, 0.3321841061115265, 0.3363693058490753]]
[[0.330790251493454, 0.33184918761253357, 0.3373606204986572]]
hyposthese:
6 pieces , up to <unk> ; <unk> <unk> <unk>
reference:
6 pieces . <unk> not colon
