[[0.3389529287815094, 0.3239659070968628, 0.3370811641216278]]
[[0.3409348428249359, 0.3258697986602783, 0.33319535851478577]]
[[0.3344773054122925, 0.3334723114967346, 0.3320504128932953]]
[[0.3378651440143585, 0.33558908104896545, 0.32654571533203125]]
[[0.3345503509044647, 0.3367164731025696, 0.3287332057952881]]
[[0.33705300092697144, 0.33376696705818176, 0.3291800320148468]]
[[0.33889657258987427, 0.3285955488681793, 0.33250781893730164]]
[[0.33949369192123413, 0.3274196982383728, 0.33308660984039307]]
[[0.335097998380661, 0.3317810595035553, 0.3331209719181061]]
[[0.33279913663864136, 0.33293917775154114, 0.3342616856098175]]
hyposthese:
6 pieces , up to <unk> ; well trimmed
reference:
7 pieces , mucosa well preserved , ~0.3mm
