[[0.33515796065330505, 0.3402710258960724, 0.32457101345062256]]
[[0.32243025302886963, 0.34571778774261475, 0.3318519592285156]]
[[0.33532682061195374, 0.33106154203414917, 0.3336116671562195]]
[[0.3355110287666321, 0.3339049220085144, 0.3305840492248535]]
[[0.3335028886795044, 0.3312588036060333, 0.3352383077144623]]
[[0.3376617133617401, 0.3281283974647522, 0.3342099189758301]]
[[0.3340463936328888, 0.33257153630256653, 0.3333820104598999]]
[[0.32969430088996887, 0.338057279586792, 0.3322484493255615]]
[[0.331137478351593, 0.33502867817878723, 0.33383384346961975]]
hyposthese:
2 pieces , minimal interstitial fat , delineated
reference:
2 aliquots , ~11x6mm . minimal fat
