[[0.3377409279346466, 0.3329688012599945, 0.3292902708053589]]
[[0.3383982479572296, 0.3251461088657379, 0.33645567297935486]]
[[0.33447086811065674, 0.3314612805843353, 0.3340679109096527]]
[[0.334476500749588, 0.3304018974304199, 0.33512163162231445]]
[[0.3413548469543457, 0.33138397336006165, 0.32726117968559265]]
[[0.33466067910194397, 0.3322068452835083, 0.3331325054168701]]
[[0.33720940351486206, 0.3285318613052368, 0.3342587649822235]]
[[0.3394909203052521, 0.3300149440765381, 0.33049413561820984]]
[[0.3345414698123932, 0.33178746700286865, 0.33367103338241577]]
hyposthese:
2 pieces , minimal fat , minimal fat
reference:
ok for <unk>
