[[0.3098500669002533, 0.33659857511520386, 0.35355135798454285]]
[[0.34105268120765686, 0.33572348952293396, 0.3232238292694092]]
[[0.33353856205940247, 0.3339395821094513, 0.33252185583114624]]
[[0.33959150314331055, 0.335405558347702, 0.3250029385089874]]
[[0.3379564583301544, 0.3396252989768982, 0.3224182724952698]]
[[0.3357996940612793, 0.3352203071117401, 0.328980028629303]]
[[0.33554819226264954, 0.3367792069911957, 0.3276725709438324]]
[[0.33630985021591187, 0.3354487717151642, 0.32824140787124634]]
[[0.3374101221561432, 0.3357095420360565, 0.3268803358078003]]
[[0.33550164103507996, 0.33490899205207825, 0.3295893967151642]]
[[0.3367501497268677, 0.33476170897483826, 0.32848814129829407]]
[[0.3374653458595276, 0.33476054668426514, 0.3277740776538849]]
[[0.3377682566642761, 0.3347797691822052, 0.3274519145488739]]
[[0.33786696195602417, 0.3348269760608673, 0.3273061215877533]]
hyposthese:
2 pieces , <unk> & <unk> ; <unk> <unk> <unk> <unk> <unk> <unk>
reference:
2 pieces ; emphysema
