[[0.32016822695732117, 0.33459043502807617, 0.34524139761924744]]
[[0.34153828024864197, 0.3298162519931793, 0.3286454379558563]]
[[0.3294409215450287, 0.33798664808273315, 0.33257240056991577]]
[[0.3331952393054962, 0.3330914080142975, 0.3337133228778839]]
[[0.3342694342136383, 0.3335878551006317, 0.33214271068573]]
[[0.33618253469467163, 0.3334943354129791, 0.33032315969467163]]
[[0.331168532371521, 0.332283079624176, 0.336548388004303]]
[[0.33499661087989807, 0.331897497177124, 0.33310583233833313]]
[[0.3347657024860382, 0.3293093144893646, 0.33592498302459717]]
[[0.33405938744544983, 0.3314858078956604, 0.334454745054245]]
hyposthese:
6 pieces , up to <unk> ; well trimmed
reference:
6 pieces ; well trimmed muscle
