[[0.34898653626441956, 0.340612530708313, 0.31040096282958984]]
[[0.32227712869644165, 0.33728158473968506, 0.3404412269592285]]
[[0.3332263231277466, 0.3333882987499237, 0.3333854377269745]]
[[0.3272666931152344, 0.33765414357185364, 0.3350791931152344]]
[[0.3195251226425171, 0.33987754583358765, 0.3405973017215729]]
[[0.330310195684433, 0.336776465177536, 0.332913339138031]]
[[0.3283931612968445, 0.33654120564460754, 0.335065633058548]]
[[0.32638120651245117, 0.3386855721473694, 0.33493325114250183]]
[[0.32359814643859863, 0.3419226408004761, 0.3344792127609253]]
[[0.3304264545440674, 0.3369181156158447, 0.3326554298400879]]
[[0.3268622159957886, 0.34075164794921875, 0.3323860764503479]]
[[0.3276248574256897, 0.33815109729766846, 0.33422404527664185]]
hyposthese:
2 pieces , no & <unk> ; 10 % internal fat
reference:
2 pieces ; 5 % internal fat
