[[0.33636823296546936, 0.323161244392395, 0.3404705226421356]]
[[0.32928550243377686, 0.33390751481056213, 0.3368069529533386]]
[[0.3342398703098297, 0.3357851207256317, 0.3299750089645386]]
[[0.33831292390823364, 0.3375192880630493, 0.32416778802871704]]
[[0.3380061388015747, 0.33016785979270935, 0.33182600140571594]]
[[0.33409664034843445, 0.32928723096847534, 0.3366161584854126]]
[[0.3373720049858093, 0.32646673917770386, 0.33616119623184204]]
[[0.33489367365837097, 0.3308766782283783, 0.33422964811325073]]
[[0.33373376727104187, 0.33111730217933655, 0.33514896035194397]]
[[0.33699432015419006, 0.3297025263309479, 0.33330318331718445]]
hyposthese:
6 pieces , up to <unk> ; well trimmed
reference:
6 pieces , all muscularis , good specimens
