[[0.3244290053844452, 0.3260916471481323, 0.3494793474674225]]
[[0.3398760259151459, 0.33268019556999207, 0.32744380831718445]]
[[0.34388095140457153, 0.32787957787513733, 0.32823947072029114]]
[[0.3383079767227173, 0.3336807191371918, 0.32801127433776855]]
[[0.33554986119270325, 0.3344566226005554, 0.3299935460090637]]
[[0.33457955718040466, 0.3333105742931366, 0.33210986852645874]]
[[0.3365906774997711, 0.3340037763118744, 0.3294055461883545]]
[[0.3350521922111511, 0.33412495255470276, 0.3308229148387909]]
[[0.33404073119163513, 0.3361295759677887, 0.3298296630382538]]
[[0.3365779519081116, 0.33298274874687195, 0.3304392993450165]]
[[0.337386816740036, 0.3339817225933075, 0.3286314606666565]]
[[0.33746057748794556, 0.3338450789451599, 0.32869431376457214]]
[[0.3369273543357849, 0.33409279584884644, 0.32897987961769104]]
[[0.3367699980735779, 0.33427661657333374, 0.3289533853530884]]
[[0.3367232382297516, 0.3343547284603119, 0.32892197370529175]]
[[0.3366936445236206, 0.33438894152641296, 0.32891732454299927]]
[[0.3366698622703552, 0.3344115912914276, 0.32891857624053955]]
[[0.3366450369358063, 0.3344329595565796, 0.32892200350761414]]
[[0.33662301301956177, 0.33445632457733154, 0.3289206922054291]]
[[0.3365984857082367, 0.334479421377182, 0.3289221227169037]]
[[0.33657631278038025, 0.3345005214214325, 0.32892316579818726]]
[[0.336556613445282, 0.33451950550079346, 0.3289238512516022]]
[[0.3365393579006195, 0.33453625440597534, 0.32892438769340515]]
[[0.3365243971347809, 0.3345508277416229, 0.3289248049259186]]
[[0.33651143312454224, 0.3345634341239929, 0.32892510294914246]]
[[0.33650025725364685, 0.3345744013786316, 0.32892534136772156]]
[[0.3364909291267395, 0.33458375930786133, 0.32892534136772156]]
[[0.3364837169647217, 0.33459141850471497, 0.32892483472824097]]
[[0.3364775478839874, 0.3345980644226074, 0.3289243280887604]]
[[0.33647218346595764, 0.3346039652824402, 0.3289238512516022]]
[[0.3364674746990204, 0.33460909128189087, 0.32892346382141113]]
[[0.3364628851413727, 0.3346138596534729, 0.3289232850074768]]
[[0.3364584743976593, 0.3346182107925415, 0.3289232850074768]]
[[0.336455374956131, 0.33462169766426086, 0.32892292737960815]]
[[0.3364526331424713, 0.3346247673034668, 0.3289225697517395]]
[[0.3364502191543579, 0.33462753891944885, 0.32892224192619324]]
[[0.3364480435848236, 0.33463001251220703, 0.32892200350761414]]
[[0.336446076631546, 0.33463218808174133, 0.32892173528671265]]
[[0.33644431829452515, 0.33463412523269653, 0.32892152667045593]]
[[0.336442768573761, 0.3346358835697174, 0.3289213478565216]]
[[0.33644136786460876, 0.33463746309280396, 0.32892119884490967]]
[[0.3364400863647461, 0.33463892340660095, 0.32892104983329773]]
[[0.336438924074173, 0.33464017510414124, 0.3289209306240082]]
[[0.3364379107952118, 0.33464133739471436, 0.32892081141471863]]
[[0.3364369869232178, 0.33464235067367554, 0.32892075181007385]]
[[0.33643609285354614, 0.33464324474334717, 0.3289206326007843]]
[[0.33643534779548645, 0.334644079208374, 0.32892054319381714]]
[[0.33643466234207153, 0.3346448540687561, 0.32892051339149475]]
[[0.336434006690979, 0.33464550971984863, 0.32892045378685]]
[[0.336433470249176, 0.3346461355686188, 0.3289204239845276]]
[[0.33643293380737305, 0.33464670181274414, 0.3289203643798828]]
