[[0.29483762383461, 0.355817586183548, 0.34934481978416443]]
[[0.3383716344833374, 0.33196139335632324, 0.32966697216033936]]
[[0.351616770029068, 0.32421401143074036, 0.32416921854019165]]
[[0.3495746850967407, 0.3222920000553131, 0.32813331484794617]]
[[0.3390437662601471, 0.3311039209365845, 0.3298523724079132]]
[[0.3323260247707367, 0.33541062474250793, 0.3322632908821106]]
[[0.3345850706100464, 0.3357216417789459, 0.3296933174133301]]
[[0.33888524770736694, 0.32817342877388, 0.33294135332107544]]
[[0.3363143503665924, 0.3328702449798584, 0.33081546425819397]]
[[0.3400759696960449, 0.3295398950576782, 0.33038410544395447]]
[[0.33878740668296814, 0.32913756370544434, 0.33207499980926514]]
[[0.3342638611793518, 0.3321170508861542, 0.3336191177368164]]
[[0.33589768409729004, 0.33119702339172363, 0.3329053223133087]]
hyposthese:
6 pieces , up to <unk> ; well preserved , <unk> <unk>
reference:
6 pieces ; mucosa and submucosa only
