[[0.3325812518596649, 0.33186885714530945, 0.33554986119270325]]
[[0.33259573578834534, 0.331781804561615, 0.3356224596500397]]
[[0.3307788670063019, 0.335397332906723, 0.3338238298892975]]
[[0.33230268955230713, 0.3339446187019348, 0.33375269174575806]]
[[0.3328153192996979, 0.33040425181388855, 0.3367804288864136]]
[[0.3326779901981354, 0.33224964141845703, 0.3350723385810852]]
[[0.33482396602630615, 0.33034685254096985, 0.3348292410373688]]
[[0.3328665792942047, 0.3329107165336609, 0.3342227041721344]]
[[0.3341275155544281, 0.33027946949005127, 0.33559295535087585]]
[[0.33321452140808105, 0.33200302720069885, 0.3347824215888977]]
[[0.3323809504508972, 0.33224910497665405, 0.33536991477012634]]
[[0.3326047360897064, 0.33187979459762573, 0.33551549911499023]]
hyposthese:
2 pieces , <unk> & <unk> ; <unk> <unk> <unk> <unk>
reference:
2 pieces , 5 % fascia/vascular elements , rep delineated
