[[0.3109656870365143, 0.34770333766937256, 0.34133097529411316]]
[[0.3354365825653076, 0.3168434500694275, 0.3477199077606201]]
[[0.33401837944984436, 0.32724857330322266, 0.33873307704925537]]
[[0.34037595987319946, 0.3301585018634796, 0.32946550846099854]]
[[0.3394719362258911, 0.32865631580352783, 0.33187177777290344]]
[[0.3388272523880005, 0.3312443494796753, 0.32992836833000183]]
[[0.3385820686817169, 0.3329155445098877, 0.328502357006073]]
[[0.3341919779777527, 0.3329855501651764, 0.33282244205474854]]
[[0.3412494659423828, 0.32941195368766785, 0.32933855056762695]]
[[0.3385542631149292, 0.3308209776878357, 0.3306247889995575]]
[[0.3373262584209442, 0.3327352702617645, 0.32993847131729126]]
[[0.33754539489746094, 0.33356794714927673, 0.32888662815093994]]
[[0.33763352036476135, 0.3338514268398285, 0.32851505279541016]]
[[0.3375844955444336, 0.3339807689189911, 0.3284347653388977]]
[[0.3376637101173401, 0.3339275121688843, 0.3284088373184204]]
[[0.3377267122268677, 0.333830326795578, 0.3284429609775543]]
[[0.3377622663974762, 0.3337538242340088, 0.328483909368515]]
[[0.3377784192562103, 0.3336971402168274, 0.3285244107246399]]
[[0.33777546882629395, 0.33367863297462463, 0.32854583859443665]]
[[0.33774784207344055, 0.33368146419525146, 0.3285706639289856]]
[[0.3377234637737274, 0.33368512988090515, 0.32859137654304504]]
[[0.33770424127578735, 0.3336850106716156, 0.32861074805259705]]
[[0.3376883864402771, 0.3336833119392395, 0.3286283016204834]]
[[0.33767446875572205, 0.3336820602416992, 0.3286435306072235]]
[[0.3376622498035431, 0.3336810767650604, 0.3286566734313965]]
[[0.33765196800231934, 0.3336808383464813, 0.32866719365119934]]
[[0.3376428484916687, 0.3336806297302246, 0.32867658138275146]]
[[0.3376346230506897, 0.3336804509162903, 0.32868486642837524]]
[[0.3376273810863495, 0.33368030190467834, 0.32869234681129456]]
[[0.33762088418006897, 0.3336801528930664, 0.328698992729187]]
[[0.33761510252952576, 0.33368000388145447, 0.32870492339134216]]
[[0.33760979771614075, 0.33367976546287537, 0.3287104666233063]]
[[0.3376048505306244, 0.33367934823036194, 0.32871580123901367]]
[[0.337600439786911, 0.3336789608001709, 0.3287205696105957]]
[[0.3375965356826782, 0.33367863297462463, 0.32872486114501953]]
[[0.3375929892063141, 0.33367830514907837, 0.32872873544692993]]
[[0.337589830160141, 0.3336780071258545, 0.3287321925163269]]
[[0.33758699893951416, 0.3336777091026306, 0.32873526215553284]]
[[0.3375844657421112, 0.3336775004863739, 0.3287380635738373]]
[[0.33758217096328735, 0.3336772620677948, 0.32874056696891785]]
[[0.3375801146030426, 0.3336770534515381, 0.3287428021430969]]
[[0.33757826685905457, 0.33367684483528137, 0.3287448585033417]]
[[0.33757659792900085, 0.33367666602134705, 0.3287467062473297]]
[[0.3375750184059143, 0.33367642760276794, 0.32874858379364014]]
[[0.33757326006889343, 0.3336758315563202, 0.3287509083747864]]
[[0.3375716805458069, 0.3336753249168396, 0.32875296473503113]]
[[0.3375702500343323, 0.3336748778820038, 0.32875487208366394]]
[[0.3375689685344696, 0.33367449045181274, 0.32875654101371765]]
[[0.33756783604621887, 0.3336741030216217, 0.3287580609321594]]
[[0.3375667631626129, 0.33367374539375305, 0.32875943183898926]]
[[0.3375658392906189, 0.3336734473705292, 0.32876068353652954]]
