[[0.30898866057395935, 0.3511430025100708, 0.33986830711364746]]
[[0.34281349182128906, 0.32359200716018677, 0.33359450101852417]]
[[0.339629203081131, 0.3262406885623932, 0.3341301381587982]]
[[0.34574538469314575, 0.32070082426071167, 0.3335537910461426]]
[[0.33735769987106323, 0.3319060504436493, 0.33073627948760986]]
[[0.3321227729320526, 0.32919275760650635, 0.3386844992637634]]
[[0.3339900076389313, 0.32924002408981323, 0.3367699980735779]]
[[0.3381580412387848, 0.32896676659584045, 0.33287525177001953]]
[[0.33596861362457275, 0.3316671848297119, 0.33236417174339294]]
[[0.3357786536216736, 0.32972753047943115, 0.33449387550354004]]
hyposthese:
6 pieces , up to <unk> ; well trimmed
reference:
6 pieces , atherosclerosis
