[[0.3367617130279541, 0.31243056058883667, 0.35080772638320923]]
[[0.3359355926513672, 0.3373349606990814, 0.32672950625419617]]
[[0.3386486768722534, 0.3334943950176239, 0.32785698771476746]]
[[0.33509552478790283, 0.33219021558761597, 0.3327142298221588]]
[[0.32991287112236023, 0.33695539832115173, 0.33313170075416565]]
[[0.33505409955978394, 0.3293752372264862, 0.33557066321372986]]
[[0.3370280861854553, 0.3314399719238281, 0.33153191208839417]]
[[0.3341047465801239, 0.3321380019187927, 0.333757221698761]]
[[0.33200404047966003, 0.3332214653491974, 0.3347744941711426]]
[[0.3334096074104309, 0.3310562074184418, 0.3355341851711273]]
[[0.3323909044265747, 0.3332025408744812, 0.3344065248966217]]
[[0.33195650577545166, 0.3331720232963562, 0.33487144112586975]]
[[0.33166030049324036, 0.33289462327957153, 0.3354451358318329]]
hyposthese:
2 pieces , <unk> & <unk> ; <unk> <unk> <unk> <unk> <unk>
reference:
2 pieces , minimal <unk>
