[[0.3316009044647217, 0.3514854609966278, 0.3169136643409729]]
[[0.339347779750824, 0.32978859543800354, 0.3308636248111725]]
[[0.33987554907798767, 0.33106857538223267, 0.3290558457374573]]
[[0.3358232080936432, 0.3265233337879181, 0.3376534879207611]]
[[0.3324774503707886, 0.32962659001350403, 0.3378959000110626]]
[[0.33566662669181824, 0.33394914865493774, 0.3303842544555664]]
[[0.3368787467479706, 0.3312439024448395, 0.3318774402141571]]
[[0.33458349108695984, 0.3315371870994568, 0.333879292011261]]
[[0.33256638050079346, 0.3320472240447998, 0.33538639545440674]]
hyposthese:
2 pieces , no interstitial fat , delineated
reference:
2 pieces ; 1 with 20 % internal fat
