[[0.3319772183895111, 0.336092084646225, 0.3319306969642639]]
[[0.33750036358833313, 0.3268798589706421, 0.3356197774410248]]
[[0.336880624294281, 0.3333737254142761, 0.32974565029144287]]
[[0.3312819004058838, 0.3351540267467499, 0.33356404304504395]]
[[0.3301117420196533, 0.3393247425556183, 0.3305635452270508]]
[[0.33041495084762573, 0.33485090732574463, 0.334734171628952]]
[[0.33002132177352905, 0.3356514871120453, 0.33432719111442566]]
[[0.33121347427368164, 0.3341115415096283, 0.3346749544143677]]
[[0.326943963766098, 0.33700287342071533, 0.3360532224178314]]
[[0.33048343658447266, 0.3348323106765747, 0.33468425273895264]]
[[0.3299148678779602, 0.3348263204097748, 0.3352587819099426]]
[[0.3289489150047302, 0.33480143547058105, 0.3362496495246887]]
[[0.3285471498966217, 0.3350275456905365, 0.3364253044128418]]
[[0.32840317487716675, 0.33515942096710205, 0.3364374339580536]]
[[0.32836589217185974, 0.33521580696105957, 0.3364182710647583]]
[[0.32835519313812256, 0.3352231979370117, 0.3364216685295105]]
[[0.3283616304397583, 0.33522093296051025, 0.33641743659973145]]
[[0.32837435603141785, 0.3352147936820984, 0.33641088008880615]]
[[0.3283880352973938, 0.33520787954330444, 0.33640411496162415]]
[[0.32839998602867126, 0.3352014124393463, 0.33639857172966003]]
[[0.3284096419811249, 0.3351958096027374, 0.3363945484161377]]
[[0.32841724157333374, 0.33519095182418823, 0.33639177680015564]]
[[0.32842063903808594, 0.3351919651031494, 0.33638742566108704]]
[[0.32842156291007996, 0.33519572019577026, 0.33638274669647217]]
[[0.32842200994491577, 0.3351987302303314, 0.3363792300224304]]
[[0.32842206954956055, 0.3352012038230896, 0.33637669682502747]]
[[0.32842183113098145, 0.33520326018333435, 0.3363749384880066]]
[[0.3284189999103546, 0.33520254492759705, 0.3363784849643707]]
[[0.32841622829437256, 0.33520185947418213, 0.3363819718360901]]
[[0.3284135162830353, 0.3352011442184448, 0.3363853394985199]]
[[0.32841095328330994, 0.3352004885673523, 0.3363885283470154]]
[[0.32840853929519653, 0.33519992232322693, 0.3363915979862213]]
[[0.3284062445163727, 0.3351993262767792, 0.33639439940452576]]
[[0.32840409874916077, 0.3351988196372986, 0.33639705181121826]]
[[0.3284021019935608, 0.33519837260246277, 0.33639949560165405]]
[[0.32840028405189514, 0.33519798517227173, 0.3364017605781555]]
[[0.32839858531951904, 0.3351975977420807, 0.33640384674072266]]
[[0.3283970355987549, 0.33519724011421204, 0.33640575408935547]]
[[0.3283956050872803, 0.33519691228866577, 0.33640751242637634]]
[[0.3283942937850952, 0.3351966440677643, 0.3364090919494629]]
[[0.3283930718898773, 0.3351963758468628, 0.3364105820655823]]
[[0.328391969203949, 0.3351961374282837, 0.3364119529724121]]
[[0.3283909261226654, 0.3351958990097046, 0.3364131450653076]]
[[0.328389972448349, 0.33519572019577026, 0.33641427755355835]]
[[0.32838913798332214, 0.33519554138183594, 0.3364153206348419]]
[[0.3283883035182953, 0.3351953625679016, 0.33641624450683594]]
[[0.32838764786720276, 0.33519524335861206, 0.3364171087741852]]
[[0.32838699221611023, 0.3351950943470001, 0.33641791343688965]]
[[0.3283863961696625, 0.33519500494003296, 0.33641862869262695]]
[[0.3283858597278595, 0.3351948857307434, 0.3364192843437195]]
[[0.3283853530883789, 0.33519476652145386, 0.33641988039016724]]
