[[0.32726526260375977, 0.34301236271858215, 0.3297223746776581]]
[[0.3349950611591339, 0.32881441712379456, 0.33619052171707153]]
[[0.332050085067749, 0.3325384855270386, 0.33541139960289]]
[[0.3316293954849243, 0.3320801854133606, 0.3362903892993927]]
[[0.33555349707603455, 0.3301633596420288, 0.33428311347961426]]
[[0.3315804898738861, 0.335097998380661, 0.33332154154777527]]
[[0.33163923025131226, 0.3338976502418518, 0.33446308970451355]]
[[0.3310500383377075, 0.3343539535999298, 0.3345959484577179]]
[[0.3316725194454193, 0.33421000838279724, 0.33411744236946106]]
[[0.33384761214256287, 0.33288463950157166, 0.3332676589488983]]
[[0.3330206871032715, 0.3333062529563904, 0.33367303013801575]]
[[0.33347082138061523, 0.33319979906082153, 0.333329439163208]]
[[0.33384644985198975, 0.33286845684051514, 0.33328506350517273]]
[[0.33426105976104736, 0.33263713121414185, 0.3331018090248108]]
[[0.3344862163066864, 0.33255818486213684, 0.33295556902885437]]
[[0.3346747159957886, 0.33242422342300415, 0.3329010605812073]]
[[0.3348063826560974, 0.3323398232460022, 0.3328537940979004]]
[[0.33489570021629333, 0.33229899406433105, 0.3328053057193756]]
[[0.33496302366256714, 0.3322876989841461, 0.33274924755096436]]
[[0.33501380681991577, 0.3322806656360626, 0.332705557346344]]
[[0.33504989743232727, 0.3322664499282837, 0.33268365263938904]]
[[0.3350712060928345, 0.3322494626045227, 0.3326793313026428]]
[[0.33508846163749695, 0.33223482966423035, 0.3326766788959503]]
[[0.33510246872901917, 0.3322221040725708, 0.3326754570007324]]
[[0.33511361479759216, 0.3322109282016754, 0.3326754868030548]]
[[0.3351227641105652, 0.3322014808654785, 0.3326757252216339]]
[[0.3351303040981293, 0.332193523645401, 0.33267611265182495]]
[[0.3351365923881531, 0.33218681812286377, 0.33267664909362793]]
[[0.33514171838760376, 0.33218106627464294, 0.3326772451400757]]
[[0.3351460099220276, 0.332176148891449, 0.3326778709888458]]
[[0.33514952659606934, 0.3321719765663147, 0.3326784372329712]]
[[0.3351525366306305, 0.3321684002876282, 0.33267906308174133]]
[[0.33515506982803345, 0.33216536045074463, 0.3326796293258667]]
[[0.335157185792923, 0.33216267824172974, 0.3326801061630249]]
[[0.33515897393226624, 0.33216044306755066, 0.3326805830001831]]
[[0.3351605236530304, 0.33215847611427307, 0.33268100023269653]]
[[0.33516180515289307, 0.33215680718421936, 0.3326813876628876]]
[[0.3351629376411438, 0.33215534687042236, 0.33268171548843384]]
[[0.3351638913154602, 0.33215412497520447, 0.3326820135116577]]
[[0.3351646959781647, 0.3321530222892761, 0.3326822817325592]]
[[0.335165411233902, 0.3321521282196045, 0.3326824903488159]]
[[0.33516600728034973, 0.33215129375457764, 0.33268269896507263]]
[[0.3351665139198303, 0.3321506083011627, 0.33268284797668457]]
[[0.33516696095466614, 0.33215001225471497, 0.3326830267906189]]
[[0.3351673483848572, 0.332149475812912, 0.33268314599990845]]
[[0.33516770601272583, 0.33214902877807617, 0.332683265209198]]
[[0.3351680338382721, 0.33214864134788513, 0.33268338441848755]]
[[0.3351682722568512, 0.33214831352233887, 0.3326834738254547]]
[[0.3351684510707855, 0.332148015499115, 0.3326835036277771]]
[[0.33516862988471985, 0.3321477770805359, 0.33268359303474426]]
[[0.3351688086986542, 0.3321475088596344, 0.33268365263938904]]
