[[0.3299497663974762, 0.33626124262809753, 0.33378899097442627]]
[[0.34705212712287903, 0.3226352632045746, 0.3303125500679016]]
[[0.3369462788105011, 0.3341667652130127, 0.3288869559764862]]
[[0.33750173449516296, 0.3264824450016022, 0.3360157907009125]]
[[0.3356004059314728, 0.3356868028640747, 0.3287127614021301]]
[[0.33888936042785645, 0.326654851436615, 0.3344557583332062]]
[[0.3332563042640686, 0.3330809772014618, 0.3336627185344696]]
[[0.3370606601238251, 0.325451523065567, 0.3374878764152527]]
[[0.3364017605781555, 0.3278966546058655, 0.3357015550136566]]
[[0.3347434401512146, 0.3299551010131836, 0.3353014886379242]]
hyposthese:
6 pieces , up to <unk> ; well trimmed
reference:
6 pieces ; full thickness sections
