[[0.38037553429603577, 0.3073135316371918, 0.31231093406677246]]
[[0.3188974857330322, 0.34421485662460327, 0.3368876576423645]]
[[0.3160093426704407, 0.3472950756549835, 0.3366955518722534]]
[[0.31944942474365234, 0.3434918224811554, 0.33705878257751465]]
[[0.32469528913497925, 0.33966541290283203, 0.33563923835754395]]
[[0.3335869610309601, 0.33339011669158936, 0.33302292227745056]]
[[0.33235490322113037, 0.33778131008148193, 0.3298637568950653]]
[[0.33156636357307434, 0.3345974087715149, 0.3338361978530884]]
[[0.33372318744659424, 0.33366724848747253, 0.3326095640659332]]
[[0.3338194787502289, 0.3344513475894928, 0.3317292332649231]]
[[0.3281375467777252, 0.3364728093147278, 0.335389643907547]]
[[0.3316575288772583, 0.3342135548591614, 0.3341289162635803]]
[[0.33406585454940796, 0.3333631455898285, 0.33257099986076355]]
[[0.33123981952667236, 0.33474788069725037, 0.3340122401714325]]
[[0.33072394132614136, 0.3352857828140259, 0.33399027585983276]]
[[0.3310621976852417, 0.3359162211418152, 0.3330215811729431]]
[[0.33117610216140747, 0.3362920880317688, 0.33253180980682373]]
[[0.3311818242073059, 0.33644193410873413, 0.3323762118816376]]
[[0.33119428157806396, 0.3365130126476288, 0.33229270577430725]]
[[0.3312075734138489, 0.33654388785362244, 0.3322485685348511]]
[[0.3312174677848816, 0.33656150102615356, 0.33222106099128723]]
[[0.3312269151210785, 0.33657246828079224, 0.33220064640045166]]
[[0.3312356472015381, 0.3365796208381653, 0.332184761762619]]
[[0.33124715089797974, 0.3365834057331085, 0.33216944336891174]]
[[0.33126145601272583, 0.3365882337093353, 0.33215034008026123]]
[[0.33127322793006897, 0.3365928828716278, 0.33213382959365845]]
[[0.33128291368484497, 0.336597204208374, 0.3321199119091034]]
[[0.3312908113002777, 0.33660104870796204, 0.33210813999176025]]
[[0.33129727840423584, 0.3366044759750366, 0.33209818601608276]]
[[0.33130261301994324, 0.33660754561424255, 0.3320898413658142]]
[[0.331307053565979, 0.33661022782325745, 0.33208274841308594]]
[[0.3313106894493103, 0.3366125524044037, 0.3320767283439636]]
[[0.33131375908851624, 0.33661457896232605, 0.33207160234451294]]
[[0.33131638169288635, 0.3366164267063141, 0.33206725120544434]]
[[0.33131852746009827, 0.33661800622940063, 0.3320634663105011]]
[[0.3313203752040863, 0.33661940693855286, 0.33206021785736084]]
[[0.33132198452949524, 0.33662065863609314, 0.3320574164390564]]
[[0.3313232958316803, 0.3366217315196991, 0.3320549726486206]]
[[0.3313245177268982, 0.3366226851940155, 0.3320528268814087]]
[[0.331325501203537, 0.33662354946136475, 0.33205094933509827]]
[[0.33132633566856384, 0.3366243243217468, 0.33204931020736694]]
[[0.3313271105289459, 0.33662500977516174, 0.3320479094982147]]
[[0.33132776618003845, 0.3366256058216095, 0.33204662799835205]]
[[0.3313283622264862, 0.3366261422634125, 0.33204546570777893]]
[[0.3313288390636444, 0.33662664890289307, 0.33204448223114014]]
[[0.3313292860984802, 0.3366270661354065, 0.3320436179637909]]
[[0.33132970333099365, 0.3366274833679199, 0.3320428133010864]]
[[0.3313300311565399, 0.3366278409957886, 0.3320420980453491]]
[[0.3313303589820862, 0.33662816882133484, 0.33204150199890137]]
[[0.33133062720298767, 0.33662843704223633, 0.332040935754776]]
[[0.3313308656215668, 0.3366287052631378, 0.3320404291152954]]
