[[0.3315679132938385, 0.3251515328884125, 0.3432806134223938]]
[[0.33090901374816895, 0.3376818597316742, 0.3314090967178345]]
[[0.3353869616985321, 0.3361425995826721, 0.32847049832344055]]
[[0.33004048466682434, 0.3359348773956299, 0.3340246379375458]]
[[0.33221185207366943, 0.3357352912425995, 0.33205288648605347]]
[[0.3304227292537689, 0.3350033164024353, 0.334573894739151]]
[[0.33323994278907776, 0.3355448544025421, 0.33121517300605774]]
[[0.33029603958129883, 0.334342360496521, 0.3353615999221802]]
[[0.333081990480423, 0.3311624526977539, 0.3357555866241455]]
[[0.33151334524154663, 0.3321286141872406, 0.33635804057121277]]
[[0.3314635157585144, 0.33422374725341797, 0.33431270718574524]]
[[0.332008957862854, 0.3326382637023926, 0.3353527784347534]]
[[0.33129239082336426, 0.33475276827812195, 0.3339548408985138]]
[[0.3311382532119751, 0.33456286787986755, 0.33429887890815735]]
[[0.33164629340171814, 0.33407270908355713, 0.33428099751472473]]
[[0.3317194879055023, 0.33413657546043396, 0.3341439664363861]]
[[0.33187809586524963, 0.33399465680122375, 0.3341272473335266]]
[[0.33181753754615784, 0.33390289545059204, 0.33427950739860535]]
[[0.33176389336586, 0.33383801579475403, 0.3343981206417084]]
[[0.3317231833934784, 0.3338024914264679, 0.3344742953777313]]
[[0.3316940665245056, 0.333783358335495, 0.334522545337677]]
[[0.33167529106140137, 0.33377131819725037, 0.33455345034599304]]
[[0.3316636085510254, 0.3337618112564087, 0.33457455039024353]]
[[0.33165645599365234, 0.33375322818756104, 0.334590345621109]]
[[0.3316512703895569, 0.3337439298629761, 0.33460476994514465]]
[[0.3316482603549957, 0.33373478055000305, 0.33461692929267883]]
[[0.33164677023887634, 0.33372581005096436, 0.3346274197101593]]
[[0.33164626359939575, 0.3337171673774719, 0.3346365988254547]]
[[0.3316464126110077, 0.33370885252952576, 0.33464470505714417]]
[[0.33164703845977783, 0.333700954914093, 0.33465203642845154]]
[[0.33164796233177185, 0.3336934745311737, 0.33465856313705444]]
[[0.3316490352153778, 0.3336864709854126, 0.3346644639968872]]
[[0.3316501975059509, 0.33368003368377686, 0.33466973900794983]]
[[0.3316514194011688, 0.3336741030216217, 0.33467450737953186]]
[[0.33165261149406433, 0.33366858959198, 0.3346787989139557]]
[[0.3316536247730255, 0.3336639404296875, 0.334682434797287]]
[[0.33165445923805237, 0.33365994691848755, 0.3346855640411377]]
[[0.33165526390075684, 0.33365628123283386, 0.3346884548664093]]
[[0.3316560685634613, 0.33365291357040405, 0.33469104766845703]]
[[0.3316568434238434, 0.33364981412887573, 0.33469337224960327]]
[[0.33165690302848816, 0.3336462676525116, 0.33469682931900024]]
[[0.33165690302848816, 0.33364295959472656, 0.33470016717910767]]
[[0.33165693283081055, 0.33363988995552063, 0.3347031772136688]]
[[0.33165696263313293, 0.3336370885372162, 0.3347058892250061]]
[[0.3316570520401001, 0.33363455533981323, 0.33470845222473145]]
[[0.3316570818424225, 0.33363214135169983, 0.3347107172012329]]
[[0.33165717124938965, 0.3336299657821655, 0.33471283316612244]]
[[0.3316572606563568, 0.33362796902656555, 0.3347148001194]]
[[0.3316573202610016, 0.3336260914802551, 0.3347165286540985]]
[[0.33165743947029114, 0.3336244523525238, 0.33471816778182983]]
[[0.3316575288772583, 0.33362284302711487, 0.3347196578979492]]
