[[0.3310537040233612, 0.3324793875217438, 0.336466908454895]]
[[0.3323479890823364, 0.32358118891716003, 0.34407082200050354]]
[[0.3397003412246704, 0.3247033655643463, 0.3355962932109833]]
[[0.3381241261959076, 0.3253864347934723, 0.3364894986152649]]
[[0.3396373987197876, 0.32681339979171753, 0.3335491716861725]]
[[0.33613741397857666, 0.3310794234275818, 0.33278316259384155]]
[[0.3362948000431061, 0.32708740234375, 0.3366177976131439]]
[[0.3341318964958191, 0.3304964601993561, 0.33537161350250244]]
[[0.3350658714771271, 0.3297274112701416, 0.33520668745040894]]
[[0.3336767554283142, 0.32962164282798767, 0.3367016315460205]]
[[0.33463919162750244, 0.3288756012916565, 0.3364851772785187]]
[[0.3297564387321472, 0.33170437812805176, 0.33853912353515625]]
[[0.3337849974632263, 0.3296282887458801, 0.33658671379089355]]
hyposthese:
6 pieces , up to <unk> ; squamous epithelium is <unk> microns
reference:
6 pieces ; 10 % dermal fat
