[[0.3173803687095642, 0.3307066857814789, 0.3519129753112793]]
[[0.3351956009864807, 0.3313177227973938, 0.3334866762161255]]
[[0.34390053153038025, 0.33210477232933044, 0.3239946663379669]]
[[0.3411628007888794, 0.3317593038082123, 0.3270778954029083]]
[[0.33564600348472595, 0.3318449854850769, 0.33250901103019714]]
[[0.338008314371109, 0.3320332467556, 0.32995840907096863]]
[[0.3344741761684418, 0.33351701498031616, 0.33200880885124207]]
[[0.33748552203178406, 0.3336597979068756, 0.32885462045669556]]
[[0.33693069219589233, 0.33163174986839294, 0.33143752813339233]]
[[0.33681556582450867, 0.3323363959789276, 0.33084797859191895]]
[[0.3383009135723114, 0.33120137453079224, 0.33049771189689636]]
[[0.3390880227088928, 0.33057039976119995, 0.33034154772758484]]
[[0.3395516276359558, 0.33005985617637634, 0.33038851618766785]]
hyposthese:
2 pieces , <unk> & <unk> ; <unk> <unk> <unk> <unk> <unk>
reference:
2 pieces 9x6 & 7x7 mm ; hyperplastic
