[[0.3379046320915222, 0.31984853744506836, 0.3422468304634094]]
[[0.34098297357559204, 0.3320458233356476, 0.326971173286438]]
[[0.3392331898212433, 0.3275325894355774, 0.33323419094085693]]
[[0.34169062972068787, 0.3317854404449463, 0.32652395963668823]]
[[0.3435019254684448, 0.33021217584609985, 0.3262858986854553]]
[[0.3389934301376343, 0.3313977122306824, 0.3296087980270386]]
[[0.33900365233421326, 0.3305278718471527, 0.3304685056209564]]
[[0.3358653783798218, 0.33333709836006165, 0.3307974636554718]]
[[0.33734461665153503, 0.33321481943130493, 0.3294405937194824]]
[[0.33877208828926086, 0.3315221667289734, 0.32970571517944336]]
[[0.3356548547744751, 0.33417102694511414, 0.33017414808273315]]
[[0.33224958181381226, 0.3359324634075165, 0.33181795477867126]]
[[0.3344055414199829, 0.3346537947654724, 0.3309406340122223]]
hyposthese:
6 pieces , up to <unk> ; squamous epithelium is <unk> microns
reference:
6 pieces , well trimmed
