[[0.30185800790786743, 0.3468058407306671, 0.35133615136146545]]
[[0.35018637776374817, 0.320839524269104, 0.3289741277694702]]
[[0.34275951981544495, 0.32556354999542236, 0.3316769599914551]]
[[0.3459150791168213, 0.31836211681365967, 0.33572277426719666]]
[[0.34356987476348877, 0.32155120372772217, 0.33487895131111145]]
[[0.34107157588005066, 0.32753515243530273, 0.33139321208000183]]
[[0.34325453639030457, 0.3272286653518677, 0.32951679825782776]]
[[0.337350994348526, 0.3278939425945282, 0.3347550928592682]]
[[0.3421434164047241, 0.32415270805358887, 0.33370381593704224]]
[[0.3408629894256592, 0.32652440667152405, 0.3326125741004944]]
[[0.34164613485336304, 0.3243469297885895, 0.3340069651603699]]
[[0.34173697233200073, 0.32406893372535706, 0.3341940641403198]]
[[0.3418237864971161, 0.3240465521812439, 0.3341296911239624]]
[[0.3415535092353821, 0.32432740926742554, 0.33411911129951477]]
[[0.3413297235965729, 0.32463058829307556, 0.33403968811035156]]
[[0.34116455912590027, 0.3248650133609772, 0.33397042751312256]]
[[0.3410506546497345, 0.32504817843437195, 0.33390113711357117]]
[[0.34097641706466675, 0.32519659399986267, 0.3338268995285034]]
[[0.3409217298030853, 0.3253147304058075, 0.33376356959342957]]
[[0.34088167548179626, 0.32540807127952576, 0.33371028304100037]]
[[0.3408523499965668, 0.3254822790622711, 0.3336654305458069]]
[[0.3408305048942566, 0.32554197311401367, 0.33362749218940735]]
[[0.34081465005874634, 0.3255901336669922, 0.3335952162742615]]
[[0.3408028185367584, 0.3256292939186096, 0.33356785774230957]]
[[0.340793639421463, 0.3256615102291107, 0.33354485034942627]]
[[0.340787798166275, 0.3256853520870209, 0.3335268795490265]]
[[0.3407837450504303, 0.32570409774780273, 0.33351218700408936]]
[[0.3407805562019348, 0.32571959495544434, 0.3334997892379761]]
[[0.340778112411499, 0.325732558965683, 0.3334892988204956]]
[[0.3407761752605438, 0.3257434666156769, 0.3334803581237793]]
[[0.34077462553977966, 0.3257525861263275, 0.33347272872924805]]
[[0.34077343344688416, 0.3257603645324707, 0.33346617221832275]]
[[0.34077244997024536, 0.32576701045036316, 0.3334605395793915]]
[[0.3407716453075409, 0.32577264308929443, 0.3334556818008423]]
[[0.34077101945877075, 0.32577750086784363, 0.33345144987106323]]
[[0.3407704830169678, 0.3257817029953003, 0.33344775438308716]]
[[0.34077006578445435, 0.325785368680954, 0.3334445655345917]]
[[0.3407696783542633, 0.3257885277271271, 0.33344176411628723]]
[[0.3407694101333618, 0.32579126954078674, 0.33343929052352905]]
[[0.3407691419124603, 0.32579371333122253, 0.33343711495399475]]
[[0.340768963098526, 0.32579582929611206, 0.33343520760536194]]
[[0.3407687544822693, 0.3257977068424225, 0.33343347907066345]]
[[0.34076863527297974, 0.3257993459701538, 0.33343201875686646]]
[[0.3407685160636902, 0.3258008360862732, 0.333430677652359]]
[[0.34076836705207825, 0.32580211758613586, 0.3334294855594635]]
[[0.34076833724975586, 0.325803279876709, 0.33342841267585754]]
[[0.3407682478427887, 0.32580429315567017, 0.33342745900154114]]
[[0.34076815843582153, 0.3258052170276642, 0.3334266245365143]]
[[0.34076809883117676, 0.32580599188804626, 0.3334258794784546]]
[[0.340768039226532, 0.32580673694610596, 0.3334251940250397]]
[[0.3407679796218872, 0.3258073925971985, 0.3334245979785919]]
