[[0.32051751017570496, 0.3291202783584595, 0.35036221146583557]]
[[0.3373737931251526, 0.33462244272232056, 0.3280037045478821]]
[[0.329592227935791, 0.3417019546031952, 0.3287057876586914]]
[[0.3355344831943512, 0.340070903301239, 0.3243945837020874]]
[[0.33652693033218384, 0.3325217068195343, 0.33095136284828186]]
[[0.33184272050857544, 0.3342321515083313, 0.33392512798309326]]
[[0.33360907435417175, 0.3322674632072449, 0.334123432636261]]
[[0.33254435658454895, 0.3357648551464081, 0.3316907584667206]]
[[0.33264005184173584, 0.33423900604248047, 0.3331209421157837]]
[[0.33187171816825867, 0.3346565365791321, 0.33347171545028687]]
[[0.33182254433631897, 0.3361375629901886, 0.33203986287117004]]
hyposthese:
2 pieces , <unk> & <unk> ; <unk> <unk> <unk>
reference:
2 pieces ; congestion , mild steatosis
