[[0.32259008288383484, 0.3430773913860321, 0.33433252573013306]]
[[0.3318682909011841, 0.33228105306625366, 0.33585068583488464]]
[[0.3315108120441437, 0.3351830244064331, 0.333306223154068]]
[[0.3315799832344055, 0.3328676223754883, 0.3355523645877838]]
[[0.33561697602272034, 0.32965174317359924, 0.3347312808036804]]
[[0.3320780098438263, 0.33444198966026306, 0.33347997069358826]]
[[0.3329290449619293, 0.3311723470687866, 0.3358985483646393]]
[[0.3317154049873352, 0.33498460054397583, 0.33330002427101135]]
[[0.3329293429851532, 0.333951473236084, 0.3331191837787628]]
[[0.331551194190979, 0.33509331941604614, 0.33335551619529724]]
[[0.3317403197288513, 0.33482420444488525, 0.33343544602394104]]
[[0.33180493116378784, 0.33494067192077637, 0.3332543671131134]]
[[0.3319445848464966, 0.3350173830986023, 0.3330380320549011]]
[[0.3319789171218872, 0.33499905467033386, 0.33302199840545654]]
[[0.33199140429496765, 0.3349682092666626, 0.33304038643836975]]
[[0.33195069432258606, 0.3349679112434387, 0.3330814242362976]]
[[0.3319142758846283, 0.33496347069740295, 0.3331223130226135]]
[[0.3318854868412018, 0.3349558413028717, 0.3331587016582489]]
[[0.33186450600624084, 0.33494651317596436, 0.3331889510154724]]
[[0.33184710144996643, 0.33494290709495544, 0.3332100212574005]]
[[0.3318360149860382, 0.3349420428276062, 0.3332219421863556]]
[[0.3318321704864502, 0.33494141697883606, 0.33322638273239136]]
[[0.3318287134170532, 0.334940642118454, 0.3332306146621704]]
[[0.3318253755569458, 0.33494025468826294, 0.33323433995246887]]
[[0.3318222165107727, 0.3349400758743286, 0.3332376480102539]]
[[0.33181995153427124, 0.33493977785110474, 0.3332403302192688]]
[[0.33182045817375183, 0.3349381983280182, 0.33324134349823]]
[[0.3318210244178772, 0.3349367678165436, 0.3332422375679016]]
[[0.331821471452713, 0.3349355161190033, 0.3332430422306061]]
[[0.3318217992782593, 0.33493444323539734, 0.333243727684021]]
[[0.33182209730148315, 0.3349335491657257, 0.33324435353279114]]
[[0.33182233572006226, 0.33493271470069885, 0.3332449793815613]]
[[0.3318224847316742, 0.33493196964263916, 0.33324551582336426]]
[[0.33182260394096375, 0.3349313735961914, 0.33324605226516724]]
[[0.3318226635456085, 0.33493077754974365, 0.3332465589046478]]
[[0.3318227231502533, 0.33493030071258545, 0.33324700593948364]]
[[0.3318227529525757, 0.33492985367774963, 0.33324742317199707]]
[[0.3318227231502533, 0.3349294662475586, 0.3332478106021881]]
[[0.3318226933479309, 0.33492910861968994, 0.3332481384277344]]
[[0.3318226933479309, 0.33492884039878845, 0.33324846625328064]]
[[0.3318226635456085, 0.33492857217788696, 0.3332487642765045]]
[[0.33182260394096375, 0.33492833375930786, 0.3332490622997284]]
[[0.33182254433631897, 0.33492812514305115, 0.3332493007183075]]
[[0.3318225145339966, 0.3349279463291168, 0.3332495391368866]]
[[0.3318224549293518, 0.3349277973175049, 0.3332497477531433]]
[[0.3318224251270294, 0.33492764830589294, 0.33324992656707764]]
[[0.33182236552238464, 0.3349275290966034, 0.33325010538101196]]
[[0.33182233572006226, 0.33492740988731384, 0.3332502543926239]]
[[0.33182230591773987, 0.3349272906780243, 0.33325037360191345]]
[[0.3318222761154175, 0.3349272608757019, 0.3332505226135254]]
[[0.3318222165107727, 0.33492714166641235, 0.33325061202049255]]
