[[0.3206793963909149, 0.34823495149612427, 0.3310856223106384]]
[[0.33274057507514954, 0.3318559229373932, 0.3354034721851349]]
[[0.33433493971824646, 0.3306652307510376, 0.33499979972839355]]
[[0.3337876796722412, 0.33081430196762085, 0.33539801836013794]]
[[0.3325672745704651, 0.33161821961402893, 0.3358144760131836]]
[[0.33180028200149536, 0.3346966803073883, 0.33350303769111633]]
[[0.33394333720207214, 0.33168381452560425, 0.334372878074646]]
[[0.331898033618927, 0.3341420590877533, 0.3339599072933197]]
[[0.32803165912628174, 0.336906760931015, 0.33506157994270325]]
[[0.3293704688549042, 0.3348327875137329, 0.3357967138290405]]
[[0.33085349202156067, 0.3333832323551178, 0.3357633054256439]]
[[0.32668614387512207, 0.3371008634567261, 0.33621296286582947]]
[[0.3307378888130188, 0.33496198058128357, 0.33430016040802]]
[[0.3309607207775116, 0.33415642380714417, 0.33488285541534424]]
[[0.3308604657649994, 0.3338451087474823, 0.3352944254875183]]
[[0.3308108448982239, 0.33368080854415894, 0.3355083167552948]]
[[0.3310939371585846, 0.33350443840026855, 0.3354016840457916]]
[[0.33123040199279785, 0.33338817954063416, 0.335381418466568]]
[[0.3312605023384094, 0.3333396911621094, 0.3353998363018036]]
[[0.3312634527683258, 0.33331242203712463, 0.33542412519454956]]
[[0.3312726616859436, 0.33329856395721436, 0.3354288339614868]]
[[0.33128756284713745, 0.33329522609710693, 0.3354171812534332]]
[[0.3312973976135254, 0.3332931399345398, 0.3354094326496124]]
[[0.3313037157058716, 0.3332911729812622, 0.3354050815105438]]
[[0.3313077986240387, 0.3332887887954712, 0.3354033827781677]]
[[0.3313109278678894, 0.33328649401664734, 0.33540257811546326]]
[[0.3313133716583252, 0.3332841992378235, 0.33540236949920654]]
[[0.33131539821624756, 0.333281934261322, 0.3354026675224304]]
[[0.3313179910182953, 0.33327919244766235, 0.33540281653404236]]
[[0.33132046461105347, 0.3332764208316803, 0.33540308475494385]]
[[0.3313227593898773, 0.3332737982273102, 0.3354035019874573]]
[[0.3313247561454773, 0.33327123522758484, 0.33540400862693787]]
[[0.33132660388946533, 0.33326882123947144, 0.33540457487106323]]
[[0.33132830262184143, 0.33326655626296997, 0.3354051411151886]]
[[0.3313298225402832, 0.33326444029808044, 0.33540570735931396]]
[[0.3313312232494354, 0.33326250314712524, 0.33540624380111694]]
[[0.33133214712142944, 0.3332608938217163, 0.33540692925453186]]
[[0.3313326835632324, 0.33325985074043274, 0.33540746569633484]]
[[0.3313329517841339, 0.3332592844963074, 0.3354077935218811]]
[[0.3313332200050354, 0.3332586884498596, 0.3354080617427826]]
[[0.3313334584236145, 0.33325815200805664, 0.3354083299636841]]
[[0.33133333921432495, 0.33325788378715515, 0.3354087471961975]]
[[0.3313322961330414, 0.3332580626010895, 0.33540961146354675]]
[[0.331331342458725, 0.3332582414150238, 0.33541038632392883]]
[[0.3313305079936981, 0.33325839042663574, 0.3354111313819885]]
[[0.33132967352867126, 0.3332585096359253, 0.33541175723075867]]
[[0.33132895827293396, 0.33325865864753723, 0.3354123830795288]]
[[0.33132827281951904, 0.3332587778568268, 0.3354129195213318]]
[[0.3313276767730713, 0.3332589268684387, 0.3354134261608124]]
[[0.33132708072662354, 0.33325904607772827, 0.3354138731956482]]
[[0.33132654428482056, 0.33325913548469543, 0.335414320230484]]
