[[0.32162103056907654, 0.35681185126304626, 0.3215670883655548]]
[[0.33563798666000366, 0.3289254903793335, 0.33543649315834045]]
[[0.33274444937705994, 0.3305462598800659, 0.33670932054519653]]
[[0.34048300981521606, 0.3196633756160736, 0.33985358476638794]]
[[0.3308209180831909, 0.32260674238204956, 0.34657230973243713]]
[[0.33241844177246094, 0.33082377910614014, 0.3367578387260437]]
[[0.3329067826271057, 0.3347935974597931, 0.3322995901107788]]
[[0.3340575098991394, 0.32745808362960815, 0.33848440647125244]]
[[0.33439040184020996, 0.3247050940990448, 0.3409045338630676]]
[[0.33565741777420044, 0.3291812837123871, 0.33516132831573486]]
[[0.3358876407146454, 0.32892894744873047, 0.33518338203430176]]
[[0.335555762052536, 0.3281387686729431, 0.33630549907684326]]
[[0.33238664269447327, 0.33188843727111816, 0.33572497963905334]]
hyposthese:
6 pieces , minimal dermal fat , squamous epithelium is <unk> microns
reference:
6 pieces ; well trimmed
