[[0.33574870228767395, 0.3446217179298401, 0.31962960958480835]]
[[0.33458957076072693, 0.3332346975803375, 0.33217576146125793]]
[[0.32890549302101135, 0.3333536386489868, 0.33774083852767944]]
[[0.3336493968963623, 0.3262541592121124, 0.34009647369384766]]
[[0.3296161890029907, 0.33327430486679077, 0.3371095061302185]]
[[0.3330034911632538, 0.3339446187019348, 0.3330518901348114]]
[[0.32746055722236633, 0.33658909797668457, 0.3359503746032715]]
[[0.33619531989097595, 0.33400958776474, 0.32979506254196167]]
[[0.33412057161331177, 0.33420291543006897, 0.33167651295661926]]
[[0.33503806591033936, 0.3312641382217407, 0.3336977958679199]]
hyposthese:
6 pieces , up to <unk> ; well trimmed
reference:
6 pieces , confirmed target muscularis
