[[0.3214154839515686, 0.32836803793907166, 0.35021644830703735]]
[[0.3407568335533142, 0.32863402366638184, 0.33060914278030396]]
[[0.32187119126319885, 0.3398837149143219, 0.33824506402015686]]
[[0.3360927104949951, 0.3354225158691406, 0.32848477363586426]]
[[0.3396281599998474, 0.3316848576068878, 0.32868698239326477]]
[[0.343786358833313, 0.3283880650997162, 0.32782554626464844]]
[[0.33982354402542114, 0.3294750154018402, 0.33070141077041626]]
[[0.3374306261539459, 0.33168891072273254, 0.33088043332099915]]
[[0.33999982476234436, 0.3322944641113281, 0.3277057409286499]]
[[0.33654382824897766, 0.3333662748336792, 0.3300899565219879]]
hyposthese:
6 pieces , up to <unk> ; well trimmed
reference:
6 pieces ; target muscularis
