[[0.32877281308174133, 0.33522331714630127, 0.3360038995742798]]
[[0.32660672068595886, 0.33292144536972046, 0.3404718041419983]]
[[0.33030378818511963, 0.3323257863521576, 0.3373703956604004]]
[[0.33418864011764526, 0.33745530247688293, 0.3283560574054718]]
[[0.34195461869239807, 0.3270759880542755, 0.3309694230556488]]
[[0.335232675075531, 0.33423781394958496, 0.33052948117256165]]
[[0.3333081603050232, 0.3354285657405853, 0.33126330375671387]]
[[0.3367455005645752, 0.33451539278030396, 0.32873913645744324]]
[[0.33742114901542664, 0.3333205580711365, 0.3292583227157593]]
[[0.3345338702201843, 0.335270494222641, 0.3301956355571747]]
[[0.33579567074775696, 0.3346541225910187, 0.329550176858902]]
[[0.33222025632858276, 0.338407039642334, 0.32937267422676086]]
[[0.33418598771095276, 0.33643296360969543, 0.3293810486793518]]
hyposthese:
6 pieces , minimal dermal fat , squamous epithelium is <unk> microns
reference:
6 pieces
