[[0.3271612823009491, 0.34278973937034607, 0.3300490379333496]]
[[0.3257335126399994, 0.33306097984313965, 0.3412054479122162]]
[[0.3387328088283539, 0.33087849617004395, 0.3303886651992798]]
[[0.3333112299442291, 0.33189478516578674, 0.33479395508766174]]
[[0.3319969177246094, 0.33353087306022644, 0.3344722092151642]]
[[0.3355966806411743, 0.33374884724617004, 0.330654501914978]]
[[0.3365527093410492, 0.3307253122329712, 0.3327219486236572]]
[[0.33650216460227966, 0.3304559290409088, 0.3330419361591339]]
[[0.33442771434783936, 0.33180171251296997, 0.3337705731391907]]
[[0.33489102125167847, 0.3326450288295746, 0.3324640095233917]]
[[0.3325652480125427, 0.33180665969848633, 0.33562812209129333]]
[[0.33227208256721497, 0.3311367332935333, 0.3365912139415741]]
[[0.3320740759372711, 0.33102285861968994, 0.33690303564071655]]
[[0.3322646915912628, 0.33115559816360474, 0.3365797698497772]]
[[0.33237582445144653, 0.3313386142253876, 0.3362855613231659]]
[[0.3323507010936737, 0.3314840793609619, 0.336165189743042]]
[[0.3322535455226898, 0.3316439390182495, 0.33610254526138306]]
[[0.33213454484939575, 0.3317696452140808, 0.3360958397388458]]
[[0.3320424258708954, 0.33186009526252747, 0.33609744906425476]]
[[0.33198171854019165, 0.33192193508148193, 0.33609631657600403]]
hyposthese:
2 pieces , no & <unk> ; <unk> <unk> <unk> <unk> <unk> <unk> <unk> <unk> <unk> <unk> <unk> <unk>
reference:
2 pieces up to ~11x6mm
