[[0.3286398649215698, 0.3173865079879761, 0.3539736270904541]]
[[0.32903894782066345, 0.3354222774505615, 0.3355388045310974]]
[[0.33489710092544556, 0.3332090377807617, 0.3318938612937927]]
[[0.3365745544433594, 0.3412565588951111, 0.32216891646385193]]
[[0.3361576497554779, 0.3375597894191742, 0.3262825012207031]]
[[0.33022642135620117, 0.3359040915966034, 0.33386948704719543]]
[[0.3314189910888672, 0.3368380665779114, 0.33174294233322144]]
[[0.33105891942977905, 0.3361959457397461, 0.33274510502815247]]
[[0.3311462700366974, 0.33837664127349854, 0.3304770886898041]]
[[0.33009061217308044, 0.3354659378528595, 0.33444347977638245]]
[[0.33011528849601746, 0.3357882499694824, 0.33409643173217773]]
hyposthese:
2 pieces , <unk> & <unk> ; <unk> <unk> <unk>
reference:
2 pieces , no abnormalities
