[[0.3547857999801636, 0.30116283893585205, 0.3440512716770172]]
[[0.3278765380382538, 0.33591848611831665, 0.33620497584342957]]
[[0.3331109285354614, 0.33446893095970154, 0.33242014050483704]]
[[0.3310788571834564, 0.3375774919986725, 0.3313436508178711]]
[[0.3377469480037689, 0.3291807770729065, 0.3330722451210022]]
[[0.3342565596103668, 0.33160775899887085, 0.33413565158843994]]
[[0.334886759519577, 0.33214718103408813, 0.33296605944633484]]
[[0.33505260944366455, 0.332399845123291, 0.33254748582839966]]
[[0.3350476920604706, 0.33245325088500977, 0.33249908685684204]]
[[0.3351144790649414, 0.33243897557258606, 0.33244654536247253]]
[[0.33518603444099426, 0.33240044116973877, 0.3324134647846222]]
[[0.3353154957294464, 0.3323175609111786, 0.3323669731616974]]
[[0.3354041576385498, 0.3322562575340271, 0.3323395550251007]]
[[0.3354666531085968, 0.33220982551574707, 0.33232349157333374]]
[[0.3355070948600769, 0.3321777880191803, 0.3323151469230652]]
[[0.33553406596183777, 0.3321504592895508, 0.33231547474861145]]
[[0.3355516791343689, 0.3321267366409302, 0.3323215842247009]]
[[0.3355630338191986, 0.33210569620132446, 0.33233126997947693]]
[[0.3355795741081238, 0.33208614587783813, 0.3323342800140381]]
[[0.33559152483940125, 0.332069993019104, 0.33233845233917236]]
[[0.33560189604759216, 0.3320554792881012, 0.33234262466430664]]
[[0.3356130123138428, 0.33204424381256104, 0.3323427140712738]]
[[0.33562296628952026, 0.3320341110229492, 0.33234289288520813]]
[[0.3356319069862366, 0.33202487230300903, 0.3323432207107544]]
[[0.33563995361328125, 0.3320165276527405, 0.33234351873397827]]
[[0.33564722537994385, 0.3320089280605316, 0.33234381675720215]]
[[0.33565351366996765, 0.3320019543170929, 0.33234450221061707]]
[[0.33565738797187805, 0.33199381828308105, 0.3323487937450409]]
[[0.3356609046459198, 0.33198660612106323, 0.33235251903533936]]
[[0.3356640934944153, 0.3319801390171051, 0.3323557674884796]]
[[0.3356669545173645, 0.33197441697120667, 0.33235859870910645]]
[[0.33566954731941223, 0.33196935057640076, 0.332361102104187]]
[[0.33567187190055847, 0.3319648504257202, 0.3323632776737213]]
[[0.3356739580631256, 0.33196085691452026, 0.3323651850223541]]
[[0.3356758654117584, 0.33195731043815613, 0.33236685395240784]]
[[0.33567750453948975, 0.3319541811943054, 0.33236831426620483]]
[[0.3356790244579315, 0.331951379776001, 0.3323695957660675]]
[[0.33568036556243896, 0.3319489359855652, 0.33237069845199585]]
[[0.33568158745765686, 0.3319467604160309, 0.33237171173095703]]
[[0.33568263053894043, 0.3319447934627533, 0.3323725163936615]]
[[0.33568358421325684, 0.3319430947303772, 0.3323732912540436]]
[[0.3356844484806061, 0.3319415748119354, 0.3323739469051361]]
[[0.33568525314331055, 0.331940233707428, 0.33237454295158386]]
[[0.33568593859672546, 0.33193904161453247, 0.33237504959106445]]
[[0.3356865346431732, 0.3319379687309265, 0.33237549662590027]]
[[0.3356870710849762, 0.3319370150566101, 0.3323758840560913]]
[[0.3356875777244568, 0.33193618059158325, 0.33237627148628235]]
[[0.335688054561615, 0.33193540573120117, 0.3323765695095062]]
[[0.33568841218948364, 0.33193469047546387, 0.3323768377304077]]
[[0.3356887996196747, 0.3319341242313385, 0.3323771059513092]]
[[0.33568912744522095, 0.33193355798721313, 0.3323773145675659]]
