[[0.3282562792301178, 0.3263125717639923, 0.3454311788082123]]
[[0.3326607942581177, 0.3350127935409546, 0.33232638239860535]]
[[0.34331652522087097, 0.3309968113899231, 0.3256867229938507]]
[[0.33991703391075134, 0.3319982588291168, 0.32808467745780945]]
[[0.32925134897232056, 0.3359262943267822, 0.3348223567008972]]
[[0.33492425084114075, 0.33462613821029663, 0.3304496705532074]]
[[0.3326994478702545, 0.3370365798473358, 0.3302639424800873]]
[[0.33484238386154175, 0.3295969069004059, 0.33556067943573]]
[[0.3312654495239258, 0.3348870277404785, 0.3338475525379181]]
[[0.3329092860221863, 0.3342369496822357, 0.3328537046909332]]
hyposthese:
6 pieces , up to <unk> ; well trimmed
reference:
6 pieces up to <unk>
