[[0.3265123963356018, 0.3263598382472992, 0.347127765417099]]
[[0.3357425332069397, 0.33492526412010193, 0.32933223247528076]]
[[0.3306848704814911, 0.33686763048171997, 0.33244743943214417]]
[[0.32724812626838684, 0.3412275016307831, 0.33152440190315247]]
[[0.3254311680793762, 0.34041261672973633, 0.33415621519088745]]
[[0.33106663823127747, 0.3344419598579407, 0.33449143171310425]]
[[0.32965537905693054, 0.3337138593196869, 0.3366307318210602]]
[[0.3271617889404297, 0.3363632559776306, 0.3364749848842621]]
[[0.3292006254196167, 0.3369084894657135, 0.3338908851146698]]
[[0.32907864451408386, 0.3339422941207886, 0.33697906136512756]]
[[0.3307373821735382, 0.3329479396343231, 0.33631467819213867]]
[[0.3298421800136566, 0.33532285690307617, 0.3348349630832672]]
[[0.32879626750946045, 0.3347358703613281, 0.3364678621292114]]
hyposthese:
6 pieces , up to <unk> ; squamous epithelium is <unk> microns
reference:
6 pieces ; well trimmed ; < 5 % dermal fat
