[[0.3444460928440094, 0.31670597195625305, 0.33884793519973755]]
[[0.32283398509025574, 0.343010812997818, 0.33415520191192627]]
[[0.32618358731269836, 0.3397577106952667, 0.3340587317943573]]
[[0.32504814863204956, 0.3419876992702484, 0.332964152097702]]
[[0.32776889204978943, 0.3360600769519806, 0.33617103099823]]
[[0.32738369703292847, 0.335001677274704, 0.33761465549468994]]
[[0.32569214701652527, 0.33772268891334534, 0.3365851938724518]]
[[0.32547637820243835, 0.33883222937583923, 0.3356913924217224]]
[[0.3254024386405945, 0.339240700006485, 0.33535680174827576]]
[[0.3254271447658539, 0.33931323885917664, 0.3352595567703247]]
[[0.32547733187675476, 0.33930379152297974, 0.3352188766002655]]
[[0.3255331218242645, 0.3392754793167114, 0.33519139885902405]]
[[0.3255827724933624, 0.3392455279827118, 0.33517175912857056]]
[[0.32561832666397095, 0.3392203152179718, 0.33516138792037964]]
[[0.32563889026641846, 0.33920249342918396, 0.3351585566997528]]
[[0.3256486654281616, 0.3391909599304199, 0.33516037464141846]]
[[0.3256417512893677, 0.3391885757446289, 0.3351697027683258]]
[[0.32563483715057373, 0.3391857445240021, 0.3351794481277466]]
[[0.3256281018257141, 0.339182585477829, 0.3351893126964569]]
[[0.3256223201751709, 0.33917978405952454, 0.33519795536994934]]
[[0.32561737298965454, 0.3391772508621216, 0.33520540595054626]]
[[0.3256131112575531, 0.3391750454902649, 0.3352118730545044]]
hyposthese:
1 piece , <unk> <unk> <unk> <unk> <unk> <unk> <unk> <unk> <unk> <unk> <unk> <unk> <unk> <unk> <unk> <unk> <unk> <unk>
reference:
all cortex , ok for analysis
