[[0.3358299136161804, 0.3283632695674896, 0.33580687642097473]]
[[0.3351602256298065, 0.32561925053596497, 0.33922049403190613]]
[[0.33832868933677673, 0.33365723490715027, 0.3280141055583954]]
[[0.3331122100353241, 0.337125688791275, 0.3297621011734009]]
[[0.33055463433265686, 0.3387810289859772, 0.3306643068790436]]
[[0.33701369166374207, 0.3316984176635742, 0.33128783106803894]]
[[0.33659467101097107, 0.332728773355484, 0.3306765556335449]]
[[0.3372851610183716, 0.3319726586341858, 0.330742210149765]]
[[0.3329232335090637, 0.3337744474411011, 0.3333023190498352]]
[[0.33621278405189514, 0.3312811553478241, 0.3325060307979584]]
[[0.33622652292251587, 0.33097416162490845, 0.3327992856502533]]
[[0.3357281982898712, 0.3306034803390503, 0.3336683511734009]]
hyposthese:
2 pieces , <unk> & <unk> ; <unk> <unk> <unk> <unk>
reference:
2 pieces
