[[0.34640389680862427, 0.32725074887275696, 0.32634538412094116]]
[[0.3241673707962036, 0.345222532749176, 0.33061009645462036]]
[[0.33038845658302307, 0.3331063389778137, 0.3365052044391632]]
[[0.3242546617984772, 0.33994796872138977, 0.33579733967781067]]
[[0.333572655916214, 0.33615678548812866, 0.33027052879333496]]
[[0.3363650143146515, 0.338873952627182, 0.3247610032558441]]
[[0.33131664991378784, 0.34113091230392456, 0.3275524079799652]]
[[0.33276090025901794, 0.3380546569824219, 0.3291844427585602]]
[[0.33352744579315186, 0.3407009541988373, 0.32577162981033325]]
[[0.3319109082221985, 0.3423486053943634, 0.3257405161857605]]
[[0.33259525895118713, 0.3390756845474243, 0.3283289968967438]]
[[0.3316519558429718, 0.3379862308502197, 0.33036181330680847]]
[[0.3345021605491638, 0.3383282721042633, 0.3271695673465729]]
hyposthese:
6 pieces , up to <unk> ; squamous mucosa is <unk> <unk>
reference:
6 pieces . well trimmed .
