[[0.2938927114009857, 0.3749694228172302, 0.33113786578178406]]
[[0.34700682759284973, 0.3212982714176178, 0.33169496059417725]]
[[0.34524253010749817, 0.32031145691871643, 0.334445983171463]]
[[0.3476743996143341, 0.31980007886886597, 0.3325255513191223]]
[[0.3437650203704834, 0.3259309232234955, 0.3303040564060211]]
[[0.3380228877067566, 0.3322545289993286, 0.3297225832939148]]
[[0.34111833572387695, 0.3305739164352417, 0.32830774784088135]]
[[0.3361101746559143, 0.33052197098731995, 0.33336785435676575]]
[[0.3345029354095459, 0.3345007598400116, 0.3309962749481201]]
[[0.33455026149749756, 0.33371877670288086, 0.3317309617996216]]
[[0.3353969156742096, 0.33073705434799194, 0.33386602997779846]]
[[0.3357791006565094, 0.33022746443748474, 0.33399340510368347]]
[[0.3357239067554474, 0.3302464187145233, 0.3340297341346741]]
[[0.3358268439769745, 0.33019766211509705, 0.33397555351257324]]
[[0.33592793345451355, 0.33020806312561035, 0.3338640332221985]]
[[0.3359662890434265, 0.33023953437805176, 0.33379417657852173]]
[[0.3359632194042206, 0.3302757740020752, 0.3337610065937042]]
[[0.33594104647636414, 0.330311119556427, 0.3337477743625641]]
[[0.3358956277370453, 0.33037441968917847, 0.33372995257377625]]
[[0.3358529806137085, 0.3304246962070465, 0.3337222933769226]]
[[0.3358139395713806, 0.33046719431877136, 0.333718866109848]]
[[0.33577975630760193, 0.33050301671028137, 0.3337171971797943]]
[[0.33575063943862915, 0.33053335547447205, 0.3337160050868988]]
[[0.33572492003440857, 0.3305584192276001, 0.33371666073799133]]
[[0.3357025980949402, 0.33057957887649536, 0.33371785283088684]]
[[0.33568382263183594, 0.3305980861186981, 0.33371809124946594]]
[[0.33566713333129883, 0.33061346411705017, 0.3337193429470062]]
[[0.335653156042099, 0.3306270241737366, 0.33371981978416443]]
[[0.33564135432243347, 0.3306390047073364, 0.3337196111679077]]
[[0.33563143014907837, 0.33064961433410645, 0.33371901512145996]]
[[0.33562299609184265, 0.3306589126586914, 0.33371809124946594]]
[[0.3356117904186249, 0.3306691646575928, 0.3337189853191376]]
[[0.33560216426849365, 0.3306782841682434, 0.3337195813655853]]
[[0.3355938196182251, 0.3306862711906433, 0.3337198793888092]]
[[0.33558669686317444, 0.3306933343410492, 0.33371999859809875]]
[[0.3355804681777954, 0.3306995928287506, 0.33371996879577637]]
[[0.33557504415512085, 0.33070510625839233, 0.33371981978416443]]
[[0.335570365190506, 0.3307100236415863, 0.3337196707725525]]
[[0.3355662226676941, 0.33071431517601013, 0.3337194323539734]]
[[0.3355626165866852, 0.3307182192802429, 0.3337191939353943]]
[[0.3355593979358673, 0.3307216167449951, 0.3337188959121704]]
[[0.33555662631988525, 0.33072468638420105, 0.3337186872959137]]
[[0.3355541527271271, 0.3307274580001831, 0.3337184488773346]]
[[0.335551917552948, 0.3307299017906189, 0.3337182104587555]]
[[0.3355499505996704, 0.3307320475578308, 0.3337180018424988]]
[[0.3355482220649719, 0.330733984708786, 0.33371782302856445]]
[[0.3355466425418854, 0.3307357430458069, 0.33371761441230774]]
[[0.33554527163505554, 0.33073732256889343, 0.3337174654006958]]
[[0.33554399013519287, 0.33073869347572327, 0.3337172567844391]]
[[0.3355428874492645, 0.33073994517326355, 0.33371713757514954]]
[[0.33554187417030334, 0.3307410776615143, 0.3337169885635376]]
