[[0.34792113304138184, 0.3153843283653259, 0.336694598197937]]
[[0.32638436555862427, 0.3392011225223541, 0.334414541721344]]
[[0.3323880732059479, 0.3373118042945862, 0.33030009269714355]]
[[0.3359360098838806, 0.3345136344432831, 0.3295503258705139]]
[[0.33292555809020996, 0.3395557403564453, 0.3275187015533447]]
[[0.33515337109565735, 0.3357087969779968, 0.3291378915309906]]
[[0.33537599444389343, 0.3328648805618286, 0.33175918459892273]]
[[0.3335162401199341, 0.3355896472930908, 0.3308941125869751]]
[[0.3349016606807709, 0.3354003131389618, 0.3296980559825897]]
[[0.33409133553504944, 0.3380594253540039, 0.32784920930862427]]
hyposthese:
6 pieces , up to <unk> ; well trimmed
reference:
6 pieces , well trimmed , minimal plaque
