[[0.32428357005119324, 0.3391541838645935, 0.33656224608421326]]
[[0.329071581363678, 0.33903688192367554, 0.3318915069103241]]
[[0.33352339267730713, 0.3347216546535492, 0.33175498247146606]]
[[0.3340212404727936, 0.33342912793159485, 0.3325496315956116]]
[[0.33375710248947144, 0.33370429277420044, 0.33253857493400574]]
[[0.3336344361305237, 0.3341176509857178, 0.33224794268608093]]
[[0.3335655629634857, 0.33439090847969055, 0.3320435583591461]]
[[0.3334885537624359, 0.3345679044723511, 0.331943541765213]]
[[0.3334248960018158, 0.33465903997421265, 0.33191603422164917]]
[[0.33337998390197754, 0.3347020149230957, 0.33191800117492676]]
[[0.3332836627960205, 0.33475834131240845, 0.33195799589157104]]
[[0.3331970274448395, 0.3348080515861511, 0.3319949507713318]]
[[0.33313435316085815, 0.33484622836112976, 0.3320194184780121]]
[[0.33308616280555725, 0.33487752079963684, 0.3320363759994507]]
[[0.33304721117019653, 0.33490386605262756, 0.3320488929748535]]
[[0.33301103115081787, 0.3349283039569855, 0.33206066489219666]]
[[0.3329697549343109, 0.3349544107913971, 0.3320758044719696]]
[[0.33293455839157104, 0.3349766135215759, 0.33208876848220825]]
[[0.33290234208106995, 0.3349965214729309, 0.33210110664367676]]
[[0.33287474513053894, 0.33501335978507996, 0.3321118652820587]]
[[0.3328511416912079, 0.33502763509750366, 0.33212125301361084]]
[[0.33283093571662903, 0.3350396454334259, 0.33212941884994507]]
[[0.33281171321868896, 0.3350507915019989, 0.33213746547698975]]
[[0.3327946960926056, 0.33506056666374207, 0.33214473724365234]]
[[0.33277997374534607, 0.3350689113140106, 0.3321510851383209]]
[[0.3327673077583313, 0.33507606387138367, 0.33215656876564026]]
[[0.3327564001083374, 0.3350822329521179, 0.3321613669395447]]
[[0.3327469229698181, 0.33508750796318054, 0.33216553926467896]]
[[0.3327387571334839, 0.33509206771850586, 0.33216914534568787]]
[[0.332731693983078, 0.3350960314273834, 0.33217230439186096]]
[[0.33272555470466614, 0.335099458694458, 0.33217501640319824]]
[[0.33272019028663635, 0.3351024091243744, 0.33217737078666687]]
[[0.33271557092666626, 0.3351050019264221, 0.332179456949234]]
[[0.3327115476131439, 0.3351072371006012, 0.3321812152862549]]
[[0.33270806074142456, 0.3351092040538788, 0.33218276500701904]]
[[0.332705020904541, 0.3351109027862549, 0.3321841061115265]]
[[0.3327023386955261, 0.33511239290237427, 0.3321852385997772]]
[[0.33270004391670227, 0.3351137042045593, 0.3321862816810608]]
[[0.3326980471611023, 0.33511483669281006, 0.33218714594841003]]
[[0.3326962888240814, 0.33511582016944885, 0.3321879208087921]]
[[0.33269476890563965, 0.3351166844367981, 0.33218854665756226]]
[[0.3326933979988098, 0.3351174294948578, 0.33218914270401]]
[[0.3326922655105591, 0.3351180851459503, 0.3321896493434906]]
[[0.3326912224292755, 0.3351186513900757, 0.3321900963783264]]
[[0.33269035816192627, 0.33511918783187866, 0.33219048380851746]]
[[0.3326895534992218, 0.3351196050643921, 0.3321908116340637]]
[[0.3326888978481293, 0.33511999249458313, 0.3321910798549652]]
[[0.3326883018016815, 0.3351203501224518, 0.3321913480758667]]
[[0.33268776535987854, 0.33512061834335327, 0.3321915566921234]]
[[0.3326873481273651, 0.33512088656425476, 0.3321917653083801]]
[[0.3326869606971741, 0.33512112498283386, 0.33219191431999207]]
