[[0.36147448420524597, 0.3106459081172943, 0.32787957787513733]]
[[0.33270958065986633, 0.34037473797798157, 0.3269156515598297]]
[[0.34191465377807617, 0.33488142490386963, 0.3232038915157318]]
[[0.332891047000885, 0.3394959270954132, 0.32761305570602417]]
[[0.3304402530193329, 0.33340781927108765, 0.3361518681049347]]
[[0.3374796211719513, 0.3356383740901947, 0.3268820345401764]]
[[0.34285855293273926, 0.3339780867099762, 0.32316339015960693]]
[[0.33354678750038147, 0.33595773577690125, 0.3304954469203949]]
[[0.3310328423976898, 0.3344213664531708, 0.334545761346817]]
[[0.3353167176246643, 0.33751562237739563, 0.32716768980026245]]
hyposthese:
2 pieces , no & <unk> ; well trimmed
reference:
2 pieces , minimal fat
