[[0.3297472596168518, 0.34198787808418274, 0.32826483249664307]]
[[0.3441286087036133, 0.3295641243457794, 0.32630735635757446]]
[[0.3296120762825012, 0.33289557695388794, 0.33749231696128845]]
[[0.33128681778907776, 0.3278578519821167, 0.34085533022880554]]
[[0.33255505561828613, 0.3369400203227997, 0.3305048942565918]]
[[0.33437681198120117, 0.33422985672950745, 0.33139336109161377]]
[[0.3353702425956726, 0.3340977430343628, 0.3305319547653198]]
[[0.3365788161754608, 0.33232712745666504, 0.33109405636787415]]
[[0.3328337073326111, 0.33627966046333313, 0.3308866024017334]]
[[0.33203884959220886, 0.33405014872550964, 0.3339110016822815]]
hyposthese:
6 pieces , up to <unk> ; well trimmed
reference:
6 ~8x3mm pieces
