[[0.32470548152923584, 0.3257145881652832, 0.34957990050315857]]
[[0.3361760675907135, 0.33710047602653503, 0.3267233967781067]]
[[0.33256441354751587, 0.34094780683517456, 0.32648780941963196]]
[[0.3336918354034424, 0.33718737959861755, 0.32912078499794006]]
[[0.33456727862358093, 0.3316698670387268, 0.33376285433769226]]
[[0.33439573645591736, 0.331382691860199, 0.33422157168388367]]
[[0.3343242108821869, 0.33019447326660156, 0.33548131585121155]]
[[0.33374127745628357, 0.3319934010505676, 0.3342653214931488]]
[[0.33311569690704346, 0.33229461312294006, 0.33458971977233887]]
[[0.33394819498062134, 0.33273109793663025, 0.3333207070827484]]
[[0.33408987522125244, 0.3321855664253235, 0.33372458815574646]]
[[0.3341245949268341, 0.3327907621860504, 0.33308470249176025]]
[[0.33397817611694336, 0.33274248242378235, 0.3332793414592743]]
[[0.33402255177497864, 0.332428902387619, 0.33354857563972473]]
[[0.3340902626514435, 0.3322078585624695, 0.3337019085884094]]
[[0.3341401219367981, 0.33205223083496094, 0.3338076174259186]]
[[0.3341670036315918, 0.33193716406822205, 0.33389583230018616]]
[[0.33417555689811707, 0.33185070753097534, 0.3339737355709076]]
[[0.3341740369796753, 0.3317856788635254, 0.3340402841567993]]
hyposthese:
4 pieces , <unk> & <unk> ; <unk> <unk> <unk> <unk> <unk> <unk> <unk> <unk> <unk> <unk> <unk>
reference:
4 pieces , excellent specimen with small portion of <unk>
