[[0.33580172061920166, 0.3179357349872589, 0.34626254439353943]]
[[0.3304098844528198, 0.34153708815574646, 0.32805299758911133]]
[[0.33046936988830566, 0.33764129877090454, 0.3318893313407898]]
[[0.3344990015029907, 0.33138298988342285, 0.3341180384159088]]
[[0.3311784267425537, 0.3383392095565796, 0.3304823637008667]]
[[0.3320522904396057, 0.3367815613746643, 0.33116617798805237]]
[[0.3335961699485779, 0.33810609579086304, 0.3282977342605591]]
[[0.33583492040634155, 0.3317139446735382, 0.33245110511779785]]
[[0.33384719491004944, 0.33351823687553406, 0.3326345384120941]]
[[0.33430448174476624, 0.3317048251628876, 0.3339906632900238]]
hyposthese:
6 pieces , up to <unk> ; well trimmed
reference:
6 pieces ; focal mild plaque
