[[0.3372563421726227, 0.3253141939640045, 0.3374294340610504]]
[[0.33584991097450256, 0.3311065137386322, 0.3330436050891876]]
[[0.32976049184799194, 0.33261382579803467, 0.3376256823539734]]
[[0.33580639958381653, 0.3346344828605652, 0.3295590877532959]]
[[0.3270515203475952, 0.3449694812297821, 0.3279789388179779]]
[[0.32908895611763, 0.3399827480316162, 0.3309282660484314]]
[[0.3315349817276001, 0.34067222476005554, 0.32779279351234436]]
[[0.3298439681529999, 0.33658334612846375, 0.333572655916214]]
[[0.32695508003234863, 0.3452860713005066, 0.3277588486671448]]
[[0.33015796542167664, 0.3412070572376251, 0.328635036945343]]
[[0.33304134011268616, 0.33744993805885315, 0.3295087218284607]]
[[0.332621306180954, 0.337613582611084, 0.32976511120796204]]
[[0.3328920900821686, 0.33712038397789, 0.3299875557422638]]
hyposthese:
6 pieces , up to <unk> ; squamous epithelium is <unk> microns
reference:
6 pieces , well trimmed
