[[0.34630343317985535, 0.3066293001174927, 0.34706729650497437]]
[[0.33963263034820557, 0.33979275822639465, 0.3205746114253998]]
[[0.3346077799797058, 0.33899229764938354, 0.32639989256858826]]
[[0.3375484049320221, 0.3375638723373413, 0.3248877227306366]]
[[0.3374103307723999, 0.33711177110671997, 0.3254778981208801]]
[[0.332628458738327, 0.33663827180862427, 0.3307332694530487]]
[[0.33835405111312866, 0.33194318413734436, 0.32970279455184937]]
[[0.3373953104019165, 0.32964253425598145, 0.3329620957374573]]
[[0.336362361907959, 0.3306994140148163, 0.3329382538795471]]
[[0.3365373909473419, 0.3312931954860687, 0.33216938376426697]]
[[0.3352029621601105, 0.33127689361572266, 0.3335201144218445]]
[[0.33568114042282104, 0.32985058426856995, 0.334468275308609]]
[[0.33589667081832886, 0.3295574188232422, 0.3345459997653961]]
hyposthese:
6 pieces , up to <unk> ; squamous mucosa is <unk> <unk>
reference:
6 pieces . well dissected mucosa
