[[0.340791255235672, 0.31551599502563477, 0.34369274973869324]]
[[0.3328765034675598, 0.3324955105781555, 0.3346279263496399]]
[[0.3308846056461334, 0.3345932960510254, 0.3345220685005188]]
[[0.3289761543273926, 0.33355796337127686, 0.33746594190597534]]
[[0.3272211253643036, 0.3354912996292114, 0.3372875452041626]]
[[0.3341934382915497, 0.33275720477104187, 0.33304935693740845]]
[[0.3324336111545563, 0.33431416749954224, 0.3332522213459015]]
[[0.3328957259654999, 0.3338594138622284, 0.33324483036994934]]
[[0.32998228073120117, 0.3349749445915222, 0.33504271507263184]]
[[0.33217963576316833, 0.33434513211250305, 0.3334752917289734]]
[[0.3302163779735565, 0.3343409299850464, 0.3354427218437195]]
[[0.3312697410583496, 0.3359636962413788, 0.33276650309562683]]
[[0.33076000213623047, 0.3344374895095825, 0.3348025381565094]]
hyposthese:
6 pieces , up to <unk> ; squamous epithelium is <unk> microns
reference:
6 pieces ; well trimmed
