[[0.32209256291389465, 0.35070547461509705, 0.3272019326686859]]
[[0.333893746137619, 0.33426433801651, 0.3318418860435486]]
[[0.33375105261802673, 0.3379027545452118, 0.3283461928367615]]
[[0.33613455295562744, 0.33158913254737854, 0.332276314496994]]
[[0.3284548223018646, 0.3439345359802246, 0.3276106119155884]]
[[0.3328592777252197, 0.339580774307251, 0.3275599181652069]]
[[0.33193811774253845, 0.3404596447944641, 0.32760223746299744]]
[[0.3350377380847931, 0.3331964910030365, 0.3317657709121704]]
[[0.3319157063961029, 0.3389483094215393, 0.3291359543800354]]
[[0.33404943346977234, 0.33521896600723267, 0.330731600522995]]
[[0.3337724208831787, 0.333855539560318, 0.3323720693588257]]
[[0.33237800002098083, 0.3353763818740845, 0.3322455883026123]]
[[0.3348950445652008, 0.33265626430511475, 0.33244866132736206]]
hyposthese:
6 pieces , up to <unk> ; squamous epithelium is <unk> microns
reference:
6 pieces , squamous epithelium is <unk> microns
