[[0.3385789692401886, 0.3281753659248352, 0.3332456648349762]]
[[0.32703036069869995, 0.34015917778015137, 0.3328104317188263]]
[[0.32947614789009094, 0.33484405279159546, 0.335679829120636]]
[[0.33273565769195557, 0.3304504454135895, 0.33681392669677734]]
[[0.33005085587501526, 0.332526296377182, 0.33742284774780273]]
[[0.3302730321884155, 0.32975637912750244, 0.33997055888175964]]
[[0.32804057002067566, 0.3324020206928253, 0.3395574688911438]]
[[0.3317319452762604, 0.33129340410232544, 0.3369746208190918]]
[[0.3293861448764801, 0.3334805965423584, 0.3371332585811615]]
[[0.3300456404685974, 0.3319908380508423, 0.3379635214805603]]
hyposthese:
6 pieces , up to <unk> ; well trimmed
reference:
6 pieces ; atherosclerosis
