[[0.3270871043205261, 0.34989550709724426, 0.3230174481868744]]
[[0.33188650012016296, 0.3279598653316498, 0.34015366435050964]]
[[0.33923420310020447, 0.32782280445098877, 0.332942932844162]]
[[0.33386102318763733, 0.3266473710536957, 0.3394915759563446]]
[[0.3291155695915222, 0.3300577998161316, 0.3408266007900238]]
[[0.3315851390361786, 0.3313063085079193, 0.3371085524559021]]
[[0.3313501179218292, 0.33291417360305786, 0.3357356786727905]]
[[0.334339439868927, 0.32835283875465393, 0.3373076915740967]]
[[0.3313717842102051, 0.3304365873336792, 0.33819156885147095]]
[[0.33138516545295715, 0.3302631676197052, 0.33835169672966003]]
[[0.3336569666862488, 0.3284682631492615, 0.33787479996681213]]
[[0.3316982686519623, 0.33100607991218567, 0.33729565143585205]]
[[0.33388274908065796, 0.3290115296840668, 0.3371056914329529]]
hyposthese:
6 pieces , up to <unk> ; squamous mucosa is <unk> <unk>
reference:
6 pieces ; well dissected ; prominent submucosal glands
