[[0.32741138339042664, 0.33585765957832336, 0.3367309868335724]]
[[0.3390607237815857, 0.32698294520378113, 0.3339563012123108]]
[[0.34182101488113403, 0.32734841108322144, 0.33083054423332214]]
[[0.338018000125885, 0.3349642753601074, 0.32701775431632996]]
[[0.3344154357910156, 0.33828604221343994, 0.3272985517978668]]
[[0.33405911922454834, 0.3354123532772064, 0.33052852749824524]]
[[0.3348214328289032, 0.33553627133369446, 0.32964223623275757]]
[[0.3323799669742584, 0.3346942961215973, 0.3329257667064667]]
[[0.3310686945915222, 0.33810627460479736, 0.3308250606060028]]
[[0.3326908349990845, 0.33499351143836975, 0.3323156535625458]]
[[0.33343392610549927, 0.33446258306503296, 0.33210352063179016]]
[[0.33303332328796387, 0.33494022488594055, 0.3320264518260956]]
[[0.3336109519004822, 0.33457428216934204, 0.33181479573249817]]
hyposthese:
6 pieces , up to <unk> ; squamous epithelium is <unk> microns
reference:
6 pieces ; 10 % dermal fat ; well trimmed
