[[0.312715083360672, 0.3475564122200012, 0.33972853422164917]]
[[0.3391427993774414, 0.33704227209091187, 0.3238149583339691]]
[[0.3357789218425751, 0.33027327060699463, 0.3339477777481079]]
[[0.3335600793361664, 0.3320349156856537, 0.33440500497817993]]
[[0.32935479283332825, 0.3347175121307373, 0.33592769503593445]]
[[0.3287035822868347, 0.33598437905311584, 0.3353120684623718]]
[[0.3265821039676666, 0.33778566122055054, 0.33563223481178284]]
[[0.3309482932090759, 0.33701929450035095, 0.3320324122905731]]
[[0.32907065749168396, 0.3364093005657196, 0.3345200717449188]]
[[0.33067139983177185, 0.3357149362564087, 0.33361366391181946]]
[[0.33184072375297546, 0.3348418176174164, 0.33331745862960815]]
[[0.33111611008644104, 0.3364047706127167, 0.3324790894985199]]
[[0.3323785066604614, 0.3362054228782654, 0.3314161002635956]]
hyposthese:
6 pieces , up to <unk> ; squamous mucosa is <unk> <unk>
reference:
6 pieces
