[[0.33051833510398865, 0.3437736928462982, 0.32570797204971313]]
[[0.3133852779865265, 0.35337767004966736, 0.3332371115684509]]
[[0.3302149772644043, 0.3345172703266144, 0.3352677524089813]]
[[0.33357781171798706, 0.34035801887512207, 0.32606416940689087]]
[[0.33823007345199585, 0.3366817235946655, 0.325088232755661]]
[[0.33301666378974915, 0.33747363090515137, 0.3295097053050995]]
[[0.33188173174858093, 0.34196895360946655, 0.3261492848396301]]
[[0.33508604764938354, 0.3345731794834137, 0.33034077286720276]]
[[0.338448166847229, 0.3322206735610962, 0.3293311297893524]]
[[0.33652061223983765, 0.3358224034309387, 0.32765698432922363]]
[[0.3385341465473175, 0.3297223150730133, 0.3317435681819916]]
[[0.3409542441368103, 0.3309221565723419, 0.3281235694885254]]
[[0.3365951478481293, 0.33190256357192993, 0.3315022587776184]]
hyposthese:
6 pieces , up to <unk> ; squamous mucosa is <unk> <unk>
reference:
6 pieces , trace mucosa up to ~0.25mm
