[[0.3436039090156555, 0.32857418060302734, 0.32782188057899475]]
[[0.3358105719089508, 0.32828664779663086, 0.3359028100967407]]
[[0.3321846127510071, 0.3349218964576721, 0.3328935205936432]]
[[0.33502304553985596, 0.33246704936027527, 0.3325099050998688]]
[[0.33525922894477844, 0.337077260017395, 0.32766348123550415]]
[[0.33283883333206177, 0.3338845670223236, 0.3332765996456146]]
[[0.33588239550590515, 0.33490628004074097, 0.3292113244533539]]
[[0.33264172077178955, 0.33317112922668457, 0.33418717980384827]]
[[0.3358086943626404, 0.3328796625137329, 0.3313116431236267]]
[[0.3324339687824249, 0.333487868309021, 0.3340781629085541]]
[[0.3327289819717407, 0.3328879773616791, 0.3343830704689026]]
[[0.3331456780433655, 0.3324723243713379, 0.33438199758529663]]
hyposthese:
2 pieces , <unk> & <unk> ; <unk> <unk> <unk> <unk>
reference:
2 pieces , minimal interstitial fascia/vascular elements
