[[0.338128000497818, 0.3543352782726288, 0.30753669142723083]]
[[0.3257584273815155, 0.33810174465179443, 0.33613982796669006]]
[[0.3336629569530487, 0.3263251483440399, 0.34001192450523376]]
[[0.32774537801742554, 0.3300240635871887, 0.34223058819770813]]
[[0.3283725678920746, 0.3354548215866089, 0.33617261052131653]]
[[0.3327440917491913, 0.32974159717559814, 0.33751431107521057]]
[[0.332447350025177, 0.3284609913825989, 0.33909159898757935]]
[[0.329898864030838, 0.33252108097076416, 0.33757999539375305]]
[[0.3315170407295227, 0.33403798937797546, 0.3344449996948242]]
[[0.33221614360809326, 0.3315613567829132, 0.33622249960899353]]
[[0.3307259976863861, 0.3330877423286438, 0.3361862599849701]]
[[0.3311788737773895, 0.333238422870636, 0.3355826735496521]]
[[0.3276004195213318, 0.3339928388595581, 0.3384067714214325]]
hyposthese:
6 pieces , up to <unk> ; squamous epithelium is <unk> microns
reference:
6 pieces ; up to 1 mm subcutaneous fat
