[[0.3323531746864319, 0.3127953112125397, 0.35485151410102844]]
[[0.33526453375816345, 0.33252406120300293, 0.33221137523651123]]
[[0.33508118987083435, 0.3395076096057892, 0.3254111707210541]]
[[0.33857348561286926, 0.33326274156570435, 0.328163743019104]]
[[0.3358754515647888, 0.3337538242340088, 0.33037069439888]]
[[0.3361597955226898, 0.33244815468788147, 0.3313921093940735]]
[[0.3358793556690216, 0.3331187069416046, 0.3310019075870514]]
[[0.33501094579696655, 0.33074548840522766, 0.334243506193161]]
[[0.33328038454055786, 0.33178961277008057, 0.3349300026893616]]
[[0.3358840346336365, 0.329039603471756, 0.33507636189460754]]
hyposthese:
6 pieces , up to <unk> ; well trimmed
reference:
6 pieces ~7x5mm .
