[[0.3495416045188904, 0.3392993211746216, 0.31115907430648804]]
[[0.3357917368412018, 0.3346092104911804, 0.3295990526676178]]
[[0.33384934067726135, 0.3329044580459595, 0.3332462012767792]]
[[0.33279114961624146, 0.33277809619903564, 0.3344307839870453]]
[[0.33768346905708313, 0.32991746068000793, 0.33239901065826416]]
[[0.3365075886249542, 0.3305546045303345, 0.3329378068447113]]
[[0.33609896898269653, 0.3337358236312866, 0.33016523718833923]]
[[0.3338792026042938, 0.3311521112918854, 0.3349687457084656]]
[[0.33673200011253357, 0.32993951439857483, 0.3333285450935364]]
[[0.335480660200119, 0.33198779821395874, 0.33253154158592224]]
[[0.3350580632686615, 0.33101481199264526, 0.3339271545410156]]
[[0.3347681760787964, 0.3305107653141022, 0.33472108840942383]]
[[0.3348322808742523, 0.33026015758514404, 0.33490756154060364]]
[[0.33493557572364807, 0.3300659954547882, 0.33499836921691895]]
[[0.3350057899951935, 0.32994407415390015, 0.335050106048584]]
[[0.33505430817604065, 0.32986152172088623, 0.3350841701030731]]
[[0.33509424328804016, 0.3297978937625885, 0.33510786294937134]]
[[0.33512604236602783, 0.3297499716281891, 0.3351239860057831]]
[[0.33515167236328125, 0.3297148644924164, 0.33513343334198]]
[[0.3351726531982422, 0.3296889066696167, 0.3351384401321411]]
[[0.33518967032432556, 0.3296698331832886, 0.33514052629470825]]
[[0.3352002203464508, 0.3296574652194977, 0.3351423442363739]]
[[0.3352099657058716, 0.3296479880809784, 0.33514204621315]]
[[0.3352184295654297, 0.3296409249305725, 0.3351406157016754]]
[[0.33522549271583557, 0.32963621616363525, 0.3351382911205292]]
[[0.3352307975292206, 0.32963430881500244, 0.335134893655777]]
[[0.33523494005203247, 0.32963278889656067, 0.33513233065605164]]
[[0.3352375030517578, 0.32963085174560547, 0.33513161540031433]]
[[0.3352397084236145, 0.32962945103645325, 0.33513084053993225]]
[[0.3352415859699249, 0.3296284079551697, 0.3351300060749054]]
[[0.3352431654930115, 0.3296276330947876, 0.3351292014122009]]
[[0.3352445363998413, 0.32962703704833984, 0.33512842655181885]]
[[0.3352457284927368, 0.32962659001350403, 0.33512771129608154]]
[[0.335246741771698, 0.32962629199028015, 0.3351270258426666]]
[[0.33524757623672485, 0.3296259939670563, 0.3351263701915741]]
[[0.33524832129478455, 0.32962581515312195, 0.33512577414512634]]
[[0.33524903655052185, 0.3296256959438324, 0.33512529730796814]]
[[0.3352496027946472, 0.32962557673454285, 0.33512479066848755]]
[[0.3352501094341278, 0.32962551712989807, 0.3351243734359741]]
[[0.33525052666664124, 0.3296254575252533, 0.33512401580810547]]
[[0.3352509140968323, 0.3296254277229309, 0.33512362837791443]]
[[0.33525124192237854, 0.3296254277229309, 0.33512333035469055]]
[[0.33525151014328003, 0.3296253979206085, 0.33512306213378906]]
[[0.3352517783641815, 0.3296253979206085, 0.3351227939128876]]
[[0.3352520167827606, 0.3296254277229309, 0.33512255549430847]]
[[0.33525219559669495, 0.3296254277229309, 0.33512237668037415]]
[[0.3352523446083069, 0.3296254277229309, 0.3351221978664398]]
[[0.3352525234222412, 0.3296254575252533, 0.3351220488548279]]
[[0.3352526128292084, 0.3296254575252533, 0.33512192964553833]]
[[0.3352527320384979, 0.3296254873275757, 0.335121750831604]]
[[0.3352528512477875, 0.32962551712989807, 0.33512166142463684]]
