[[0.32636135816574097, 0.3335186243057251, 0.3401200473308563]]
[[0.3291798233985901, 0.3351799249649048, 0.33564019203186035]]
[[0.3292490541934967, 0.3356580138206482, 0.3350929319858551]]
[[0.3312242031097412, 0.33395180106163025, 0.3348240554332733]]
[[0.3320767283439636, 0.33421415090560913, 0.333709180355072]]
[[0.33238711953163147, 0.33539652824401855, 0.33221638202667236]]
[[0.3324227035045624, 0.3367432951927185, 0.3308340311050415]]
[[0.33044353127479553, 0.3374254107475281, 0.3321310579776764]]
[[0.3312314450740814, 0.33692944049835205, 0.33183911442756653]]
[[0.33018219470977783, 0.3377705216407776, 0.3320472836494446]]
[[0.3311205804347992, 0.33719247579574585, 0.33168694376945496]]
[[0.3317513167858124, 0.3366759717464447, 0.3315727412700653]]
[[0.3319103419780731, 0.33652111887931824, 0.33156853914260864]]
[[0.33188989758491516, 0.33651772141456604, 0.3315923810005188]]
[[0.3318372070789337, 0.33655381202697754, 0.33160901069641113]]
[[0.3317749798297882, 0.33661141991615295, 0.33161357045173645]]
[[0.3317147493362427, 0.3366751968860626, 0.3316100537776947]]
[[0.33166617155075073, 0.3367282450199127, 0.33160561323165894]]
hyposthese:
2 pieces , <unk> & <unk> ; <unk> <unk> <unk> <unk> <unk> <unk> <unk> <unk> <unk> <unk>
reference:
2 pieces , patchy bronchopneumonia
