[[0.3371579945087433, 0.31604576110839844, 0.34679627418518066]]
[[0.32357439398765564, 0.342980295419693, 0.3334452509880066]]
[[0.3335687816143036, 0.3364507853984833, 0.32998043298721313]]
[[0.3347809910774231, 0.33527642488479614, 0.3299425542354584]]
[[0.33712780475616455, 0.3355121314525604, 0.3273601233959198]]
[[0.3317311704158783, 0.33685940504074097, 0.33140942454338074]]
[[0.3365549147129059, 0.33278289437294006, 0.33066216111183167]]
[[0.3291091024875641, 0.3363376557826996, 0.33455324172973633]]
[[0.33091673254966736, 0.33720991015434265, 0.3318732976913452]]
[[0.3347184658050537, 0.3357478678226471, 0.32953372597694397]]
hyposthese:
6 pieces , up to <unk> ; well trimmed
reference:
6 pieces , confirmed target muscularis
