[[0.31398043036460876, 0.3275531232357025, 0.35846641659736633]]
[[0.3320305347442627, 0.3382865786552429, 0.329682856798172]]
[[0.3299700617790222, 0.34039372205734253, 0.32963618636131287]]
[[0.33223462104797363, 0.3323861062526703, 0.3353792726993561]]
[[0.3387708365917206, 0.3252338767051697, 0.33599525690078735]]
[[0.3310651183128357, 0.3302011489868164, 0.3387336730957031]]
[[0.33030176162719727, 0.33105018734931946, 0.3386480212211609]]
hyposthese:
2 pieces , <unk> <unk> <unk>
reference:
2 pieces
