[[0.32008224725723267, 0.34856048226356506, 0.33135727047920227]]
[[0.3309204578399658, 0.3318273425102234, 0.3372522294521332]]
[[0.3313221335411072, 0.33342087268829346, 0.335256963968277]]
[[0.3336787521839142, 0.3318675458431244, 0.33445367217063904]]
[[0.33172425627708435, 0.33696553111076355, 0.3313102126121521]]
[[0.33157140016555786, 0.3325658440589905, 0.33586278557777405]]
[[0.3309168815612793, 0.3344965875148773, 0.334586501121521]]
[[0.33239927887916565, 0.33128872513771057, 0.3363119959831238]]
[[0.3309996426105499, 0.33585408329963684, 0.33314627408981323]]
[[0.3303881287574768, 0.3338223993778229, 0.3357894718647003]]
[[0.33018946647644043, 0.33397582173347473, 0.33583468198776245]]
hyposthese:
1 piece ; <unk> & <unk> ; <unk> <unk> <unk>
reference:
1 piece , adenohypophysis
