[[0.32518330216407776, 0.32259026169776917, 0.35222649574279785]]
[[0.33436620235443115, 0.3427261710166931, 0.32290759682655334]]
[[0.3341222107410431, 0.3365774154663086, 0.3293003737926483]]
[[0.3316934108734131, 0.33650580048561096, 0.33180075883865356]]
[[0.3306107521057129, 0.3332970142364502, 0.3360922634601593]]
[[0.332320898771286, 0.3323923647403717, 0.3352867066860199]]
[[0.3320311903953552, 0.3319118916988373, 0.3360568881034851]]
[[0.3325750231742859, 0.33341220021247864, 0.3340127170085907]]
[[0.3318539559841156, 0.3303002119064331, 0.3378458619117737]]
[[0.33311450481414795, 0.3326580822467804, 0.33422741293907166]]
[[0.33278393745422363, 0.3329731225967407, 0.33424296975135803]]
[[0.3326396942138672, 0.33274731040000916, 0.33461296558380127]]
[[0.3326635956764221, 0.332498162984848, 0.33483824133872986]]
[[0.3326558768749237, 0.3324422836303711, 0.3349018096923828]]
hyposthese:
2 pieces , <unk> & <unk> ; <unk> <unk> <unk> <unk> <unk> <unk>
reference:
2 pieces , <unk> & 11x8mm ; all cortex
