[[0.33193445205688477, 0.3414713442325592, 0.3265942335128784]]
[[0.3364468812942505, 0.32945576310157776, 0.33409735560417175]]
[[0.3335244953632355, 0.33066463470458984, 0.3358108103275299]]
[[0.33139485120773315, 0.332327663898468, 0.33627748489379883]]
[[0.34261685609817505, 0.3300653398036957, 0.3273177742958069]]
[[0.33334457874298096, 0.3338285982608795, 0.3328268527984619]]
[[0.33401867747306824, 0.3290213644504547, 0.33695998787879944]]
[[0.33036598563194275, 0.33126017451286316, 0.3383737802505493]]
[[0.3366193473339081, 0.32929763197898865, 0.33408305048942566]]
[[0.3361305296421051, 0.3320732116699219, 0.331796258687973]]
hyposthese:
6 pieces , up to <unk> ; well trimmed
reference:
6 pieces , well trimmed
