[[0.3349683880805969, 0.3461090326309204, 0.31892257928848267]]
[[0.32944780588150024, 0.3348097503185272, 0.3357424736022949]]
[[0.32816144824028015, 0.3338872790336609, 0.33795127272605896]]
[[0.3290029466152191, 0.33670055866241455, 0.3342965245246887]]
[[0.33489328622817993, 0.33129507303237915, 0.3338116407394409]]
[[0.33367836475372314, 0.333694726228714, 0.33262690901756287]]
[[0.33451664447784424, 0.3305143713951111, 0.3349689841270447]]
[[0.33179619908332825, 0.3351372182369232, 0.3330666124820709]]
[[0.33208027482032776, 0.3351556062698364, 0.3327641189098358]]
[[0.33227407932281494, 0.33447265625, 0.33325326442718506]]
[[0.33081138134002686, 0.3346656858921051, 0.33452296257019043]]
[[0.33079734444618225, 0.3346925377845764, 0.33451011776924133]]
[[0.3309161365032196, 0.33478957414627075, 0.33429425954818726]]
hyposthese:
2 pieces , <unk> & <unk> ; <unk> <unk> <unk> <unk> <unk>
reference:
2 pieces
