[[0.3391546607017517, 0.3245788812637329, 0.33626648783683777]]
[[0.3271067440509796, 0.33301854133605957, 0.33987465500831604]]
[[0.3283620774745941, 0.3371312618255615, 0.33450672030448914]]
[[0.3284057378768921, 0.33844390511512756, 0.3331504166126251]]
[[0.33143600821495056, 0.33854416012763977, 0.33001989126205444]]
[[0.33239027857780457, 0.33442190289497375, 0.3331878185272217]]
[[0.33220797777175903, 0.3350565731525421, 0.3327353894710541]]
[[0.3270263075828552, 0.3342626094818115, 0.338711142539978]]
[[0.32922160625457764, 0.3360442519187927, 0.334734171628952]]
[[0.33508631587028503, 0.3307517468929291, 0.3341619372367859]]
[[0.3329552114009857, 0.33286407589912415, 0.3341807425022125]]
[[0.33090269565582275, 0.33269134163856506, 0.3364059627056122]]
hyposthese:
2 pieces , no & <unk> ; 10 % internal fat
reference:
2 pieces
