[[0.3245302438735962, 0.3454439043998718, 0.33002588152885437]]
[[0.3401091992855072, 0.3419584631919861, 0.3179323077201843]]
[[0.33736708760261536, 0.32694384455680847, 0.33568909764289856]]
[[0.3381853401660919, 0.33050283789634705, 0.33131182193756104]]
[[0.34335148334503174, 0.32937514781951904, 0.327273428440094]]
[[0.3387887477874756, 0.3324982225894928, 0.3287130296230316]]
[[0.33796530961990356, 0.3320786952972412, 0.3299560248851776]]
[[0.3317304253578186, 0.33532723784446716, 0.33294233679771423]]
[[0.3361242413520813, 0.3312305510044098, 0.3326452970504761]]
[[0.3381023108959198, 0.33098259568214417, 0.33091509342193604]]
[[0.33213573694229126, 0.33370956778526306, 0.3341546654701233]]
[[0.3334204852581024, 0.33258798718452454, 0.33399155735969543]]
[[0.3310662508010864, 0.33540791273117065, 0.3335258960723877]]
hyposthese:
6 pieces , up to <unk> ; squamous mucosa is <unk> <unk>
reference:
6 pieces , prominent lymphoid component in 4 of 6 pieces
