[[0.3383072316646576, 0.3504476547241211, 0.3112451136112213]]
[[0.33355146646499634, 0.32387736439704895, 0.3425711691379547]]
[[0.3276991546154022, 0.3278585970401764, 0.344442218542099]]
[[0.32523101568222046, 0.3315260112285614, 0.34324294328689575]]
[[0.3313461244106293, 0.32733890414237976, 0.34131497144699097]]
[[0.3286067247390747, 0.32758083939552307, 0.3438124358654022]]
[[0.33154016733169556, 0.33362311124801636, 0.3348366618156433]]
[[0.32893574237823486, 0.3316669762134552, 0.33939728140830994]]
[[0.3309260308742523, 0.33019670844078064, 0.33887723088264465]]
[[0.3315783143043518, 0.32967349886894226, 0.33874815702438354]]
[[0.3292950391769409, 0.3329225480556488, 0.3377823829650879]]
[[0.3309040069580078, 0.3337775468826294, 0.3353184163570404]]
[[0.3292815089225769, 0.3323552906513214, 0.3383632004261017]]
hyposthese:
6 pieces , up to <unk> ; squamous mucosa is <unk> <unk>
reference:
6 pieces ; epithelium largely detached or sloughed
