[[0.32438814640045166, 0.3347873091697693, 0.34082454442977905]]
[[0.3272000253200531, 0.3448081314563751, 0.3279918432235718]]
[[0.33570897579193115, 0.3327411711215973, 0.33154982328414917]]
[[0.3315752446651459, 0.33551928400993347, 0.33290550112724304]]
[[0.3276119530200958, 0.34348320960998535, 0.32890480756759644]]
[[0.3343967795372009, 0.33614981174468994, 0.3294534385204315]]
[[0.3319556415081024, 0.3380657434463501, 0.3299785852432251]]
[[0.3316965103149414, 0.3391231894493103, 0.3291803002357483]]
[[0.33343273401260376, 0.33648160099983215, 0.3300856947898865]]
hyposthese:
2 pieces , minimal fat , minimal fat
reference:
3 pieces , well dissected
