[[0.3254575729370117, 0.34360671043395996, 0.33093568682670593]]
[[0.33458974957466125, 0.33280935883522034, 0.3326009213924408]]
[[0.33435359597206116, 0.33306747674942017, 0.33257898688316345]]
[[0.33482852578163147, 0.33642369508743286, 0.3287477195262909]]
[[0.33367401361465454, 0.3350008428096771, 0.3313251733779907]]
[[0.33471381664276123, 0.3353461027145386, 0.32994014024734497]]
[[0.33813387155532837, 0.3323318064212799, 0.32953429222106934]]
[[0.33434030413627625, 0.3370985984802246, 0.32856109738349915]]
[[0.3330551087856293, 0.33490437269210815, 0.3320405185222626]]
[[0.33364731073379517, 0.33808284997940063, 0.3282698094844818]]
[[0.3324640691280365, 0.3374382257461548, 0.3300977051258087]]
[[0.33234232664108276, 0.33764180541038513, 0.3300158977508545]]
[[0.33260199427604675, 0.33756470680236816, 0.32983332872390747]]
hyposthese:
2 pieces , <unk> & <unk> ; <unk> <unk> <unk> <unk> <unk>
reference:
2 pieces , 9x7 and 7x7mm ; moderate congestion/atalectasis
