[[0.3254146873950958, 0.31393566727638245, 0.36064964532852173]]
[[0.32933902740478516, 0.3404529392719269, 0.33020806312561035]]
[[0.3279651701450348, 0.33969128131866455, 0.33234351873397827]]
[[0.32662245631217957, 0.33956608176231384, 0.3338114619255066]]
[[0.3282696604728699, 0.33729344606399536, 0.33443689346313477]]
[[0.3302178978919983, 0.335885226726532, 0.3338968753814697]]
[[0.3343091905117035, 0.33186182379722595, 0.33382901549339294]]
[[0.33144205808639526, 0.33248135447502136, 0.3360765874385834]]
[[0.33006662130355835, 0.3350538909435272, 0.33487948775291443]]
[[0.3298153877258301, 0.3359769880771637, 0.3342076539993286]]
hyposthese:
4 pieces , up to <unk> ; well trimmed
reference:
4 pieces ; up to 50 % fatty <unk>
