[[0.32210981845855713, 0.37241724133491516, 0.3054729700088501]]
[[0.33976227045059204, 0.3197252154350281, 0.3405124843120575]]
[[0.3351411819458008, 0.3296956419944763, 0.3351631462574005]]
[[0.3363024890422821, 0.3264423608779907, 0.33725520968437195]]
[[0.339373916387558, 0.3271558880805969, 0.3334701359272003]]
[[0.3370537757873535, 0.3290529251098633, 0.3338932991027832]]
[[0.33939480781555176, 0.328616738319397, 0.3319884240627289]]
[[0.33776479959487915, 0.3303851783275604, 0.33184996247291565]]
[[0.3371765911579132, 0.32704341411590576, 0.33577996492385864]]
[[0.3369514048099518, 0.32891911268234253, 0.3341294229030609]]
[[0.33786866068840027, 0.3281055688858032, 0.3340257704257965]]
[[0.33828362822532654, 0.32735946774482727, 0.3343568742275238]]
[[0.3382022976875305, 0.32700419425964355, 0.33479347825050354]]
[[0.3380540907382965, 0.32692399621009827, 0.33502188324928284]]
[[0.33793744444847107, 0.32686084508895874, 0.3352017104625702]]
[[0.33790406584739685, 0.32679814100265503, 0.33529776334762573]]
[[0.3378981649875641, 0.326756089925766, 0.3353457748889923]]
[[0.3378962278366089, 0.3267277479171753, 0.3353760838508606]]
[[0.33788996934890747, 0.3267184793949127, 0.33539149165153503]]
[[0.3378773629665375, 0.32672736048698425, 0.33539530634880066]]
[[0.3378666341304779, 0.3267352283000946, 0.3353981673717499]]
[[0.33785751461982727, 0.3267420530319214, 0.33540043234825134]]
[[0.33784952759742737, 0.3267478346824646, 0.33540260791778564]]
[[0.3378426134586334, 0.32675251364707947, 0.33540481328964233]]
[[0.33783671259880066, 0.32675623893737793, 0.335407018661499]]
hyposthese:
2 pieces , <unk> & <unk> ; <unk> <unk> <unk> <unk> <unk> <unk> <unk> <unk> <unk> <unk> <unk> <unk> <unk> <unk> <unk> <unk> <unk>
reference:
2 pieces , <unk> myometrium ; ~4x2mm focus of inactive endometrium delineated
