[[0.3202783465385437, 0.35053300857543945, 0.32918861508369446]]
[[0.335880845785141, 0.32767167687416077, 0.33644741773605347]]
[[0.33688807487487793, 0.3283059298992157, 0.33480599522590637]]
[[0.3414691388607025, 0.3343067169189453, 0.32422417402267456]]
[[0.3401205539703369, 0.33440864086151123, 0.3254707455635071]]
[[0.33421406149864197, 0.3342171013355255, 0.3315688371658325]]
[[0.33393171429634094, 0.3400830924510956, 0.3259851634502411]]
[[0.3323374390602112, 0.33821752667427063, 0.3294450342655182]]
[[0.333315372467041, 0.3372988700866699, 0.32938578724861145]]
[[0.3328072428703308, 0.3370622992515564, 0.33013051748275757]]
hyposthese:
6 pieces , up to <unk> ; well trimmed
reference:
6 pieces ; mucosa autolyzed ; muscularis preserved
