[[0.3114824891090393, 0.33017200231552124, 0.35834553837776184]]
[[0.34368306398391724, 0.32107043266296387, 0.3352464735507965]]
[[0.3416834771633148, 0.32749107480049133, 0.33082544803619385]]
[[0.339666485786438, 0.33527830243110657, 0.32505521178245544]]
[[0.3405498266220093, 0.33685609698295593, 0.3225940763950348]]
[[0.3387084901332855, 0.3317447602748871, 0.329546719789505]]
[[0.33351564407348633, 0.3393247723579407, 0.3271596133708954]]
[[0.33446386456489563, 0.3369031846523285, 0.32863298058509827]]
[[0.33625316619873047, 0.33468320965766907, 0.3290635943412781]]
[[0.3355626165866852, 0.33511918783187866, 0.32931819558143616]]
hyposthese:
6 pieces , up to <unk> ; well trimmed
reference:
6 pieces , confirmed target muscularis
