[[0.321042001247406, 0.3364010751247406, 0.3425569534301758]]
[[0.33320438861846924, 0.32487013936042786, 0.3419255316257477]]
[[0.3344799280166626, 0.3265256881713867, 0.3389942944049835]]
[[0.33620259165763855, 0.3294074535369873, 0.33438992500305176]]
[[0.3327209949493408, 0.33243170380592346, 0.3348473012447357]]
[[0.33412155508995056, 0.33468955755233765, 0.3311888575553894]]
[[0.336361825466156, 0.3357141613960266, 0.3279240131378174]]
[[0.33460739254951477, 0.33435508608818054, 0.33103758096694946]]
[[0.33479413390159607, 0.333511084318161, 0.3316947817802429]]
[[0.33393344283103943, 0.33413511514663696, 0.3319314122200012]]
[[0.33509504795074463, 0.3338770568370819, 0.33102789521217346]]
[[0.33528444170951843, 0.3339165449142456, 0.33079904317855835]]
[[0.33531835675239563, 0.3337900638580322, 0.33089154958724976]]
[[0.33530500531196594, 0.33374103903770447, 0.3309539258480072]]
[[0.3353128731250763, 0.3337673544883728, 0.3309197425842285]]
[[0.3353327214717865, 0.33380550146102905, 0.33086180686950684]]
[[0.33535486459732056, 0.3338339030742645, 0.3308112323284149]]
[[0.33537861704826355, 0.3338528871536255, 0.33076852560043335]]
[[0.3354019820690155, 0.3338663578033447, 0.3307316303253174]]
[[0.3354228734970093, 0.3338787853717804, 0.33069831132888794]]
[[0.3354412317276001, 0.33389022946357727, 0.33066850900650024]]
[[0.3354571461677551, 0.3339007496833801, 0.33064210414886475]]
[[0.3354708254337311, 0.3339102864265442, 0.33061885833740234]]
[[0.33548256754875183, 0.333918958902359, 0.33059847354888916]]
[[0.33549264073371887, 0.3339267373085022, 0.3305806517601013]]
[[0.3355012536048889, 0.33393365144729614, 0.33056512475013733]]
[[0.33550867438316345, 0.333939790725708, 0.33055153489112854]]
[[0.3355150520801544, 0.33394527435302734, 0.3305397033691406]]
[[0.33552056550979614, 0.33395010232925415, 0.3305293619632721]]
[[0.3355253040790558, 0.3339543342590332, 0.3305203318595886]]
[[0.3355294466018677, 0.33395811915397644, 0.33051246404647827]]
[[0.3355330228805542, 0.3339613974094391, 0.3305056095123291]]
[[0.33553609251976013, 0.3339643180370331, 0.3304996192455292]]
[[0.335538774728775, 0.3339668810367584, 0.33049437403678894]]
[[0.33554109930992126, 0.3339691460132599, 0.3304898142814636]]
[[0.33554309606552124, 0.3339711129665375, 0.3304857909679413]]
[[0.3355448544025421, 0.33397284150123596, 0.3304823040962219]]
[[0.3355463743209839, 0.3339743912220001, 0.3304792642593384]]
[[0.33554768562316895, 0.33397573232650757, 0.3304765522480011]]
[[0.3355488181114197, 0.3339768946170807, 0.33047422766685486]]
[[0.33554986119270325, 0.33397796750068665, 0.3304722011089325]]
[[0.3355506956577301, 0.33397889137268066, 0.33047038316726685]]
[[0.33555150032043457, 0.3339797258377075, 0.3304688334465027]]
[[0.3355521261692047, 0.33398041129112244, 0.33046743273735046]]
[[0.3355526924133301, 0.3339810073375702, 0.33046624064445496]]
[[0.33555322885513306, 0.33398160338401794, 0.330465167760849]]
[[0.33555367588996887, 0.33398211002349854, 0.3304642140865326]]
[[0.3355540633201599, 0.33398252725601196, 0.3304634094238281]]
[[0.33555442094802856, 0.333982914686203, 0.3304626941680908]]
[[0.33555471897125244, 0.33398327231407166, 0.3304620087146759]]
[[0.33555498719215393, 0.33398357033729553, 0.33046144247055054]]
