[[0.323480486869812, 0.3361871540546417, 0.34033235907554626]]
[[0.3327348828315735, 0.3261556327342987, 0.3411094844341278]]
[[0.33611249923706055, 0.33058205246925354, 0.3333054780960083]]
[[0.3327079117298126, 0.32934918999671936, 0.3379429578781128]]
[[0.33163854479789734, 0.3336755931377411, 0.33468592166900635]]
[[0.3342273235321045, 0.328727126121521, 0.3370455503463745]]
[[0.33297160267829895, 0.33061152696609497, 0.3364168703556061]]
[[0.33466315269470215, 0.3264103829860687, 0.33892643451690674]]
[[0.3351510167121887, 0.32819700241088867, 0.3366519510746002]]
[[0.33401691913604736, 0.3287733793258667, 0.33720967173576355]]
hyposthese:
4 pieces , up to <unk> ; well trimmed
reference:
4 pieces , includes adherent meninges
