[[0.33296823501586914, 0.344559907913208, 0.32247182726860046]]
[[0.33764585852622986, 0.3254176080226898, 0.3369365632534027]]
[[0.3294091820716858, 0.33418580889701843, 0.336404949426651]]
[[0.33973410725593567, 0.3274705708026886, 0.33279529213905334]]
[[0.3353440761566162, 0.3296850919723511, 0.3349708914756775]]
[[0.33389386534690857, 0.33086496591567993, 0.3352411687374115]]
[[0.3327995538711548, 0.3295794129371643, 0.33762097358703613]]
[[0.3360649049282074, 0.3299761712551117, 0.3339588940143585]]
[[0.3356616199016571, 0.33036747574806213, 0.33397096395492554]]
[[0.3341461718082428, 0.33049777150154114, 0.3353560268878937]]
[[0.3341907560825348, 0.33199697732925415, 0.33381223678588867]]
[[0.3340625464916229, 0.33127692341804504, 0.3346605598926544]]
[[0.33622872829437256, 0.3306345045566559, 0.33313676714897156]]
hyposthese:
6 pieces , up to <unk> ; squamous epithelium is <unk> microns
reference:
6 pieces up to 9x3 mm ;
