[[0.32109740376472473, 0.3370896875858307, 0.3418129086494446]]
[[0.32846736907958984, 0.3332917094230652, 0.33824095129966736]]
[[0.33449068665504456, 0.3339340090751648, 0.33157530426979065]]
[[0.33566632866859436, 0.33269429206848145, 0.3316393494606018]]
[[0.33513143658638, 0.3260084092617035, 0.3388601243495941]]
[[0.33473411202430725, 0.33198437094688416, 0.333281546831131]]
[[0.33758845925331116, 0.328645259141922, 0.33376631140708923]]
[[0.3324434757232666, 0.33322301506996155, 0.33433353900909424]]
[[0.3345630466938019, 0.33098915219306946, 0.3344477713108063]]
[[0.3330569863319397, 0.33540236949920654, 0.33154064416885376]]
[[0.33432379364967346, 0.3345021605491638, 0.3311740458011627]]
[[0.3350837528705597, 0.33508679270744324, 0.32982945442199707]]
[[0.3350662291049957, 0.33559486269950867, 0.329338937997818]]
[[0.3349777162075043, 0.3357846438884735, 0.32923761010169983]]
[[0.33486902713775635, 0.33590641617774963, 0.329224556684494]]
[[0.3347569406032562, 0.33604905009269714, 0.32919400930404663]]
[[0.3346947431564331, 0.33615028858184814, 0.32915499806404114]]
hyposthese:
2 pieces , no & <unk> ; <unk> <unk> <unk> <unk> <unk> <unk> <unk> <unk> <unk>
reference:
2 pieces , minimal internal fat
