[[0.3249087929725647, 0.34024128317832947, 0.33484992384910583]]
[[0.33324387669563293, 0.32720550894737244, 0.33955055475234985]]
[[0.33174842596054077, 0.3366506099700928, 0.33160099387168884]]
[[0.3315490484237671, 0.33157187700271606, 0.33687910437583923]]
[[0.33132314682006836, 0.3367489278316498, 0.33192792534828186]]
[[0.3337361216545105, 0.33220216631889343, 0.33406174182891846]]
[[0.33309873938560486, 0.3311852812767029, 0.33571603894233704]]
[[0.33337321877479553, 0.32831794023513794, 0.33830884099006653]]
[[0.3351841866970062, 0.33111777901649475, 0.3336980640888214]]
[[0.3343771994113922, 0.32900914549827576, 0.33661362528800964]]
[[0.33499959111213684, 0.3292180597782135, 0.33578234910964966]]
[[0.3337250053882599, 0.332759827375412, 0.3335151672363281]]
[[0.3346536457538605, 0.32910171151161194, 0.33624467253685]]
hyposthese:
6 pieces , up to <unk> ; squamous mucosa is <unk> <unk>
reference:
1 piece , correlates with <unk>
