[[0.32558897137641907, 0.3422633707523346, 0.33214765787124634]]
[[0.33589038252830505, 0.3352111577987671, 0.32889848947525024]]
[[0.334181547164917, 0.33319687843322754, 0.3326215445995331]]
[[0.3369256556034088, 0.33364126086235046, 0.3294331133365631]]
[[0.33664470911026, 0.3339768648147583, 0.3293784558773041]]
[[0.33501654863357544, 0.33361271023750305, 0.3313708007335663]]
[[0.33879798650741577, 0.3321346640586853, 0.3290673792362213]]
[[0.3335217535495758, 0.33419471979141235, 0.33228355646133423]]
[[0.33794403076171875, 0.3337523937225342, 0.32830357551574707]]
[[0.33490389585494995, 0.3339084982872009, 0.3311876058578491]]
hyposthese:
2 pieces , <unk> & <unk> ; <unk> <unk>
reference:
2 pieces , no abnormalities
