[[0.32794705033302307, 0.315668523311615, 0.35638442635536194]]
[[0.33043166995048523, 0.3366285264492035, 0.33293983340263367]]
[[0.32949158549308777, 0.3333328664302826, 0.33717554807662964]]
[[0.33272308111190796, 0.33725064992904663, 0.3300262689590454]]
[[0.3325078785419464, 0.3415374457836151, 0.3259546458721161]]
[[0.33302298188209534, 0.33636561036109924, 0.3306114077568054]]
[[0.33361920714378357, 0.3400475084781647, 0.32633328437805176]]
[[0.3355756998062134, 0.3356340527534485, 0.32879021763801575]]
[[0.3339766263961792, 0.33855554461479187, 0.3274678587913513]]
[[0.33497530221939087, 0.33621835708618164, 0.3288063704967499]]
[[0.3372458517551422, 0.3345562517642975, 0.3281978666782379]]
[[0.33513063192367554, 0.3351384997367859, 0.3297308683395386]]
[[0.3371378779411316, 0.3358474373817444, 0.3270147144794464]]
hyposthese:
6 pieces , up to <unk> ; squamous epithelium is <unk> microns
reference:
6 pieces ; too much subcutaneous fat on 4 of 6
