[[0.33258238434791565, 0.34404098987579346, 0.3233765959739685]]
[[0.34165918827056885, 0.3268345594406128, 0.33150628209114075]]
[[0.33717888593673706, 0.3289881646633148, 0.3338329493999481]]
[[0.3454584777355194, 0.3203958570957184, 0.3341456651687622]]
[[0.3384665548801422, 0.3256904184818268, 0.3358430564403534]]
[[0.33648234605789185, 0.33370038866996765, 0.3298172652721405]]
[[0.3404887020587921, 0.3303842544555664, 0.3291270434856415]]
[[0.3351699411869049, 0.3313573896884918, 0.3334726095199585]]
[[0.33685946464538574, 0.32974469661712646, 0.33339589834213257]]
[[0.33795857429504395, 0.329953134059906, 0.33208829164505005]]
hyposthese:
6 pieces , up to <unk> ; well trimmed
reference:
6 pieces , confirmed target muscularis
