[[0.3261449933052063, 0.3426058292388916, 0.3312491476535797]]
[[0.3361644446849823, 0.32976701855659485, 0.33406853675842285]]
[[0.33095884323120117, 0.3350248336791992, 0.3340163230895996]]
[[0.3272256851196289, 0.3398989140987396, 0.33287540078163147]]
[[0.3338618874549866, 0.3356769382953644, 0.33046120405197144]]
[[0.33602115511894226, 0.33524855971336365, 0.3287303149700165]]
[[0.3348870277404785, 0.33755600452423096, 0.3275569677352905]]
[[0.3320230543613434, 0.3357324004173279, 0.33224451541900635]]
[[0.3348398804664612, 0.3330712914466858, 0.3320888578891754]]
[[0.3334454298019409, 0.3342644274234772, 0.33229008316993713]]
[[0.33323734998703003, 0.33320268988609314, 0.33355996012687683]]
[[0.3376981317996979, 0.3307870924472809, 0.33151474595069885]]
[[0.3336244523525238, 0.3341430723667145, 0.3322325050830841]]
hyposthese:
6 pieces , up to <unk> ; squamous epithelium is <unk> <unk>
reference:
6 pieces ; well preserved
