[[0.32260754704475403, 0.3386131525039673, 0.3387792408466339]]
[[0.33171048760414124, 0.332378625869751, 0.3359108567237854]]
[[0.3331257402896881, 0.3274725079536438, 0.3394017219543457]]
[[0.3350812792778015, 0.32853761315345764, 0.33638110756874084]]
[[0.3345454931259155, 0.3294386565685272, 0.33601588010787964]]
[[0.3321755826473236, 0.3303775191307068, 0.3374468982219696]]
[[0.3347320556640625, 0.3271636664867401, 0.3381042778491974]]
[[0.33240512013435364, 0.3299902677536011, 0.3376046121120453]]
[[0.3322087824344635, 0.33197420835494995, 0.33581700921058655]]
[[0.3304341733455658, 0.33079615235328674, 0.3387696146965027]]
[[0.33036795258522034, 0.33029577136039734, 0.33933624625205994]]
[[0.33016443252563477, 0.33021506667137146, 0.3396205008029938]]
[[0.33007505536079407, 0.33042141795158386, 0.33950352668762207]]
[[0.3300515413284302, 0.3305192291736603, 0.33942925930023193]]
[[0.33000266551971436, 0.33059537410736084, 0.3394019305706024]]
[[0.3299659490585327, 0.33063316345214844, 0.33940088748931885]]
hyposthese:
2 pieces , <unk> & <unk> ; <unk> <unk> <unk> <unk> <unk> <unk> <unk> <unk>
reference:
2 pieces ~8x7mm . minimal steatosis
