[[0.3357747197151184, 0.3280649185180664, 0.3361603915691376]]
[[0.33062678575515747, 0.33155450224876404, 0.3378186821937561]]
[[0.3299998939037323, 0.33187344670295715, 0.33812668919563293]]
[[0.334488183259964, 0.3311275541782379, 0.3343842923641205]]
[[0.3311414122581482, 0.3340972065925598, 0.334761381149292]]
[[0.33390891551971436, 0.33269068598747253, 0.3334003686904907]]
[[0.3330267369747162, 0.33144593238830566, 0.33552730083465576]]
[[0.33325424790382385, 0.3317546844482422, 0.33499112725257874]]
[[0.3346564769744873, 0.3327634632587433, 0.332580029964447]]
hyposthese:
2 pieces , no <unk> ; 1 piece
reference:
2 pieces , 11x7 & 12x8mm ;
