[[0.33192944526672363, 0.319166898727417, 0.34890371561050415]]
[[0.3323436379432678, 0.33505046367645264, 0.33260586857795715]]
[[0.33120590448379517, 0.33567601442337036, 0.33311811089515686]]
[[0.33311355113983154, 0.3363625109195709, 0.33052393794059753]]
[[0.3297777473926544, 0.3363972008228302, 0.33382508158683777]]
[[0.3350093364715576, 0.3346395790576935, 0.3303510546684265]]
[[0.33484670519828796, 0.3349416255950928, 0.33021166920661926]]
hyposthese:
1 piece , <unk> <unk> <unk>
reference:
2 pieces ; well preserved
