[[0.3153952658176422, 0.34905555844306946, 0.33554917573928833]]
[[0.33293992280960083, 0.3335121273994446, 0.3335479199886322]]
[[0.34402307868003845, 0.32434603571891785, 0.3316308557987213]]
[[0.3472119867801666, 0.3199949860572815, 0.33279305696487427]]
[[0.3393345773220062, 0.3219617009162903, 0.3387037217617035]]
[[0.33790937066078186, 0.32702574133872986, 0.33506491780281067]]
[[0.33612093329429626, 0.33010876178741455, 0.3337702453136444]]
[[0.3378671109676361, 0.32921987771987915, 0.33291304111480713]]
[[0.33569419384002686, 0.3291594386100769, 0.33514636754989624]]
[[0.338565468788147, 0.3273131847381592, 0.33412137627601624]]
hyposthese:
4 pieces , up to <unk> ; well trimmed
reference:
4 pieces
