[[0.3461434543132782, 0.33383262157440186, 0.32002392411231995]]
[[0.33355361223220825, 0.33362653851509094, 0.3328198492527008]]
[[0.3338776230812073, 0.33174964785575867, 0.33437269926071167]]
[[0.3343033194541931, 0.33330297470092773, 0.33239367604255676]]
[[0.33327963948249817, 0.33161500096321106, 0.33510535955429077]]
[[0.3336428105831146, 0.33350834250450134, 0.3328488767147064]]
[[0.33224597573280334, 0.33393746614456177, 0.3338165879249573]]
[[0.3343220353126526, 0.3344970643520355, 0.3311808705329895]]
[[0.3347054421901703, 0.3349723815917969, 0.3303222060203552]]
[[0.3335241675376892, 0.3348577320575714, 0.331618070602417]]
[[0.3332701623439789, 0.33477240800857544, 0.3319574296474457]]
[[0.33336248993873596, 0.3346651494503021, 0.3319723606109619]]
[[0.33341097831726074, 0.33452078700065613, 0.33206823468208313]]
[[0.3334764540195465, 0.33450764417648315, 0.33201587200164795]]
[[0.3335532248020172, 0.3344951868057251, 0.3319515585899353]]
[[0.3335980772972107, 0.3345334529876709, 0.3318684995174408]]
[[0.3336348533630371, 0.33456605672836304, 0.33179914951324463]]
[[0.33367374539375305, 0.33457982540130615, 0.33174648880958557]]
hyposthese:
2 pieces , <unk> & <unk> ; <unk> <unk> <unk> <unk> <unk> <unk> <unk> <unk> <unk> <unk>
reference:
2 pieces
