[[0.32723328471183777, 0.33465486764907837, 0.33811184763908386]]
[[0.33686745166778564, 0.3352094888687134, 0.32792308926582336]]
[[0.3349166512489319, 0.33093008399009705, 0.33415326476097107]]
[[0.3437119126319885, 0.3335805833339691, 0.32270753383636475]]
[[0.3432571291923523, 0.33287322521209717, 0.32386961579322815]]
[[0.3399133086204529, 0.3327893018722534, 0.3272974193096161]]
[[0.34179452061653137, 0.3303011655807495, 0.3279043138027191]]
[[0.3382052779197693, 0.3331671953201294, 0.32862749695777893]]
[[0.33856114745140076, 0.33331120014190674, 0.3281276226043701]]
[[0.34231558442115784, 0.32977861166000366, 0.3279057443141937]]
[[0.3372632563114166, 0.3342632055282593, 0.3284735381603241]]
[[0.33670154213905334, 0.3311976194381714, 0.33210086822509766]]
[[0.3379254937171936, 0.33277657628059387, 0.3292979300022125]]
hyposthese:
6 pieces , up to <unk> ; squamous epithelium is <unk> <unk>
reference:
6 pieces
