[[0.34273242950439453, 0.3257477879524231, 0.33151984214782715]]
[[0.34216663241386414, 0.32587510347366333, 0.33195823431015015]]
[[0.33682486414909363, 0.33432531356811523, 0.32884982228279114]]
[[0.3302804231643677, 0.33748659491539, 0.3322330117225647]]
[[0.33377671241760254, 0.3350593149662018, 0.3311639428138733]]
[[0.33716413378715515, 0.3309534192085266, 0.3318824768066406]]
[[0.3336627781391144, 0.33363306522369385, 0.332704097032547]]
[[0.33469444513320923, 0.33203840255737305, 0.3332671821117401]]
[[0.3370855152606964, 0.33287426829338074, 0.33004021644592285]]
[[0.33767762780189514, 0.33099961280822754, 0.3313227593898773]]
[[0.33752626180648804, 0.33057889342308044, 0.3318948745727539]]
[[0.33734631538391113, 0.3308737576007843, 0.33177995681762695]]
[[0.3371051847934723, 0.3310583829879761, 0.33183643221855164]]
[[0.33708518743515015, 0.3311135470867157, 0.33180129528045654]]
[[0.3370856046676636, 0.33117109537124634, 0.3317432999610901]]
[[0.33708491921424866, 0.33121204376220703, 0.3317030370235443]]
[[0.3370839059352875, 0.33122602105140686, 0.3316900134086609]]
[[0.33708617091178894, 0.3312300145626068, 0.33168381452560425]]
[[0.3370755612850189, 0.33122575283050537, 0.3316987454891205]]
[[0.3370685279369354, 0.3312196731567383, 0.33171185851097107]]
[[0.33706381916999817, 0.33121299743652344, 0.3317232131958008]]
[[0.33706068992614746, 0.3312062919139862, 0.33173298835754395]]
[[0.3370588719844818, 0.3312002420425415, 0.3317408859729767]]
hyposthese:
2 pieces , <unk> & <unk> ; <unk> <unk> <unk> <unk> <unk> <unk> <unk> <unk> <unk> <unk> <unk> <unk> <unk> <unk> <unk>
reference:
2 <unk> x 6 mm post-menopausal stroma
