[[0.3504403233528137, 0.3095753490924835, 0.339984267950058]]
[[0.3287717401981354, 0.3439539670944214, 0.32727426290512085]]
[[0.3372054100036621, 0.3382270932197571, 0.3245674669742584]]
[[0.3388073444366455, 0.3456725776195526, 0.3155200481414795]]
[[0.3404785394668579, 0.3379318416118622, 0.3215896487236023]]
[[0.33955448865890503, 0.3356049954891205, 0.3248405456542969]]
[[0.347384512424469, 0.33134645223617554, 0.32126903533935547]]
[[0.33918267488479614, 0.33656880259513855, 0.3242485821247101]]
[[0.3392074406147003, 0.3378179371356964, 0.32297462224960327]]
[[0.339076966047287, 0.33686959743499756, 0.32405346632003784]]
[[0.340629905462265, 0.3362271785736084, 0.323142945766449]]
[[0.3412267863750458, 0.33617350459098816, 0.32259973883628845]]
[[0.34153851866722107, 0.3362347483634949, 0.32222673296928406]]
[[0.3416840732097626, 0.33621275424957275, 0.3221031427383423]]
[[0.3417627811431885, 0.33615487813949585, 0.3220823109149933]]
[[0.3418166935443878, 0.33607545495033264, 0.32210785150527954]]
[[0.34185779094696045, 0.3359905183315277, 0.32215169072151184]]
[[0.34187430143356323, 0.3359040319919586, 0.32222163677215576]]
hyposthese:
2 pieces , <unk> & <unk> ; <unk> <unk> <unk> <unk> <unk> <unk> <unk> <unk> <unk> <unk>
reference:
2 pieces + fragments , corpora albicantia present
