[[0.29954037070274353, 0.33439451456069946, 0.3660651445388794]]
[[0.3334970772266388, 0.3450436592102051, 0.32145926356315613]]
[[0.34578442573547363, 0.33813509345054626, 0.3160804510116577]]
[[0.3451193571090698, 0.3329884111881256, 0.3218922019004822]]
[[0.3350602686405182, 0.33852076530456543, 0.32641899585723877]]
[[0.33359450101852417, 0.3376557230949402, 0.32874974608421326]]
[[0.33512958884239197, 0.3368615508079529, 0.32800889015197754]]
[[0.33449655771255493, 0.3359169363975525, 0.32958653569221497]]
[[0.33175328373908997, 0.33656373620033264, 0.3316829800605774]]
[[0.3349364697933197, 0.33260032534599304, 0.33246320486068726]]
[[0.3358169198036194, 0.33287206292152405, 0.33131101727485657]]
[[0.3303242325782776, 0.33622869849205017, 0.33344703912734985]]
[[0.3310374617576599, 0.3353976905345917, 0.333564817905426]]
[[0.3315168619155884, 0.33661729097366333, 0.3318658471107483]]
hyposthese:
6 pieces , up to <unk> ; well preserved , <unk> <unk> <unk>
reference:
6 pieces 3 with some glomeruli , encircled , 3 largely medulla ~6x2mm
