[[0.3237494230270386, 0.34049007296562195, 0.3357605040073395]]
[[0.3383503556251526, 0.3315716087818146, 0.33007803559303284]]
[[0.33463621139526367, 0.3366067111492157, 0.32875707745552063]]
[[0.33209875226020813, 0.33714088797569275, 0.33076032996177673]]
[[0.33133411407470703, 0.3364853262901306, 0.33218052983283997]]
[[0.3333180546760559, 0.3326558470726013, 0.3340260684490204]]
[[0.3315027058124542, 0.3331557810306549, 0.33534154295921326]]
[[0.33188408613204956, 0.332976371049881, 0.33513951301574707]]
[[0.3316105604171753, 0.333340048789978, 0.33504942059516907]]
[[0.3315451741218567, 0.33169034123420715, 0.33676448464393616]]
[[0.3339833617210388, 0.3329148292541504, 0.3331018090248108]]
[[0.33194172382354736, 0.33355584740638733, 0.3345024287700653]]
[[0.3328482210636139, 0.33351096510887146, 0.3336408734321594]]
hyposthese:
6 pieces , up to <unk> ; squamous epithelium is <unk> microns
reference:
6 pieces . all with mucosa
