[[0.322938472032547, 0.3279760181903839, 0.3490855395793915]]
[[0.3398725092411041, 0.33654969930648804, 0.3235778212547302]]
[[0.3349665403366089, 0.340060293674469, 0.32497313618659973]]
[[0.3343037962913513, 0.33706673979759216, 0.3286294937133789]]
[[0.3370388448238373, 0.33320891857147217, 0.32975220680236816]]
[[0.33242514729499817, 0.33414560556411743, 0.3334292769432068]]
[[0.33216679096221924, 0.3330370783805847, 0.33479613065719604]]
[[0.3302622139453888, 0.33457306027412415, 0.3351646959781647]]
[[0.3336848020553589, 0.33290624618530273, 0.3334089517593384]]
[[0.3299708962440491, 0.3347902297973633, 0.33523884415626526]]
[[0.3304305076599121, 0.335219144821167, 0.3343503475189209]]
[[0.33039531111717224, 0.3354732394218445, 0.33413147926330566]]
[[0.3305743634700775, 0.3355060815811157, 0.33391958475112915]]
[[0.33075574040412903, 0.33543264865875244, 0.33381161093711853]]
[[0.33091771602630615, 0.33531755208969116, 0.33376479148864746]]
[[0.331023633480072, 0.3352397084236145, 0.33373668789863586]]
[[0.33106669783592224, 0.33520862460136414, 0.3337246775627136]]
[[0.33108076453208923, 0.3352227210998535, 0.33369654417037964]]
[[0.33108896017074585, 0.33524003624916077, 0.333670973777771]]
[[0.33109933137893677, 0.33524957299232483, 0.3336511254310608]]
[[0.33110395073890686, 0.3352654278278351, 0.33363059163093567]]
[[0.33110687136650085, 0.3352814316749573, 0.33361169695854187]]
[[0.3311091363430023, 0.3352963328361511, 0.33359450101852417]]
[[0.33111751079559326, 0.33530667424201965, 0.3335758149623871]]
[[0.33112913370132446, 0.33531394600868225, 0.33355697989463806]]
[[0.33114108443260193, 0.3353174328804016, 0.3335414528846741]]
[[0.3311525881290436, 0.33531925082206726, 0.33352816104888916]]
[[0.33115527033805847, 0.3353246748447418, 0.3335200846195221]]
[[0.3311562240123749, 0.33533018827438354, 0.3335135877132416]]
[[0.33115729689598083, 0.33533498644828796, 0.3335077166557312]]
[[0.3311583995819092, 0.33533915877342224, 0.3335024416446686]]
[[0.3311595320701599, 0.33534279465675354, 0.3334977328777313]]
[[0.3311605751514435, 0.33534589409828186, 0.3334934711456299]]
[[0.33116158843040466, 0.33534863591194153, 0.3334897756576538]]
[[0.33116254210472107, 0.33535099029541016, 0.3334864377975464]]
[[0.3311634063720703, 0.3353530764579773, 0.3334835469722748]]
[[0.33116415143013, 0.33535489439964294, 0.33348095417022705]]
[[0.3311648666858673, 0.3353564739227295, 0.3334786593914032]]
[[0.33116552233695984, 0.3353578746318817, 0.33347663283348083]]
[[0.3311660587787628, 0.3353590965270996, 0.33347487449645996]]
[[0.3311665654182434, 0.3353601396083832, 0.3334732949733734]]
[[0.33116698265075684, 0.3353610932826996, 0.3334719240665436]]
[[0.3311673700809479, 0.33536189794540405, 0.3334707021713257]]
[[0.33116772770881653, 0.33536264300346375, 0.3334696590900421]]
[[0.3311680257320404, 0.3353632390499115, 0.3334687054157257]]
[[0.3311682939529419, 0.33536380529403687, 0.33346784114837646]]
[[0.331168532371521, 0.33536428213119507, 0.33346712589263916]]
[[0.3311687707901001, 0.33536475896835327, 0.333466500043869]]
[[0.3311689496040344, 0.3353651463985443, 0.33346593379974365]]
[[0.33116915822029114, 0.3353654742240906, 0.3334653973579407]]
[[0.3311692774295807, 0.33536574244499207, 0.33346495032310486]]
