[[0.3284072279930115, 0.3185707926750183, 0.3530219495296478]]
[[0.33926817774772644, 0.3341722786426544, 0.3265596032142639]]
[[0.33155685663223267, 0.3332553505897522, 0.3351878523826599]]
[[0.33412966132164, 0.33475056290626526, 0.3311197757720947]]
[[0.33245649933815, 0.33453211188316345, 0.3330113887786865]]
[[0.3307945728302002, 0.33394354581832886, 0.33526188135147095]]
[[0.33072155714035034, 0.33254531025886536, 0.3367331624031067]]
[[0.3309938311576843, 0.333353191614151, 0.3356529772281647]]
[[0.33146584033966064, 0.33329713344573975, 0.3352370262145996]]
[[0.3313957154750824, 0.33330729603767395, 0.33529698848724365]]
[[0.3311924934387207, 0.3333354890346527, 0.3354720175266266]]
[[0.33110150694847107, 0.33331024646759033, 0.3355883061885834]]
[[0.3310268521308899, 0.33329230546951294, 0.33568084239959717]]
[[0.3309486508369446, 0.3332864046096802, 0.33576497435569763]]
[[0.3308660686016083, 0.3332887291908264, 0.3358452022075653]]
[[0.3307837247848511, 0.3332957923412323, 0.33592045307159424]]
[[0.33070293068885803, 0.3333064913749695, 0.3359905779361725]]
[[0.3306249678134918, 0.3333195149898529, 0.3360554873943329]]
[[0.33055350184440613, 0.33333584666252136, 0.3361106514930725]]
[[0.33048737049102783, 0.33335378766059875, 0.3361588418483734]]
[[0.33042603731155396, 0.33337149024009705, 0.3362025320529938]]
[[0.33037060499191284, 0.33338794112205505, 0.3362414836883545]]
[[0.33032095432281494, 0.33340296149253845, 0.3362760841846466]]
[[0.33027663826942444, 0.3334167003631592, 0.3363065719604492]]
[[0.3302376866340637, 0.33343151211738586, 0.33633074164390564]]
[[0.3302013576030731, 0.33344924449920654, 0.33634936809539795]]
[[0.3301691710948944, 0.3334651291370392, 0.3363656997680664]]
[[0.33014073967933655, 0.3334793150424957, 0.3363800048828125]]
[[0.33011558651924133, 0.3334919214248657, 0.33639249205589294]]
[[0.3300933837890625, 0.3335031569004059, 0.33640339970588684]]
[[0.33007383346557617, 0.33351320028305054, 0.3364129960536957]]
[[0.3300565481185913, 0.33352208137512207, 0.33642134070396423]]
[[0.3300413489341736, 0.3335300087928772, 0.3364286720752716]]
[[0.33002790808677673, 0.3335370123386383, 0.3364350497722626]]
[[0.33001604676246643, 0.3335433006286621, 0.33644065260887146]]
[[0.33000561594963074, 0.3335488438606262, 0.33644554018974304]]
[[0.32999637722969055, 0.3335537612438202, 0.33644983172416687]]
[[0.3299882411956787, 0.3335581421852112, 0.3364535868167877]]
[[0.32998108863830566, 0.33356204628944397, 0.33645689487457275]]
[[0.3299747109413147, 0.33356550335884094, 0.33645978569984436]]
[[0.3299691081047058, 0.3335685431957245, 0.3364622890949249]]
[[0.32996416091918945, 0.33357128500938416, 0.3364645540714264]]
[[0.32995980978012085, 0.33357369899749756, 0.336466521024704]]
[[0.32995593547821045, 0.3335758447647095, 0.33646824955940247]]
[[0.32995250821113586, 0.3335777521133423, 0.33646970987319946]]
[[0.3299494683742523, 0.3335794508457184, 0.3364710509777069]]
[[0.3299468457698822, 0.33358094096183777, 0.3364722430706024]]
[[0.3299444615840912, 0.3335822820663452, 0.3364732563495636]]
[[0.32994237542152405, 0.3335834741592407, 0.3364741802215576]]
[[0.3299404978752136, 0.3335845470428467, 0.3364749848842621]]
[[0.3299388587474823, 0.3335854709148407, 0.336475670337677]]
