[[0.3273719847202301, 0.33369186520576477, 0.3389361798763275]]
[[0.34327924251556396, 0.32717394828796387, 0.3295467793941498]]
[[0.34028369188308716, 0.33108416199684143, 0.328632116317749]]
[[0.3353250026702881, 0.33659836649894714, 0.32807666063308716]]
[[0.3399560749530792, 0.33248236775398254, 0.32756152749061584]]
[[0.3348389267921448, 0.33479616045951843, 0.3303649127483368]]
[[0.34357136487960815, 0.3316425681114197, 0.32478609681129456]]
[[0.33285900950431824, 0.3345393240451813, 0.33260172605514526]]
[[0.33689188957214355, 0.33304211497306824, 0.3300659954547882]]
[[0.33460718393325806, 0.33580639958381653, 0.3295864462852478]]
[[0.3337503671646118, 0.3368056118488312, 0.3294440507888794]]
[[0.3364602327346802, 0.333462655544281, 0.33007708191871643]]
[[0.33481815457344055, 0.33525657653808594, 0.3299252986907959]]
[[0.33537453413009644, 0.33538705110549927, 0.3292384743690491]]
[[0.33492136001586914, 0.3356808125972748, 0.32939785718917847]]
[[0.3347974121570587, 0.3363562822341919, 0.3288463056087494]]
[[0.3348461389541626, 0.3366304636001587, 0.3285233974456787]]
[[0.33486780524253845, 0.33674219250679016, 0.3283900022506714]]
[[0.3348577320575714, 0.3367439806461334, 0.3283982574939728]]
[[0.3348584771156311, 0.3367394208908081, 0.3284020721912384]]
[[0.3348631262779236, 0.33673638105392456, 0.32840049266815186]]
[[0.3348709046840668, 0.33673548698425293, 0.3283936083316803]]
[[0.3348810374736786, 0.3367360830307007, 0.3283829092979431]]
[[0.3348924219608307, 0.33673739433288574, 0.32837024331092834]]
[[0.33490416407585144, 0.33673879504203796, 0.3283570408821106]]
hyposthese:
2 pieces , <unk> & <unk> ; well trimmed , <unk> <unk> <unk> <unk> <unk> <unk> <unk> <unk> <unk> <unk> <unk> <unk> <unk> .
reference:
2 pieces , fairly well preserved , islets visible , rep delineated
