[[0.3190471827983856, 0.3294006288051605, 0.35155221819877625]]
[[0.3323361277580261, 0.3339708745479584, 0.3336930572986603]]
[[0.32787859439849854, 0.341612309217453, 0.3305090665817261]]
[[0.3377562463283539, 0.3287535309791565, 0.3334902226924896]]
[[0.33511483669281006, 0.32703447341918945, 0.3378506898880005]]
[[0.33279547095298767, 0.3315776586532593, 0.33562687039375305]]
[[0.33700141310691833, 0.33070939779281616, 0.3322892189025879]]
[[0.3343381881713867, 0.33270564675331116, 0.3329562246799469]]
[[0.33437252044677734, 0.3293619453907013, 0.3362654745578766]]
[[0.33644890785217285, 0.3296634256839752, 0.33388760685920715]]
[[0.3371638357639313, 0.3272973895072937, 0.33553874492645264]]
[[0.3366726338863373, 0.329533189535141, 0.33379417657852173]]
[[0.33600521087646484, 0.3274001181125641, 0.33659467101097107]]
hyposthese:
6 pieces , up to <unk> ; squamous epithelium is <unk> microns
reference:
6 pieces , 2 with ~20 % attached fat
