[[0.32612356543540955, 0.33126261830329895, 0.3426138460636139]]
[[0.3263493776321411, 0.3396078646183014, 0.3340427279472351]]
[[0.32892119884490967, 0.33023250102996826, 0.34084635972976685]]
[[0.3323555290699005, 0.33057907223701477, 0.3370654284954071]]
[[0.33907410502433777, 0.3283322751522064, 0.3325936198234558]]
[[0.3351574242115021, 0.3307892680168152, 0.33405330777168274]]
[[0.3355777859687805, 0.3281816244125366, 0.33624058961868286]]
[[0.33439627289772034, 0.3315555453300476, 0.33404821157455444]]
[[0.3377722501754761, 0.3296929597854614, 0.3325348198413849]]
[[0.33529984951019287, 0.33093225955963135, 0.33376792073249817]]
[[0.3355009853839874, 0.33048126101493835, 0.3340177834033966]]
hyposthese:
2 pieces , <unk> & <unk> ; <unk> <unk> <unk>
reference:
2 pieces
