[[0.30833420157432556, 0.33479663729667664, 0.3568691611289978]]
[[0.33592739701271057, 0.33361586928367615, 0.3304567337036133]]
[[0.3380926847457886, 0.32943955063819885, 0.33246779441833496]]
[[0.3344182074069977, 0.33401092886924744, 0.3315708339214325]]
[[0.33213284611701965, 0.33013299107551575, 0.337734192609787]]
[[0.33185866475105286, 0.33296725153923035, 0.3351741135120392]]
[[0.3297572731971741, 0.32928311824798584, 0.3409596085548401]]
[[0.3314744234085083, 0.33231791853904724, 0.33620765805244446]]
[[0.3316032588481903, 0.3335126042366028, 0.33488407731056213]]
[[0.3306514024734497, 0.33431410789489746, 0.3350345194339752]]
hyposthese:
6 pieces , up to <unk> ; well trimmed
reference:
6 pieces , <unk> and serosa
