[[0.33427461981773376, 0.3471546471118927, 0.3185707628726959]]
[[0.3418513536453247, 0.3264292776584625, 0.33171936869621277]]
[[0.3296017050743103, 0.3342306315898895, 0.33616772294044495]]
[[0.3336166739463806, 0.32982197403907776, 0.33656132221221924]]
[[0.3298128545284271, 0.33296146988868713, 0.33722570538520813]]
[[0.3329277038574219, 0.3339322805404663, 0.3331400454044342]]
[[0.3352830708026886, 0.3350587785243988, 0.3296581208705902]]
[[0.33070477843284607, 0.33493727445602417, 0.3343579173088074]]
[[0.33303067088127136, 0.33262214064598083, 0.3343471586704254]]
[[0.33097270131111145, 0.3346419632434845, 0.33438533544540405]]
hyposthese:
6 pieces , up to <unk> ; well trimmed
reference:
6 pieces , well dissected
