[[0.30772578716278076, 0.3523603081703186, 0.339913934469223]]
[[0.3399293124675751, 0.32626476883888245, 0.3338058888912201]]
[[0.33500826358795166, 0.32642582058906555, 0.3385659158229828]]
[[0.34001848101615906, 0.3267204165458679, 0.33326107263565063]]
[[0.3335464596748352, 0.33380356431007385, 0.33264994621276855]]
[[0.33227458596229553, 0.335269570350647, 0.3324558138847351]]
[[0.33267632126808167, 0.3340865671634674, 0.33323705196380615]]
[[0.3324110805988312, 0.3339550793170929, 0.3336338996887207]]
[[0.3320186734199524, 0.33424094319343567, 0.3337404131889343]]
[[0.33184030652046204, 0.33422914147377014, 0.3339305520057678]]
[[0.33181774616241455, 0.3341673016548157, 0.3340149521827698]]
[[0.3318077027797699, 0.3341391384601593, 0.3340531587600708]]
[[0.33178916573524475, 0.33414849638938904, 0.3340623676776886]]
hyposthese:
1 piece ; <unk> <unk> <unk> <unk> <unk> <unk> <unk> <unk> <unk>
reference:
1 piece ; mostly adenohypophysis
