[[0.3101045787334442, 0.334682434797287, 0.3552129566669464]]
[[0.3362734317779541, 0.3420288562774658, 0.32169774174690247]]
[[0.3400604724884033, 0.3317730128765106, 0.32816654443740845]]
[[0.3421516418457031, 0.3254461884498596, 0.33240219950675964]]
[[0.3363306224346161, 0.329917311668396, 0.3337520360946655]]
[[0.33359551429748535, 0.337057501077652, 0.32934698462486267]]
[[0.3330197036266327, 0.33468228578567505, 0.3322979807853699]]
[[0.33304083347320557, 0.3345166742801666, 0.3324425220489502]]
[[0.3325541019439697, 0.33404776453971863, 0.33339816331863403]]
[[0.3325793743133545, 0.3332965672016144, 0.3341240882873535]]
hyposthese:
6 pieces , up to <unk> ; well trimmed
reference:
6 pieces ; mucosa=3 ; muscle = 1 ( autolysis )
