[[0.3294086456298828, 0.3356642425060272, 0.33492711186408997]]
[[0.34258782863616943, 0.33194833993911743, 0.32546383142471313]]
[[0.3345237672328949, 0.3314293324947357, 0.3340469002723694]]
[[0.3364694118499756, 0.3325663208961487, 0.33096423745155334]]
[[0.3287380337715149, 0.33547598123550415, 0.33578595519065857]]
[[0.3298795819282532, 0.33453983068466187, 0.3355805277824402]]
[[0.3289634883403778, 0.3348917067050934, 0.33614474534988403]]
[[0.3312525451183319, 0.3329469561576843, 0.3358004689216614]]
[[0.33054983615875244, 0.33532479405403137, 0.3341253399848938]]
[[0.33260393142700195, 0.3314281702041626, 0.33596789836883545]]
[[0.33219075202941895, 0.3335106074810028, 0.33429864048957825]]
[[0.3305177390575409, 0.335718035697937, 0.3337642252445221]]
[[0.33311593532562256, 0.33356189727783203, 0.333322137594223]]
hyposthese:
6 pieces , minimal dermal fat , squamous epithelium is <unk> microns
reference:
7 pieces ; well trimmed
