[[0.3401988446712494, 0.3368309736251831, 0.3229701817035675]]
[[0.3391663730144501, 0.33254244923591614, 0.3282912075519562]]
[[0.3325251638889313, 0.3299635052680969, 0.337511271238327]]
[[0.32618507742881775, 0.3341492712497711, 0.3396656811237335]]
[[0.32977038621902466, 0.3358031213283539, 0.3344264328479767]]
[[0.33181387186050415, 0.333098828792572, 0.33508726954460144]]
[[0.33148905634880066, 0.3325466215610504, 0.33596429228782654]]
[[0.329364150762558, 0.3346346318721771, 0.3360012173652649]]
[[0.3320018947124481, 0.3341320753097534, 0.33386605978012085]]
[[0.32771584391593933, 0.3353767395019531, 0.33690741658210754]]
hyposthese:
6 pieces , up to <unk> ; well trimmed
reference:
6 pieces , target muscularis
