[[0.3332535922527313, 0.3464134931564331, 0.3203328847885132]]
[[0.3359313905239105, 0.32804441452026367, 0.3360241949558258]]
[[0.3426177203655243, 0.3204485774040222, 0.3369336724281311]]
[[0.34150317311286926, 0.3258315324783325, 0.3326653242111206]]
[[0.3382928669452667, 0.33183106780052185, 0.3298761248588562]]
[[0.3407435119152069, 0.3274788558483124, 0.3317776024341583]]
[[0.3407418727874756, 0.3290390074253082, 0.3302191197872162]]
[[0.33461764454841614, 0.33291348814964294, 0.3324688673019409]]
[[0.3363720178604126, 0.3310526907444, 0.3325752913951874]]
[[0.3363139033317566, 0.3320527970790863, 0.3316332995891571]]
hyposthese:
6 pieces , up to <unk> ; well trimmed
reference:
6 <unk> pieces
