[[0.32769572734832764, 0.32791775465011597, 0.3443864583969116]]
[[0.33436259627342224, 0.3306336998939514, 0.33500364422798157]]
[[0.33740583062171936, 0.3343561291694641, 0.3282380700111389]]
[[0.3443637788295746, 0.32705608010292053, 0.32858020067214966]]
[[0.3338317275047302, 0.33309391140937805, 0.33307433128356934]]
[[0.3370106816291809, 0.3338719606399536, 0.32911738753318787]]
[[0.33631235361099243, 0.3323589563369751, 0.3313286602497101]]
[[0.3398939371109009, 0.3267742097377777, 0.333331823348999]]
[[0.33825382590293884, 0.33061233162879944, 0.3311338424682617]]
[[0.3353698253631592, 0.32967424392700195, 0.3349559009075165]]
hyposthese:
6 pieces , up to <unk> ; well trimmed
reference:
6 pieces , no atherosis
