[[0.3336493968963623, 0.3399496376514435, 0.3264009654521942]]
[[0.3221251964569092, 0.34308159351348877, 0.33479321002960205]]
[[0.33218932151794434, 0.3351342976093292, 0.33267638087272644]]
[[0.334675669670105, 0.3321664035320282, 0.3331579566001892]]
[[0.3311915993690491, 0.3339778482913971, 0.3348305821418762]]
[[0.327587753534317, 0.33850136399269104, 0.33391091227531433]]
[[0.32982099056243896, 0.33698856830596924, 0.3331904113292694]]
[[0.3287138342857361, 0.33685386180877686, 0.33443233370780945]]
[[0.32947948575019836, 0.3357170522212982, 0.3348034918308258]]
[[0.32796645164489746, 0.33756136894226074, 0.334472119808197]]
[[0.3283727169036865, 0.3371070325374603, 0.33452022075653076]]
hyposthese:
2 pieces , <unk> & <unk> ; <unk> <unk> <unk>
reference:
2 pieces , congested
