[[0.31752219796180725, 0.37396591901779175, 0.3085119128227234]]
[[0.3344631493091583, 0.32012131810188293, 0.3454155921936035]]
[[0.3287959396839142, 0.3309757113456726, 0.3402283787727356]]
[[0.3331371247768402, 0.32476019859313965, 0.34210267663002014]]
[[0.3335036337375641, 0.334928959608078, 0.3315674364566803]]
[[0.3334709703922272, 0.3335490822792053, 0.3329799175262451]]
[[0.3352713882923126, 0.33263853192329407, 0.3320901393890381]]
[[0.33372369408607483, 0.3324449956417084, 0.3338313102722168]]
[[0.3343086838722229, 0.3334527909755707, 0.33223846554756165]]
[[0.33375102281570435, 0.3339271545410156, 0.3323218524456024]]
[[0.33353787660598755, 0.33394548296928406, 0.332516610622406]]
[[0.33407723903656006, 0.33289870619773865, 0.3330239951610565]]
[[0.3343699872493744, 0.33246856927871704, 0.33316144347190857]]
[[0.33441948890686035, 0.3323751389980316, 0.33320534229278564]]
[[0.3344230651855469, 0.3323671221733093, 0.3332098424434662]]
[[0.33441632986068726, 0.332392156124115, 0.33319151401519775]]
[[0.33440256118774414, 0.33243879675865173, 0.3331586718559265]]
[[0.33438754081726074, 0.3324834108352661, 0.33312904834747314]]
[[0.33438339829444885, 0.33250218629837036, 0.3331144452095032]]
hyposthese:
2 pieces , <unk> & <unk> ; <unk> <unk> <unk> <unk> <unk> <unk> <unk> <unk> <unk> <unk> <unk>
reference:
2 pieces . moderate medullary hyperplasia
