[[0.34433820843696594, 0.31299200654029846, 0.342669814825058]]
[[0.33374282717704773, 0.33910197019577026, 0.3271552324295044]]
[[0.33253446221351624, 0.33706414699554443, 0.33040136098861694]]
[[0.3324833810329437, 0.34238868951797485, 0.32512789964675903]]
[[0.33417752385139465, 0.3380109965801239, 0.32781144976615906]]
[[0.3330027759075165, 0.3332017958164215, 0.3337954580783844]]
[[0.33046838641166687, 0.336485356092453, 0.3330463171005249]]
[[0.3330071270465851, 0.335101455450058, 0.33189141750335693]]
[[0.33167070150375366, 0.33612558245658875, 0.33220374584198]]
[[0.3337199091911316, 0.334125280380249, 0.332154780626297]]
hyposthese:
6 pieces , up to <unk> ; well trimmed
reference:
6 pieces ; well trimmed
