[[0.3286798596382141, 0.32466310262680054, 0.3466570973396301]]
[[0.32947108149528503, 0.33571895956993103, 0.33480995893478394]]
[[0.3409232199192047, 0.33238157629966736, 0.32669517397880554]]
[[0.3357528746128082, 0.33329856395721436, 0.3309485614299774]]
[[0.3368185758590698, 0.330660343170166, 0.33252108097076416]]
[[0.3329862952232361, 0.3341729938983917, 0.3328407406806946]]
[[0.33545124530792236, 0.3329268991947174, 0.33162182569503784]]
[[0.33567899465560913, 0.33314886689186096, 0.3311721384525299]]
[[0.3331214487552643, 0.33233800530433655, 0.3345404863357544]]
[[0.3338003158569336, 0.33380091190338135, 0.33239880204200745]]
[[0.3334329426288605, 0.3345278799533844, 0.33203911781311035]]
[[0.33267995715141296, 0.3354041576385498, 0.331915944814682]]
[[0.33218899369239807, 0.33468031883239746, 0.33313071727752686]]
[[0.33201923966407776, 0.33438023924827576, 0.3336004614830017]]
[[0.33188000321388245, 0.33433082699775696, 0.3337891697883606]]
[[0.33170226216316223, 0.33438563346862793, 0.33391207456588745]]
[[0.3315345346927643, 0.334440141916275, 0.3340253233909607]]
[[0.33141300082206726, 0.3344719111919403, 0.33411502838134766]]
[[0.33134591579437256, 0.33450931310653687, 0.33414480090141296]]
[[0.33130189776420593, 0.3345232903957367, 0.3341748118400574]]
[[0.3312497138977051, 0.3345247507095337, 0.33422553539276123]]
[[0.33119064569473267, 0.3345053195953369, 0.33430400490760803]]
[[0.33114081621170044, 0.3345014452934265, 0.33435770869255066]]
[[0.33108779788017273, 0.33449411392211914, 0.33441805839538574]]
[[0.33104071021080017, 0.3344881236553192, 0.3344711363315582]]
[[0.33100244402885437, 0.3344879746437073, 0.3345095217227936]]
[[0.33097076416015625, 0.3344922661781311, 0.3345370292663574]]
hyposthese:
2 pieces , no & <unk> ; <unk> <unk> <unk> <unk> <unk> <unk> <unk> <unk> <unk> <unk> <unk> <unk> <unk> <unk> <unk> <unk> <unk> <unk> <unk>
reference:
2 ~11x8mm aliquots , minimal ( < 5 % ) interstitial fat
