[[0.3236161768436432, 0.34069162607192993, 0.33569222688674927]]
[[0.3400762677192688, 0.3276118040084839, 0.3323119878768921]]
[[0.33785396814346313, 0.32744115591049194, 0.3347048759460449]]
[[0.3395644426345825, 0.329497754573822, 0.33093777298927307]]
[[0.33578357100486755, 0.32849279046058655, 0.3357236683368683]]
[[0.33535873889923096, 0.32930096983909607, 0.3353402614593506]]
[[0.3359581232070923, 0.33184465765953064, 0.3321972191333771]]
[[0.3361130654811859, 0.32842740416526794, 0.33545947074890137]]
[[0.33345064520835876, 0.32904744148254395, 0.33750197291374207]]
hyposthese:
6 pieces , all muscularis , all muscularis
reference:
6 pieces , confirmed target muscularis
