[[0.3395344018936157, 0.31851300597190857, 0.3419525623321533]]
[[0.3392881453037262, 0.3371202051639557, 0.3235916495323181]]
[[0.3325360417366028, 0.33539482951164246, 0.33206906914711]]
[[0.3329870104789734, 0.3357478082180023, 0.3312651813030243]]
[[0.33412671089172363, 0.3324818015098572, 0.3333914875984192]]
[[0.3336397111415863, 0.32970568537712097, 0.33665457367897034]]
[[0.3318616449832916, 0.33380237221717834, 0.3343360126018524]]
[[0.33167383074760437, 0.3318603038787842, 0.3364659249782562]]
[[0.3337536156177521, 0.33194103837013245, 0.3343053460121155]]
[[0.33397549390792847, 0.3300571143627167, 0.33596739172935486]]
[[0.33417370915412903, 0.32968443632125854, 0.3361419141292572]]
hyposthese:
2 pieces , <unk> & <unk> ; <unk> <unk> <unk>
reference:
2 pieces , glandular elements with advanced autolysis
