[[0.3386053740978241, 0.3332623243331909, 0.3281322717666626]]
[[0.3371797204017639, 0.3348952531814575, 0.32792502641677856]]
[[0.3322017788887024, 0.332896888256073, 0.334901362657547]]
[[0.3303356170654297, 0.33496248722076416, 0.33470192551612854]]
[[0.3376270830631256, 0.3272363841533661, 0.3351365923881531]]
[[0.33738985657691956, 0.3302721679210663, 0.33233800530433655]]
[[0.3375241160392761, 0.3266869783401489, 0.33578893542289734]]
[[0.3323008418083191, 0.33421310782432556, 0.33348605036735535]]
[[0.3371233642101288, 0.3302266001701355, 0.3326500356197357]]
[[0.33377936482429504, 0.3314443826675415, 0.33477622270584106]]
[[0.33514371514320374, 0.33255016803741455, 0.3323061466217041]]
[[0.33859169483184814, 0.3292248547077179, 0.3321834206581116]]
[[0.3353257477283478, 0.3328070342540741, 0.3318672478199005]]
hyposthese:
6 pieces , up to <unk> ; squamous epithelium is <unk> <unk>
reference:
6 pieces , atherosis up to ~0.2mm
