[[0.339328408241272, 0.33292099833488464, 0.3277505934238434]]
[[0.3279476463794708, 0.33585745096206665, 0.3361949026584625]]
[[0.32766079902648926, 0.3374476730823517, 0.33489149808883667]]
[[0.3296184241771698, 0.33122748136520386, 0.33915409445762634]]
[[0.3274097442626953, 0.3344573378562927, 0.33813291788101196]]
[[0.33416855335235596, 0.3306834101676941, 0.33514803647994995]]
[[0.3314840495586395, 0.335384339094162, 0.3331316113471985]]
[[0.3330710530281067, 0.3313979208469391, 0.33553099632263184]]
[[0.33645230531692505, 0.32870179414749146, 0.3348459303379059]]
[[0.33612191677093506, 0.32960882782936096, 0.334269255399704]]
[[0.3355158269405365, 0.3296624422073364, 0.3348217308521271]]
[[0.3355604112148285, 0.32885175943374634, 0.33558785915374756]]
[[0.335507333278656, 0.328607976436615, 0.3358846604824066]]
[[0.335546612739563, 0.3283015191555023, 0.3361518383026123]]
[[0.33555376529693604, 0.32819828391075134, 0.3362479507923126]]
[[0.33561083674430847, 0.32815438508987427, 0.33623477816581726]]
[[0.3356664776802063, 0.32810303568840027, 0.33623045682907104]]
[[0.335714727640152, 0.32805943489074707, 0.33622583746910095]]
[[0.3357536196708679, 0.3280247151851654, 0.3362216651439667]]
[[0.33578404784202576, 0.32799550890922546, 0.3362204432487488]]
[[0.33581340312957764, 0.32796961069107056, 0.3362169563770294]]
[[0.3358415961265564, 0.3279469609260559, 0.3362114429473877]]
[[0.33586809039115906, 0.32792702317237854, 0.3362048864364624]]
[[0.3358926475048065, 0.3279094398021698, 0.33619794249534607]]
[[0.3359141945838928, 0.3278944194316864, 0.336191326379776]]
[[0.3359297215938568, 0.3278832733631134, 0.336186945438385]]
[[0.3359432518482208, 0.3278737962245941, 0.33618295192718506]]
[[0.33595508337020874, 0.3278656601905823, 0.33617928624153137]]
[[0.3359653949737549, 0.32785865664482117, 0.33617594838142395]]
[[0.33597445487976074, 0.32785263657569885, 0.3361729383468628]]
[[0.33598244190216064, 0.3278473913669586, 0.3361701965332031]]
[[0.33598947525024414, 0.3278428316116333, 0.33616769313812256]]
[[0.33599573373794556, 0.32783883810043335, 0.3361654281616211]]
[[0.33600127696990967, 0.3278353214263916, 0.33616334199905396]]
[[0.3360062539577484, 0.32783228158950806, 0.3361614942550659]]
[[0.3360106647014618, 0.3278295695781708, 0.3361597955226898]]
[[0.33601462841033936, 0.327827125787735, 0.33615824580192566]]
[[0.3360182046890259, 0.3278249502182007, 0.33615681529045105]]
[[0.33602142333984375, 0.32782304286956787, 0.33615556359291077]]
[[0.33602428436279297, 0.3278213441371918, 0.33615437150001526]]
[[0.3360269069671631, 0.3278197944164276, 0.3361533284187317]]
[[0.3360292613506317, 0.327818363904953, 0.3361523449420929]]
[[0.3360315263271332, 0.32781723141670227, 0.33615124225616455]]
[[0.33603355288505554, 0.3278162479400635, 0.336150199174881]]
[[0.33603546023368835, 0.32781532406806946, 0.3361491858959198]]
[[0.33603712916374207, 0.3278144896030426, 0.33614832162857056]]
[[0.3360387086868286, 0.3278137445449829, 0.3361475169658661]]
[[0.3360401391983032, 0.32781314849853516, 0.3361467719078064]]
[[0.3360414206981659, 0.3278124928474426, 0.33614611625671387]]
[[0.3360426127910614, 0.32781195640563965, 0.3361454904079437]]
[[0.33604365587234497, 0.32781141996383667, 0.33614489436149597]]
