[[0.3432564437389374, 0.3308778703212738, 0.3258657455444336]]
[[0.3242371678352356, 0.3496374487876892, 0.3261253833770752]]
[[0.3282642364501953, 0.3449593782424927, 0.326776385307312]]
[[0.3277188241481781, 0.34047430753707886, 0.33180689811706543]]
[[0.3312027156352997, 0.3412306010723114, 0.3275667428970337]]
[[0.33261385560035706, 0.3399200737476349, 0.32746604084968567]]
[[0.3272611200809479, 0.34325382113456726, 0.32948508858680725]]
[[0.33356645703315735, 0.33864709734916687, 0.3277864158153534]]
[[0.33133623003959656, 0.34223976731300354, 0.3264240026473999]]
[[0.3331438899040222, 0.34120815992355347, 0.3256479501724243]]
[[0.3343234956264496, 0.3389671742916107, 0.3267093598842621]]
[[0.3342346251010895, 0.3381601572036743, 0.3276052474975586]]
[[0.334058552980423, 0.33841192722320557, 0.32752954959869385]]
[[0.3342489004135132, 0.33840012550354004, 0.3273509740829468]]
[[0.3343721032142639, 0.33835622668266296, 0.3272716701030731]]
[[0.33445659279823303, 0.33830761909484863, 0.32723572850227356]]
[[0.33451709151268005, 0.3382624685764313, 0.32722043991088867]]
[[0.33456531167030334, 0.33820298314094543, 0.3272317349910736]]
[[0.3346034586429596, 0.3381360173225403, 0.32726049423217773]]
[[0.33462730050086975, 0.33806270360946655, 0.3273099958896637]]
[[0.33464840054512024, 0.3379930257797241, 0.32735857367515564]]
[[0.3346697986125946, 0.3379295766353607, 0.3274006247520447]]
[[0.3346906900405884, 0.3378722667694092, 0.32743704319000244]]
[[0.3347107172012329, 0.3378206491470337, 0.3274686336517334]]
[[0.3347214162349701, 0.3377784788608551, 0.3275001049041748]]
[[0.33472803235054016, 0.33774256706237793, 0.32752934098243713]]
[[0.3347342908382416, 0.3377106785774231, 0.3275550305843353]]
[[0.3347400426864624, 0.3376823365688324, 0.3275776207447052]]
[[0.334745317697525, 0.33765721321105957, 0.3275974690914154]]
[[0.33475011587142944, 0.33763501048088074, 0.3276148736476898]]
hyposthese:
2 pieces , <unk> & <unk> ; <unk> <unk> <unk> <unk> <unk> <unk> <unk> <unk> <unk> <unk> <unk> <unk> <unk> <unk> <unk> <unk> <unk> <unk> <unk> <unk> <unk> <unk>
reference:
2 pieces
