[[0.32824406027793884, 0.33900773525238037, 0.3327482044696808]]
[[0.33438214659690857, 0.3350057303905487, 0.33061209321022034]]
[[0.33606329560279846, 0.333153635263443, 0.33078303933143616]]
[[0.33350980281829834, 0.33427178859710693, 0.3322184383869171]]
[[0.3368232250213623, 0.33353498578071594, 0.32964181900024414]]
[[0.33461111783981323, 0.33351850509643555, 0.3318704068660736]]
[[0.33507218956947327, 0.33237332105636597, 0.33255448937416077]]
[[0.33408981561660767, 0.33295920491218567, 0.3329509496688843]]
[[0.334171861410141, 0.3325726389884949, 0.3332555592060089]]
[[0.33465445041656494, 0.331337571144104, 0.33400803804397583]]
[[0.33360999822616577, 0.3319203853607178, 0.33446961641311646]]
[[0.33349040150642395, 0.3318761885166168, 0.33463338017463684]]
[[0.33317190408706665, 0.3320466876029968, 0.33478137850761414]]
[[0.33289647102355957, 0.3322410583496094, 0.33486250042915344]]
[[0.33264440298080444, 0.33239659667015076, 0.3349590003490448]]
[[0.3324424624443054, 0.33247023820877075, 0.33508729934692383]]
hyposthese:
2 pieces , <unk> & <unk> ; <unk> <unk> <unk> <unk> <unk> <unk> <unk> <unk>
reference:
2 pieces , 8x7 & <unk> ; emphysema
