[[0.33178332448005676, 0.34644612669944763, 0.3217705190181732]]
[[0.3413105905056, 0.3220978379249573, 0.33659157156944275]]
[[0.3342283070087433, 0.32978561520576477, 0.33598604798316956]]
[[0.3374651074409485, 0.3291470408439636, 0.3333878219127655]]
[[0.33498600125312805, 0.3276110887527466, 0.33740290999412537]]
[[0.3409216105937958, 0.32247403264045715, 0.33660438656806946]]
[[0.34068727493286133, 0.32236248254776, 0.33695024251937866]]
[[0.33751991391181946, 0.3271554112434387, 0.3353247046470642]]
[[0.3382030725479126, 0.326574444770813, 0.33522242307662964]]
[[0.3381952941417694, 0.3276093304157257, 0.3341953456401825]]
hyposthese:
6 pieces , up to <unk> ; well trimmed
reference:
6 pieces ; no plaques ; well trimmed
