[[0.31515246629714966, 0.334193617105484, 0.3506539762020111]]
[[0.34178677201271057, 0.3313605487346649, 0.3268526494503021]]
[[0.331398606300354, 0.3379075229167938, 0.33069390058517456]]
[[0.33358317613601685, 0.33566516637802124, 0.3307516574859619]]
[[0.3386537432670593, 0.33196523785591125, 0.32938098907470703]]
[[0.33714112639427185, 0.33299633860588074, 0.3298625648021698]]
[[0.33158445358276367, 0.3343372941017151, 0.33407825231552124]]
[[0.333095520734787, 0.3366146981716156, 0.3302897810935974]]
[[0.33702796697616577, 0.33291730284690857, 0.33005470037460327]]
[[0.3364482820034027, 0.3321779668331146, 0.33137375116348267]]
[[0.33600929379463196, 0.33415040373802185, 0.3298403322696686]]
[[0.3350171446800232, 0.3323356807231903, 0.3326472043991089]]
[[0.3358118534088135, 0.3339039087295532, 0.3302842080593109]]
hyposthese:
6 pieces , up to <unk> ; squamous epithelium is <unk> <unk>
reference:
6 pieces ; well dissected
