[[0.311137855052948, 0.3326873481273651, 0.3561747670173645]]
[[0.3345591127872467, 0.33613741397857666, 0.32930347323417664]]
[[0.3332993686199188, 0.3324716091156006, 0.334229052066803]]
[[0.34054258465766907, 0.33165666460990906, 0.3278007507324219]]
[[0.33494502305984497, 0.3313784599304199, 0.3336765170097351]]
[[0.3314971923828125, 0.33367350697517395, 0.33482930064201355]]
[[0.3321659564971924, 0.32999157905578613, 0.33784249424934387]]
[[0.3302496373653412, 0.3349878191947937, 0.3347625136375427]]
[[0.3303304612636566, 0.3328801989555359, 0.3367893397808075]]
[[0.330039381980896, 0.33268555998802185, 0.33727511763572693]]
hyposthese:
6 pieces , up to <unk> ; well trimmed
reference:
6 pieces ; well trimmed
