[[0.3143990933895111, 0.34661760926246643, 0.33898335695266724]]
[[0.33440130949020386, 0.3286411166191101, 0.3369576036930084]]
[[0.33559107780456543, 0.330835223197937, 0.33357366919517517]]
[[0.33094826340675354, 0.3354516923427582, 0.33360007405281067]]
[[0.3277307450771332, 0.3364735245704651, 0.33579570055007935]]
[[0.3328334391117096, 0.33374840021133423, 0.33341819047927856]]
[[0.3306770324707031, 0.33757638931274414, 0.33174657821655273]]
[[0.3301055133342743, 0.3326967656612396, 0.3371977210044861]]
[[0.32911938428878784, 0.3334842026233673, 0.33739641308784485]]
[[0.32508552074432373, 0.33374959230422974, 0.34116485714912415]]
hyposthese:
6 pieces , up to <unk> ; well trimmed
reference:
6 pieces , intimal thickening
