[[0.33607834577560425, 0.336540549993515, 0.32738107442855835]]
[[0.3431074619293213, 0.3236996531486511, 0.3331928551197052]]
[[0.33528390526771545, 0.3275386095046997, 0.3371775150299072]]
[[0.3385551869869232, 0.32696953415870667, 0.33447524905204773]]
[[0.3395083546638489, 0.32601723074913025, 0.33447444438934326]]
[[0.3417091369628906, 0.32649779319763184, 0.3317931294441223]]
[[0.34210649132728577, 0.32450583577156067, 0.3333876430988312]]
[[0.3387908637523651, 0.32859787344932556, 0.33261123299598694]]
[[0.33798947930336, 0.3286516070365906, 0.3333589434623718]]
[[0.3373810946941376, 0.32913461327552795, 0.33348432183265686]]
[[0.33636024594306946, 0.3297174274921417, 0.33392229676246643]]
[[0.34115055203437805, 0.3289809226989746, 0.32986852526664734]]
[[0.3382931649684906, 0.3289133906364441, 0.3327935039997101]]
hyposthese:
6 pieces , up to <unk> ; squamous epithelium is <unk> <unk>
reference:
6 pieces , squamous mucosa sloughing
