[[0.33138781785964966, 0.33147045969963074, 0.3371417820453644]]
[[0.3439362645149231, 0.3045417368412018, 0.35152193903923035]]
[[0.33778277039527893, 0.3220275938510895, 0.3401896357536316]]
[[0.34461793303489685, 0.3217116892337799, 0.33367034792900085]]
[[0.34387895464897156, 0.31673938035964966, 0.3393816649913788]]
[[0.3388957381248474, 0.3219295144081116, 0.3391748070716858]]
[[0.33157050609588623, 0.32596319913864136, 0.34246623516082764]]
[[0.3385538160800934, 0.32402417063713074, 0.3374219834804535]]
[[0.3376012444496155, 0.3212777376174927, 0.34112101793289185]]
[[0.3379969894886017, 0.32299068570137024, 0.3390123248100281]]
[[0.33839651942253113, 0.3248768746852875, 0.3367266058921814]]
[[0.33953961730003357, 0.3244171738624573, 0.33604317903518677]]
[[0.34025320410728455, 0.3238004148006439, 0.33594638109207153]]
[[0.3406418263912201, 0.3234023153781891, 0.33595582842826843]]
hyposthese:
2 pieces , <unk> & <unk> ; <unk> <unk> <unk> <unk> <unk> <unk>
reference:
2 pieces ; atrophic with corpora albicans
