[[0.3383990526199341, 0.3201828598976135, 0.34141805768013]]
[[0.32930511236190796, 0.3401041626930237, 0.33059072494506836]]
[[0.3307809829711914, 0.3337758481502533, 0.3354432284832001]]
[[0.3314509689807892, 0.3360571265220642, 0.332491934299469]]
[[0.3337620198726654, 0.33334967494010925, 0.33288824558258057]]
[[0.33529409766197205, 0.33423513174057007, 0.3304707705974579]]
[[0.3319444954395294, 0.33581575751304626, 0.3322397470474243]]
[[0.33385762572288513, 0.3348829746246338, 0.33125942945480347]]
[[0.3348972499370575, 0.33455678820610046, 0.33054599165916443]]
[[0.3348316252231598, 0.33507853746414185, 0.33008983731269836]]
[[0.33465322852134705, 0.33551231026649475, 0.3298344314098358]]
[[0.334512859582901, 0.33572280406951904, 0.32976436614990234]]
[[0.3344908058643341, 0.33567947149276733, 0.32982972264289856]]
[[0.3344065546989441, 0.3356724679470062, 0.3299209773540497]]
hyposthese:
2 pieces , <unk> & <unk> ; <unk> <unk> <unk> <unk> <unk> <unk>
reference:
2 <unk> aliquots
