[[0.3228786587715149, 0.34370753169059753, 0.3334138095378876]]
[[0.3367069959640503, 0.3300471007823944, 0.3332458436489105]]
[[0.3289007544517517, 0.33665940165519714, 0.3344399034976959]]
[[0.3302695155143738, 0.3334813714027405, 0.33624908328056335]]
[[0.3286304771900177, 0.3381625711917877, 0.33320698142051697]]
[[0.3314704895019531, 0.3359163999557495, 0.332613080739975]]
[[0.3302149176597595, 0.3340407609939575, 0.33574438095092773]]
[[0.329109787940979, 0.335332989692688, 0.335557222366333]]
[[0.32935330271720886, 0.33710941672325134, 0.3335372507572174]]
[[0.3308259844779968, 0.33472752571105957, 0.3344464600086212]]
[[0.3295573890209198, 0.33603307604789734, 0.33440953493118286]]
[[0.3286697566509247, 0.3338605761528015, 0.3374696671962738]]
[[0.3299337923526764, 0.334842711687088, 0.3352234959602356]]
hyposthese:
6 pieces , up to <unk> ; squamous epithelium is <unk> <unk>
reference:
6 pieces ; atherosclerosis
