[[0.2982364892959595, 0.33292296528816223, 0.3688405752182007]]
[[0.34627529978752136, 0.34794339537620544, 0.3057812452316284]]
[[0.34283968806266785, 0.3370096683502197, 0.3201506435871124]]
[[0.34705275297164917, 0.33484920859336853, 0.3180980980396271]]
[[0.34754231572151184, 0.3297085165977478, 0.32274919748306274]]
[[0.339243620634079, 0.33489152789115906, 0.32586485147476196]]
[[0.34607434272766113, 0.3317653238773346, 0.32216036319732666]]
[[0.33753281831741333, 0.3369075357913971, 0.3255596458911896]]
[[0.33813679218292236, 0.3329463601112366, 0.32891684770584106]]
[[0.3386355936527252, 0.3312067687511444, 0.330157607793808]]
hyposthese:
2 pieces , <unk> & <unk> ; well trimmed
reference:
2 pieces ; 10 % internal fibrofatty component
