[[0.3590892553329468, 0.34739699959754944, 0.293513685464859]]
[[0.3247200548648834, 0.32588157057762146, 0.3493984043598175]]
[[0.32730355858802795, 0.3289112150669098, 0.34378519654273987]]
[[0.32796403765678406, 0.326282799243927, 0.34575313329696655]]
[[0.3276336193084717, 0.33208584785461426, 0.34028053283691406]]
[[0.3337956666946411, 0.3313770592212677, 0.3348273038864136]]
[[0.33329641819000244, 0.33054694533348083, 0.3361567258834839]]
[[0.33646178245544434, 0.3302718698978424, 0.33326634764671326]]
[[0.33386677503585815, 0.3305380642414093, 0.33559516072273254]]
[[0.33593958616256714, 0.3285989463329315, 0.33546146750450134]]
[[0.3354331851005554, 0.3298320174217224, 0.33473479747772217]]
[[0.3326737880706787, 0.331972599029541, 0.3353536128997803]]
[[0.33684420585632324, 0.3295097053050995, 0.33364611864089966]]
hyposthese:
6 pieces , up to <unk> ; squamous mucosa is <unk> <unk>
reference:
6 pieces ; congested vessels
