[[0.3609389364719391, 0.33797070384025574, 0.3010903596878052]]
[[0.319602906703949, 0.33155933022499084, 0.3488377332687378]]
[[0.327440470457077, 0.3288341760635376, 0.343725323677063]]
[[0.32604557275772095, 0.3285345733165741, 0.34541988372802734]]
[[0.3285309076309204, 0.3303571045398712, 0.341111958026886]]
[[0.3324792683124542, 0.3306669592857361, 0.3368538022041321]]
[[0.3322506546974182, 0.33192360401153564, 0.33582577109336853]]
[[0.3306783139705658, 0.3312232494354248, 0.338098406791687]]
[[0.33229246735572815, 0.32949602603912354, 0.3382114768028259]]
[[0.3299802243709564, 0.3322584331035614, 0.33776137232780457]]
[[0.33233875036239624, 0.3309411108493805, 0.33672019839286804]]
[[0.33090877532958984, 0.33348923921585083, 0.3356019854545593]]
[[0.33243125677108765, 0.33162373304367065, 0.3359449803829193]]
hyposthese:
6 pieces , up to <unk> ; squamous epithelium is <unk> <unk>
reference:
6 pieces ; abundant lymphoid tissue [ delineated ]
