[[0.330305814743042, 0.3315415680408478, 0.33815258741378784]]
[[0.3349803388118744, 0.33656325936317444, 0.3284563720226288]]
[[0.33932459354400635, 0.33794015645980835, 0.3227353096008301]]
[[0.3431072235107422, 0.33163774013519287, 0.32525500655174255]]
[[0.3420490026473999, 0.3250252902507782, 0.3329257667064667]]
[[0.3390154242515564, 0.3286055028438568, 0.3323791027069092]]
[[0.33843153715133667, 0.3308981955051422, 0.33067020773887634]]
[[0.33698558807373047, 0.3354836106300354, 0.32753080129623413]]
[[0.33782121539115906, 0.32999372482299805, 0.3321850895881653]]
[[0.34055450558662415, 0.3295668661594391, 0.32987865805625916]]
hyposthese:
6 pieces , up to <unk> ; well trimmed
reference:
6 pieces ; target <unk>
