[[0.3310960829257965, 0.3403627574443817, 0.328541100025177]]
[[0.3380754888057709, 0.3231513202190399, 0.3387731909751892]]
[[0.33458036184310913, 0.3329266607761383, 0.33249297738075256]]
[[0.33731842041015625, 0.33025723695755005, 0.3324243724346161]]
[[0.335315078496933, 0.3309604525566101, 0.3337244987487793]]
[[0.3387836515903473, 0.32691845297813416, 0.33429786562919617]]
[[0.3380199670791626, 0.3296794593334198, 0.3323005437850952]]
[[0.33524492383003235, 0.3317887485027313, 0.33296629786491394]]
[[0.3382353186607361, 0.32860279083251953, 0.33316195011138916]]
hyposthese:
2 pieces , minimal interstitial fat , delineated
reference:
2 pieces , trace interstitial fat
