[[0.3070141077041626, 0.35515981912612915, 0.33782607316970825]]
[[0.3254883885383606, 0.33882951736450195, 0.33568212389945984]]
[[0.3379792869091034, 0.32764285802841187, 0.33437788486480713]]
[[0.33781588077545166, 0.3292316794395447, 0.33295243978500366]]
[[0.335566908121109, 0.3231002390384674, 0.3413328528404236]]
[[0.33338478207588196, 0.32760560512542725, 0.3390096426010132]]
[[0.33320727944374084, 0.3309038281440735, 0.33588892221450806]]
[[0.333030104637146, 0.3324883282184601, 0.3344816267490387]]
[[0.333799809217453, 0.3297170400619507, 0.3364831209182739]]
[[0.3343695402145386, 0.3320043385028839, 0.3336260914802551]]
[[0.3351133465766907, 0.33119985461235046, 0.33368685841560364]]
[[0.3356623649597168, 0.33126646280288696, 0.33307117223739624]]
[[0.3351116180419922, 0.3320326805114746, 0.3328557014465332]]
hyposthese:
6 pieces , up to <unk> ; squamous epithelium is <unk> microns
reference:
6 pieces , ~8x3mm . focal dermal hemorrhages
