[[0.3333131670951843, 0.35170477628707886, 0.3149820566177368]]
[[0.32334479689598083, 0.33880171179771423, 0.33785346150398254]]
[[0.3314807415008545, 0.33201929926872253, 0.3364999294281006]]
[[0.33289921283721924, 0.3305351436138153, 0.33656567335128784]]
[[0.34065186977386475, 0.32957860827445984, 0.329769492149353]]
[[0.33175307512283325, 0.33790722489356995, 0.3303397297859192]]
[[0.3361588716506958, 0.3322884440422058, 0.3315526843070984]]
[[0.332650750875473, 0.3359951674938202, 0.3313540816307068]]
[[0.3362032175064087, 0.3343515992164612, 0.3294452130794525]]
[[0.33199676871299744, 0.33706313371658325, 0.3309401273727417]]
[[0.33163705468177795, 0.3375794589519501, 0.33078351616859436]]
hyposthese:
2 pieces , <unk> & <unk> ; <unk> <unk> <unk>
reference:
2 pieces ; slight congestion
