[[0.3313773572444916, 0.33574438095092773, 0.33287832140922546]]
[[0.3433416187763214, 0.33267465233802795, 0.323983758687973]]
[[0.33829861879348755, 0.33461371064186096, 0.3270876407623291]]
[[0.3346889019012451, 0.3363535404205322, 0.32895755767822266]]
[[0.33619439601898193, 0.33380284905433655, 0.3300028145313263]]
[[0.3312694728374481, 0.3351243734359741, 0.33360618352890015]]
[[0.3329976499080658, 0.3362576961517334, 0.3307446837425232]]
[[0.3308393359184265, 0.33541572093963623, 0.33374491333961487]]
[[0.32970425486564636, 0.3356662392616272, 0.33462947607040405]]
[[0.33088862895965576, 0.3346276581287384, 0.3344837725162506]]
[[0.3311675488948822, 0.3344118595123291, 0.3344205617904663]]
[[0.33120059967041016, 0.33452290296554565, 0.3342765271663666]]
[[0.3310144543647766, 0.33454132080078125, 0.33444422483444214]]
[[0.33094358444213867, 0.3344586193561554, 0.33459776639938354]]
[[0.3309464156627655, 0.33436745405197144, 0.33468613028526306]]
[[0.33096182346343994, 0.33428603410720825, 0.3347521722316742]]
[[0.3309735655784607, 0.3342244625091553, 0.3348020017147064]]
[[0.33098694682121277, 0.3341825604438782, 0.33483052253723145]]
[[0.3309989273548126, 0.33415210247039795, 0.3348489999771118]]
[[0.3310101628303528, 0.3341301381587982, 0.3348597586154938]]
[[0.331020712852478, 0.33411434292793274, 0.33486494421958923]]
[[0.33102932572364807, 0.33410146832466125, 0.33486923575401306]]
[[0.3310367166996002, 0.3340910077095032, 0.3348723351955414]]
[[0.33104386925697327, 0.33408302068710327, 0.33487313985824585]]
[[0.3310507833957672, 0.33407682180404663, 0.33487242460250854]]
[[0.3310573399066925, 0.33407190442085266, 0.33487075567245483]]
[[0.33106356859207153, 0.3340679705142975, 0.33486849069595337]]
[[0.33106932044029236, 0.3340647220611572, 0.3348659574985504]]
[[0.33107468485832214, 0.33406203985214233, 0.3348632752895355]]
[[0.3310796022415161, 0.3340597450733185, 0.3348606824874878]]
[[0.33108407258987427, 0.33405783772468567, 0.33485811948776245]]
[[0.331088125705719, 0.33405613899230957, 0.33485573530197144]]
[[0.3310917913913727, 0.3340546786785126, 0.33485350012779236]]
[[0.3310950994491577, 0.3340534567832947, 0.33485147356987]]
[[0.3310980796813965, 0.33405232429504395, 0.33484962582588196]]
[[0.3311007022857666, 0.33405137062072754, 0.33484792709350586]]
[[0.3311030864715576, 0.3340505063533783, 0.3348464071750641]]
[[0.33110517263412476, 0.334049791097641, 0.33484506607055664]]
[[0.3311070501804352, 0.3340490758419037, 0.33484381437301636]]
[[0.3311087489128113, 0.3340485095977783, 0.3348427712917328]]
[[0.3311102092266083, 0.33404800295829773, 0.3348417580127716]]
[[0.33111143112182617, 0.33404773473739624, 0.3348408639431]]
[[0.33111241459846497, 0.3340475261211395, 0.3348400890827179]]
[[0.3311132788658142, 0.3340472877025604, 0.334839403629303]]
[[0.3311140835285187, 0.3340471088886261, 0.3348388075828552]]
[[0.3311147689819336, 0.33404695987701416, 0.33483827114105225]]
[[0.33111539483070374, 0.33404678106307983, 0.33483779430389404]]
[[0.3311159312725067, 0.3340466618537903, 0.3348373770713806]]
[[0.3311164379119873, 0.33404654264450073, 0.3348369896411896]]
[[0.3311168849468231, 0.3340464234352112, 0.3348366618156433]]
[[0.3311172425746918, 0.334046334028244, 0.33483636379241943]]
