[[0.3522975742816925, 0.32625752687454224, 0.32144489884376526]]
[[0.32667747139930725, 0.34380877017974854, 0.329513818025589]]
[[0.32803454995155334, 0.33910059928894043, 0.3328648507595062]]
[[0.3184608221054077, 0.3448522388935089, 0.3366869390010834]]
[[0.32534319162368774, 0.3399136960506439, 0.33474311232566833]]
[[0.32954686880111694, 0.3367684483528137, 0.33368468284606934]]
[[0.32722383737564087, 0.33908408880233765, 0.3336920738220215]]
[[0.3264572024345398, 0.33864304423332214, 0.33489978313446045]]
[[0.3264267146587372, 0.33835452795028687, 0.33521875739097595]]
[[0.32272079586982727, 0.3416186273097992, 0.33566057682037354]]
[[0.32390013337135315, 0.3400917053222656, 0.3360081613063812]]
[[0.32871386408805847, 0.33696070313453674, 0.3343254327774048]]
[[0.3274487555027008, 0.3381049931049347, 0.3344462513923645]]
[[0.3254598081111908, 0.3389369547367096, 0.3356032073497772]]
hyposthese:
6 pieces , up to <unk> ; well preserved , <unk> <unk> <unk>
reference:
6 pieces , mucosa and submucosa
