[[0.33156657218933105, 0.3443981111049652, 0.32403531670570374]]
[[0.34634697437286377, 0.3221995234489441, 0.33145347237586975]]
[[0.3408310115337372, 0.32441484928131104, 0.3347541093826294]]
[[0.33570727705955505, 0.32506194710731506, 0.3392307460308075]]
[[0.3399423062801361, 0.32931089401245117, 0.33074676990509033]]
[[0.33543094992637634, 0.33175212144851685, 0.3328169286251068]]
[[0.3416174054145813, 0.330459862947464, 0.3279227316379547]]
[[0.33804866671562195, 0.33179688453674316, 0.3301544487476349]]
[[0.3367075026035309, 0.33148181438446045, 0.3318106532096863]]
[[0.3405833840370178, 0.32908394932746887, 0.3303326666355133]]
[[0.33702516555786133, 0.33106011152267456, 0.3319147229194641]]
[[0.3381582498550415, 0.3334150016307831, 0.328426718711853]]
[[0.3378669023513794, 0.3313041925430298, 0.3308289349079132]]
hyposthese:
6 pieces , up to <unk> ; squamous mucosa is <unk> <unk>
reference:
6 pieces
