[[0.347117155790329, 0.32146286964416504, 0.3314199447631836]]
[[0.33358287811279297, 0.33044201135635376, 0.33597517013549805]]
[[0.32927221059799194, 0.33352500200271606, 0.3372028172016144]]
[[0.3303212523460388, 0.33140966296195984, 0.33826905488967896]]
[[0.3278276026248932, 0.33170753717422485, 0.34046486020088196]]
[[0.33168184757232666, 0.3332843780517578, 0.3350337743759155]]
[[0.3302004635334015, 0.3329056203365326, 0.33689388632774353]]
[[0.3339497447013855, 0.33365723490715027, 0.33239299058914185]]
[[0.33169156312942505, 0.3333187699317932, 0.33498963713645935]]
[[0.332474023103714, 0.33627986907958984, 0.33124610781669617]]
[[0.33267608284950256, 0.334629088640213, 0.3326948583126068]]
[[0.33338192105293274, 0.33578550815582275, 0.3308325707912445]]
[[0.3335745930671692, 0.33443111181259155, 0.33199426531791687]]
hyposthese:
6 pieces , up to <unk> ; squamous epithelium is <unk> microns
reference:
6 pieces ; well trimmed
