[[0.3492055833339691, 0.3165671229362488, 0.3342272639274597]]
[[0.3297384977340698, 0.33658668398857117, 0.333674818277359]]
[[0.327106237411499, 0.34529250860214233, 0.32760125398635864]]
[[0.32757362723350525, 0.34064608812332153, 0.3317802846431732]]
[[0.33170175552368164, 0.33619940280914307, 0.3320988118648529]]
[[0.3347507119178772, 0.33554956316947937, 0.32969972491264343]]
[[0.3353736400604248, 0.336590051651001, 0.32803627848625183]]
[[0.33359503746032715, 0.3352559208869934, 0.33114904165267944]]
[[0.3320947587490082, 0.3329489529132843, 0.3349563181400299]]
[[0.33531656861305237, 0.33346155285835266, 0.3312218487262726]]
hyposthese:
2 pieces , no & <unk> ; well trimmed
reference:
2 pieces ; ~10 % internal fat
