[[0.34539592266082764, 0.3288426697254181, 0.3257614076137543]]
[[0.31948888301849365, 0.34561312198638916, 0.3348979651927948]]
[[0.32762062549591064, 0.3339730203151703, 0.33840635418891907]]
[[0.32957494258880615, 0.33520013093948364, 0.3352248966693878]]
[[0.33158981800079346, 0.3294511139392853, 0.33895906805992126]]
[[0.33050742745399475, 0.3328213393688202, 0.33667123317718506]]
[[0.3314457833766937, 0.3283102512359619, 0.34024396538734436]]
[[0.331705242395401, 0.33115312457084656, 0.33714163303375244]]
[[0.3316591680049896, 0.3311988115310669, 0.3371419906616211]]
[[0.33092251420021057, 0.33192068338394165, 0.337156742811203]]
[[0.33120667934417725, 0.3326018154621124, 0.33619147539138794]]
[[0.33094334602355957, 0.33282768726348877, 0.3362289369106293]]
[[0.3308848738670349, 0.3328123390674591, 0.33630281686782837]]
[[0.3308282494544983, 0.332888662815094, 0.3362831175327301]]
[[0.33084699511528015, 0.33291754126548767, 0.3362354040145874]]
[[0.3309587836265564, 0.3328586220741272, 0.3361826241016388]]
[[0.3310467600822449, 0.3328006863594055, 0.3361526131629944]]
[[0.33110615611076355, 0.33275508880615234, 0.3361387252807617]]
[[0.3311458230018616, 0.3327217102050781, 0.3361324667930603]]
hyposthese:
2 pieces , <unk> & <unk> ; <unk> <unk> <unk> <unk> <unk> <unk> <unk> <unk> <unk> <unk> <unk>
reference:
2 pieces , all myometrium
