[[0.3306286931037903, 0.3245563209056854, 0.34481504559516907]]
[[0.3400629758834839, 0.33453652262687683, 0.32540053129196167]]
[[0.33217543363571167, 0.3361401855945587, 0.3316844403743744]]
[[0.33243486285209656, 0.3319363296031952, 0.33562883734703064]]
[[0.3319992423057556, 0.32737642526626587, 0.34062430262565613]]
[[0.3324509561061859, 0.3253191113471985, 0.3422299325466156]]
[[0.33621037006378174, 0.3248501420021057, 0.33893951773643494]]
[[0.3347540497779846, 0.32993388175964355, 0.3353120982646942]]
[[0.3318309783935547, 0.32783564925193787, 0.34033337235450745]]
[[0.3338199555873871, 0.3285054564476013, 0.3376745283603668]]
[[0.33443087339401245, 0.32916635274887085, 0.3364027142524719]]
[[0.33644381165504456, 0.3260984420776367, 0.3374577760696411]]
[[0.33553338050842285, 0.3289692997932434, 0.33549728989601135]]
hyposthese:
6 pieces , up to <unk> ; squamous epithelium is <unk> microns
reference:
6 pieces ; well trimmed , but 1 ; 10 % dermal fat
