[[0.23556819558143616, 0.15011803805828094, 0.2130642682313919, 0.20207759737968445, 0.19917184114456177]]
[[0.24041181802749634, 0.1652613878250122, 0.19485841691493988, 0.19944985210895538, 0.200018510222435]]
[[0.17090749740600586, 0.23356840014457703, 0.19678592681884766, 0.1981508582830429, 0.20058731734752655]]
[[0.15573829412460327, 0.25283703207969666, 0.1928391009569168, 0.19437581300735474, 0.20420978963375092]]
[[0.1985439956188202, 0.19689393043518066, 0.20524203777313232, 0.19932009279727936, 0.19999991357326508]]
[[0.19964873790740967, 0.19537653028964996, 0.20534829795360565, 0.20050682127475739, 0.19911956787109375]]
[[0.22658377885818481, 0.1723724901676178, 0.20889461040496826, 0.19713449478149414, 0.19501467049121857]]
[[0.16432170569896698, 0.22952969372272491, 0.20329231023788452, 0.1967608630657196, 0.2060953974723816]]
[[0.19438791275024414, 0.20217379927635193, 0.2023622989654541, 0.19831940531730652, 0.2027565985918045]]
[[0.20447354018688202, 0.19683706760406494, 0.20078538358211517, 0.19922593235969543, 0.19867804646492004]]
[[0.2012544572353363, 0.19902360439300537, 0.2011084258556366, 0.19972284138202667, 0.19889073073863983]]
[[0.19902463257312775, 0.20017752051353455, 0.20038089156150818, 0.20024283230304718, 0.20017416775226593]]
[[0.19991624355316162, 0.20000746846199036, 0.20015300810337067, 0.19997961819171906, 0.1999436616897583]]
[[0.20023506879806519, 0.19894203543663025, 0.20059272646903992, 0.1999301314353943, 0.20029999315738678]]
[[0.20437149703502655, 0.19727914035320282, 0.2006484419107437, 0.19914616644382477, 0.19855469465255737]]
[[0.19674861431121826, 0.2011551409959793, 0.20135115087032318, 0.19940605759620667, 0.201338991522789]]
hyposthese:
2 pieces , <unk> & <unk> ; patchy hemorrhagic <unk> <unk> , rep areas delineated
reference:
~9x8mm . dense areas <unk> pneumonitis <unk> . foreign <unk> giant cells , and <unk> structures . probable aspiration pneumonia .
