[[0.18966752290725708, 0.18845859169960022, 0.21003589034080505, 0.21746082603931427, 0.1943771243095398]]
[[0.17858968675136566, 0.1851411908864975, 0.21876130998134613, 0.23447933793067932, 0.183028444647789]]
[[0.21384967863559723, 0.21167084574699402, 0.1863003820180893, 0.17785723507404327, 0.21032187342643738]]
[[0.22092284262180328, 0.21546944975852966, 0.18580909073352814, 0.1626678705215454, 0.2151307910680771]]
[[0.19703957438468933, 0.19719098508358002, 0.2029096782207489, 0.20488087832927704, 0.1979788988828659]]
[[0.19966751337051392, 0.19975882768630981, 0.2001323401927948, 0.20091278851032257, 0.1995285451412201]]
[[0.1967322677373886, 0.19679473340511322, 0.20367324352264404, 0.20594029128551483, 0.1968594640493393]]
[[0.19830645620822906, 0.19830752909183502, 0.20139500498771667, 0.20361557602882385, 0.19837550818920135]]
[[0.20198103785514832, 0.20203562080860138, 0.19943198561668396, 0.19515825808048248, 0.20139306783676147]]
[[0.19937071204185486, 0.19961899518966675, 0.2002643495798111, 0.20123355090618134, 0.19951242208480835]]
[[0.19847868382930756, 0.19855007529258728, 0.20151355862617493, 0.20307467877864838, 0.19838298857212067]]
hyposthese:
2 pieces , ~10 % interstitial fat , rep delineated
reference:
2 pieces , 7x5 & 8x6mm ; well trimmed ; < 10 % internal adipose
