[[0.17829285562038422, 0.20037657022476196, 0.20602953433990479, 0.22290393710136414, 0.19239716231822968]]
[[0.19034145772457123, 0.18695643544197083, 0.20585690438747406, 0.23022307455539703, 0.18662206828594208]]
[[0.2154986709356308, 0.2023584097623825, 0.19604820013046265, 0.17784292995929718, 0.20825175940990448]]
[[0.21894077956676483, 0.20575609803199768, 0.19272764027118683, 0.1726519763469696, 0.20992346107959747]]
[[0.19938381016254425, 0.19976001977920532, 0.20050528645515442, 0.20105068385601044, 0.19930021464824677]]
[[0.19552262127399445, 0.19949358701705933, 0.20156139135360718, 0.20465758442878723, 0.19876475632190704]]
[[0.198040172457695, 0.19984221458435059, 0.20036882162094116, 0.2025967389345169, 0.19915206730365753]]
hyposthese:
2 pieces , minimal ischemic changes
reference:
2 pieces , minimal interstitial fibrosis
