[[0.17551399767398834, 0.23448003828525543, 0.14394217729568481, 0.23017916083335876, 0.21588467061519623]]
[[0.1705067902803421, 0.23979201912879944, 0.151108056306839, 0.20537738502025604, 0.2332158088684082]]
[[0.2234717309474945, 0.17316527664661407, 0.23634712398052216, 0.18516315519809723, 0.18185262382030487]]
[[0.23186567425727844, 0.15984323620796204, 0.2595420479774475, 0.1816135048866272, 0.167135551571846]]
[[0.19609509408473969, 0.20457077026367188, 0.19384409487247467, 0.19932416081428528, 0.2061658650636673]]
[[0.2050291895866394, 0.1954200714826584, 0.20500008761882782, 0.19613777101039886, 0.19841285049915314]]
[[0.19660630822181702, 0.20621313154697418, 0.19130565226078033, 0.1996406465768814, 0.20623429119586945]]
hyposthese:
1 piece ; adenohypophysis and neurohypophysis
reference:
1 piece , ~25 % neurohypophysis ( delineated ) ; rest is <unk>
