[[0.18266130983829498, 0.14972251653671265, 0.2040342092514038, 0.2507157623767853, 0.21286620199680328]]
[[0.18839243054389954, 0.15742690861225128, 0.19857928156852722, 0.2328115999698639, 0.22278974950313568]]
[[0.2058771252632141, 0.24137842655181885, 0.19273322820663452, 0.17226964235305786, 0.18774156272411346]]
[[0.2163582295179367, 0.2863292396068573, 0.1951003223657608, 0.1449735462665558, 0.15723872184753418]]
[[0.19783708453178406, 0.19145628809928894, 0.19979149103164673, 0.20480862259864807, 0.20610648393630981]]
[[0.19633440673351288, 0.19185981154441833, 0.1987019181251526, 0.206748366355896, 0.20635546743869781]]
[[0.1926071047782898, 0.1768205314874649, 0.19641827046871185, 0.22305917739868164, 0.2110949009656906]]
[[0.21023903787136078, 0.2331629991531372, 0.19751989841461182, 0.1757407784461975, 0.18333718180656433]]
hyposthese:
2 pieces , <unk> & <unk> ;
reference:
2 pieces , 5x3 & 5x2mm ; specimens are both arteries with 40 % adipose
