[[0.19382958114147186, 0.2406228482723236, 0.2015804797410965, 0.16448532044887543, 0.19948183000087738]]
[[0.20134229958057404, 0.21192362904548645, 0.20004431903362274, 0.1575009524822235, 0.22918875515460968]]
[[0.20494790375232697, 0.18145141005516052, 0.19497714936733246, 0.2263593077659607, 0.19226416945457458]]
[[0.1962777078151703, 0.15789717435836792, 0.1949520856142044, 0.28291699290275574, 0.16795605421066284]]
[[0.19776123762130737, 0.20657984912395477, 0.2022252231836319, 0.19145508110523224, 0.20197854936122894]]
[[0.19572760164737701, 0.21212266385555267, 0.20277659595012665, 0.18212951719760895, 0.20724357664585114]]
hyposthese:
2 pieces , no abnormalities
reference:
2 pieces , large central defects in both pieces
