[[0.18688511848449707, 0.17743593454360962, 0.19096332788467407, 0.22448356449604034, 0.2202320694923401]]
[[0.17413359880447388, 0.1690187007188797, 0.18027758598327637, 0.23775984346866608, 0.23881031572818756]]
[[0.22164371609687805, 0.22732457518577576, 0.21582846343517303, 0.16886480152606964, 0.1663384586572647]]
[[0.23621420562267303, 0.24275948107242584, 0.2275569885969162, 0.15125486254692078, 0.14221441745758057]]
[[0.19609369337558746, 0.19509342312812805, 0.195628359913826, 0.20489685237407684, 0.20828761160373688]]
[[0.1986178308725357, 0.19878685474395752, 0.19841879606246948, 0.20148010551929474, 0.20269642770290375]]
[[0.19452354311943054, 0.1937941163778305, 0.1960347294807434, 0.20693126320838928, 0.20871631801128387]]
[[0.19717742502689362, 0.19609934091567993, 0.1972646862268448, 0.20412015914916992, 0.20533838868141174]]
[[0.20532816648483276, 0.20539085566997528, 0.2045847475528717, 0.1920318752527237, 0.19266442954540253]]
[[0.1991499364376068, 0.1989569514989853, 0.19888322055339813, 0.20143646001815796, 0.20157337188720703]]
[[0.19735413789749146, 0.19707922637462616, 0.19774629175662994, 0.20409879088401794, 0.20372150838375092]]
hyposthese:
2 pieces , ~10 % interstitial fat , rep delineated
reference:
2 pieces , 10x10 & <unk> ; ~10 % interstitial fat , rep area delineated
