[[0.1764085292816162, 0.18673337996006012, 0.2672661244869232, 0.17948973178863525, 0.190102219581604]]
[[0.1798555701971054, 0.18771375715732574, 0.26420071721076965, 0.18141083419322968, 0.18681906163692474]]
[[0.21067461371421814, 0.20660656690597534, 0.16653133928775787, 0.20960733294487, 0.20658011734485626]]
[[0.22701895236968994, 0.21582311391830444, 0.11883828043937683, 0.2235124707221985, 0.2148071676492691]]
[[0.19979599118232727, 0.1998404711484909, 0.20088420808315277, 0.19975227117538452, 0.1997271031141281]]
[[0.201883926987648, 0.19983646273612976, 0.19771531224250793, 0.20098848640918732, 0.19957579672336578]]
[[0.20530743896961212, 0.20147225260734558, 0.18798603117465973, 0.20380187034606934, 0.20143242180347443]]
[[0.2009206861257553, 0.20132988691329956, 0.1955118328332901, 0.20097006857395172, 0.2012675255537033]]
[[0.19998472929000854, 0.20015911757946014, 0.1998252421617508, 0.1999715268611908, 0.20005935430526733]]
[[0.19874759018421173, 0.1990351676940918, 0.20430810749530792, 0.19886156916618347, 0.19904762506484985]]
[[0.2020760178565979, 0.2010977417230606, 0.19455963373184204, 0.20108696818351746, 0.201179638504982]]
[[0.1997206062078476, 0.19986176490783691, 0.20093436539173126, 0.19972658157348633, 0.1997567117214203]]
[[0.20067884027957916, 0.20018258690834045, 0.19845685362815857, 0.20025204122066498, 0.20042966306209564]]
[[0.19987007975578308, 0.19985748827457428, 0.20073100924491882, 0.199788436293602, 0.19975297152996063]]
[[0.19909964501857758, 0.19983413815498352, 0.2019273042678833, 0.19914741814136505, 0.19999143481254578]]
[[0.19953474402427673, 0.19999361038208008, 0.2011100798845291, 0.19955159723758698, 0.1998099386692047]]
[[0.20091105997562408, 0.2011697143316269, 0.19558748602867126, 0.20098109543323517, 0.20135067403316498]]
[[0.198176771402359, 0.19827550649642944, 0.2071860432624817, 0.197789266705513, 0.19857244193553925]]
[[0.19928433001041412, 0.1995907574892044, 0.2019975185394287, 0.19936740398406982, 0.1997600793838501]]
hyposthese:
2 pieces ; well dissected glands ; focal atrophy with fibrosis , <unk> ; 30 % internal fat
reference:
2 pieces , all glandular parenchyma , excellent specimens
