[[0.20068484544754028, 0.1224455013871193, 0.2312898486852646, 0.21671248972415924, 0.228867307305336]]
[[0.19282595813274384, 0.15333916246891022, 0.2214641124010086, 0.21665148437023163, 0.21571925282478333]]
[[0.1986522227525711, 0.2442210167646408, 0.1824689656496048, 0.1900952160358429, 0.184562548995018]]
[[0.20206010341644287, 0.3224780857563019, 0.15549415349960327, 0.16068965196609497, 0.1592780500650406]]
[[0.1957559585571289, 0.19098705053329468, 0.2063968926668167, 0.20678582787513733, 0.20007434487342834]]
[[0.19425486028194427, 0.18684805929660797, 0.20658092200756073, 0.20812182128429413, 0.20419438183307648]]
[[0.19933445751667023, 0.19609251618385315, 0.2012803554534912, 0.20173539221286774, 0.2015572488307953]]
[[0.2004852443933487, 0.19654037058353424, 0.20073790848255157, 0.19994841516017914, 0.20228803157806396]]
[[0.20151497423648834, 0.19992375373840332, 0.19937150180339813, 0.1989879459142685, 0.20020177960395813]]
[[0.19934207201004028, 0.19360783696174622, 0.20180048048496246, 0.20267358422279358, 0.20257601141929626]]
[[0.1976376175880432, 0.190787672996521, 0.20414386689662933, 0.20511022210121155, 0.20232053101062775]]
[[0.20379289984703064, 0.20212040841579437, 0.1980951577425003, 0.19818773865699768, 0.19780389964580536]]
[[0.20492948591709137, 0.20526961982250214, 0.19625474512577057, 0.19602975249290466, 0.19751638174057007]]
hyposthese:
2 pieces , gynecomastoid stromal and ductal ( rep delineated ) hyperplasia
reference:
2 pieces , gynecomastoid stromal hyperplasia is one , encircled ; with prominent ductal elements , delineated ( rep )
