[[0.1127345860004425, 0.16839545965194702, 0.2576252222061157, 0.25906580686569214, 0.202178955078125]]
[[0.10916297137737274, 0.1477586030960083, 0.2969500422477722, 0.2290400117635727, 0.21708835661411285]]
[[0.23870371282100677, 0.24201710522174835, 0.1484873741865158, 0.16796575486660004, 0.20282602310180664]]
[[0.35207709670066833, 0.2916547358036041, 0.08045059442520142, 0.1135229617357254, 0.16229458153247833]]
[[0.1976432502269745, 0.19149483740329742, 0.20229505002498627, 0.20748218894004822, 0.2010846883058548]]
[[0.18627358973026276, 0.18201306462287903, 0.21697114408016205, 0.21136988699436188, 0.2033722698688507]]
[[0.19396236538887024, 0.19153040647506714, 0.20923496782779694, 0.20557928085327148, 0.19969291985034943]]
[[0.19467490911483765, 0.19438397884368896, 0.20841722190380096, 0.20377127826213837, 0.19875256717205048]]
[[0.20349831879138947, 0.20342326164245605, 0.19232557713985443, 0.19789259135723114, 0.2028602957725525]]
[[0.1924114227294922, 0.1915282905101776, 0.21128739416599274, 0.20246358215808868, 0.20230932533740997]]
hyposthese:
6 pieces , squamous mucosa is <unk> % thickness
reference:
6 pieces , squamous mucosa up to ~0.25mm , ~15 % thickness
