[[0.1972019523382187, 0.19550678133964539, 0.1944482922554016, 0.21698668599128723, 0.19585636258125305]]
[[0.16998863220214844, 0.19184428453445435, 0.20953717827796936, 0.24254457652568817, 0.1860852688550949]]
[[0.20847316086292267, 0.2015564888715744, 0.2028856873512268, 0.18438151478767395, 0.2027031034231186]]
[[0.22032226622104645, 0.2030000388622284, 0.20355769991874695, 0.1587965041399002, 0.2143235206604004]]
[[0.20035305619239807, 0.19990099966526031, 0.19821283221244812, 0.2017982453107834, 0.1997348666191101]]
[[0.19711121916770935, 0.19850918650627136, 0.19950656592845917, 0.20617251098155975, 0.19870050251483917]]
[[0.20187543332576752, 0.2017417699098587, 0.20125636458396912, 0.19670632481575012, 0.19842009246349335]]
[[0.2004777491092682, 0.20034325122833252, 0.1995852142572403, 0.1997765451669693, 0.19981716573238373]]
[[0.19847378134727478, 0.2021375149488449, 0.19888588786125183, 0.20294876396656036, 0.19755402207374573]]
hyposthese:
6 pieces , all muscularis , good specimens
reference:
6 pieces ; 2 pieces include significant fat , nerve , vessels
