[[0.18016597628593445, 0.20943434536457062, 0.22349722683429718, 0.1840050220489502, 0.20289742946624756]]
[[0.1856025904417038, 0.22770141065120697, 0.23020096123218536, 0.17549040913581848, 0.18100464344024658]]
[[0.21492476761341095, 0.19206953048706055, 0.1784907877445221, 0.21298366785049438, 0.201531320810318]]
[[0.21016019582748413, 0.16952966153621674, 0.16580164432525635, 0.24276430904865265, 0.21174415946006775]]
[[0.19874781370162964, 0.20139941573143005, 0.2013111710548401, 0.19622448086738586, 0.20231714844703674]]
[[0.1971784085035324, 0.20489318668842316, 0.2044149786233902, 0.19292043149471283, 0.2005929946899414]]
[[0.2019035369157791, 0.20052099227905273, 0.19936934113502502, 0.20118959248065948, 0.19701653718948364]]
[[0.19950777292251587, 0.19953280687332153, 0.20045217871665955, 0.20028290152549744, 0.20022428035736084]]
[[0.1994587630033493, 0.2034362554550171, 0.2027249038219452, 0.19475676119327545, 0.19962328672409058]]
hyposthese:
6 pieces , all muscularis , good specimens
reference:
6 pieces , all muscularis , trace 'contaminant ' mucosa , delineated
