[[0.20530693233013153, 0.2044348120689392, 0.19136640429496765, 0.19603334367275238, 0.20285844802856445]]
[[0.19777534902095795, 0.20383717119693756, 0.19737473130226135, 0.20803529024124146, 0.19297747313976288]]
[[0.1967824399471283, 0.19735608994960785, 0.20352575182914734, 0.1989845484495163, 0.2033511847257614]]
[[0.19661077857017517, 0.1939600110054016, 0.20862941443920135, 0.19917859137058258, 0.2016211450099945]]
[[0.20063799619674683, 0.19904635846614838, 0.19914785027503967, 0.2026263326406479, 0.19854146242141724]]
[[0.20052893459796906, 0.20130528509616852, 0.19867651164531708, 0.20086251199245453, 0.1986268013715744]]
[[0.20044885575771332, 0.19960078597068787, 0.20051003992557526, 0.2001955211162567, 0.19924479722976685]]
[[0.199919655919075, 0.19973653554916382, 0.20023737847805023, 0.20000004768371582, 0.20010636746883392]]
[[0.199949249625206, 0.2020363211631775, 0.19780579209327698, 0.19964687526226044, 0.2005617320537567]]
[[0.19949953258037567, 0.20064875483512878, 0.19941559433937073, 0.19969125092029572, 0.20074479281902313]]
[[0.2001623809337616, 0.19959348440170288, 0.20059655606746674, 0.20057423412799835, 0.19907337427139282]]
hyposthese:
2 pieces , fibroadipose elements , no ductal elements noted
reference:
2 pieces , fibroadipose tissue , no ductal elements noted
