[[0.11030036211013794, 0.26624470949172974, 0.19073626399040222, 0.2672564387321472, 0.16546222567558289]]
[[0.10968823730945587, 0.29110708832740784, 0.18738697469234467, 0.2606651782989502, 0.151152566075325]]
[[0.23798128962516785, 0.15542131662368774, 0.21221691370010376, 0.1738308221101761, 0.22054973244667053]]
[[0.37873169779777527, 0.07603525370359421, 0.18561910092830658, 0.09278947114944458, 0.26682451367378235]]
[[0.2033339887857437, 0.19847048819065094, 0.20094837248325348, 0.20139846205711365, 0.19584867358207703]]
[[0.19881173968315125, 0.19678860902786255, 0.20226971805095673, 0.2016964852809906, 0.20043349266052246]]
[[0.21904228627681732, 0.17234677076339722, 0.20596285164356232, 0.19586946070194244, 0.20677869021892548]]
[[0.18974246084690094, 0.2177112102508545, 0.1945158839225769, 0.21069733798503876, 0.18733300268650055]]
[[0.19719338417053223, 0.19913369417190552, 0.20079107582569122, 0.20441101491451263, 0.198470801115036]]
hyposthese:
6 pieces , glomeruli present , tubules autolyzed
reference:
6 pieces
