[[0.20732320845127106, 0.19456927478313446, 0.18989291787147522, 0.20622240006923676, 0.2019921988248825]]
[[0.23060759902000427, 0.207076296210289, 0.1996871381998062, 0.18063825368881226, 0.1819906383752823]]
[[0.19165371358394623, 0.19889305531978607, 0.20324306190013885, 0.20334552228450775, 0.2028646320104599]]
[[0.17430740594863892, 0.1918569803237915, 0.20875969529151917, 0.215693861246109, 0.20938201248645782]]
[[0.20087270438671112, 0.20214587450027466, 0.1997012048959732, 0.19838333129882812, 0.19889691472053528]]
[[0.20146173238754272, 0.20077714323997498, 0.19896440207958221, 0.19908446073532104, 0.19971223175525665]]
[[0.19675755500793457, 0.20032387971878052, 0.20034505426883698, 0.20144671201705933, 0.20112676918506622]]
[[0.2005598098039627, 0.20176571607589722, 0.19992806017398834, 0.19873574376106262, 0.19901074469089508]]
[[0.19961386919021606, 0.19976967573165894, 0.19957458972930908, 0.20049798488616943, 0.2005438655614853]]
[[0.20280063152313232, 0.20185330510139465, 0.19968311488628387, 0.19770969450473785, 0.19795332849025726]]
[[0.2010137140750885, 0.20113269984722137, 0.20023176074028015, 0.1987411379814148, 0.19888070225715637]]
hyposthese:
6 pieces ; well trimmed ; 10 % dermal fat
reference:
6 pieces , moderate adherent dermal fat , rep delineated ; squamous epithelium is ~40-50 microns
