[[0.20335988700389862, 0.17828530073165894, 0.2561129629611969, 0.1914188712835312, 0.17082293331623077]]
[[0.1901557445526123, 0.17836052179336548, 0.29147547483444214, 0.1635396033525467, 0.1764686554670334]]
[[0.2026165872812271, 0.21966169774532318, 0.1323397010564804, 0.2186710238456726, 0.22671100497245789]]
[[0.20989878475666046, 0.2302813082933426, 0.09242461621761322, 0.2291659712791443, 0.23822928965091705]]
[[0.19628599286079407, 0.19620244204998016, 0.21475304663181305, 0.19601474702358246, 0.19674378633499146]]
[[0.19612820446491241, 0.19033651053905487, 0.23366428911685944, 0.19014136493206024, 0.18972966074943542]]
[[0.19969841837882996, 0.19779430329799652, 0.2068091630935669, 0.19778554141521454, 0.19791263341903687]]
hyposthese:
2 pieces , minimal ischemic changes
reference:
2 pieces
