[[0.19559302926063538, 0.2235308140516281, 0.13268588483333588, 0.23680230975151062, 0.21138794720172882]]
[[0.1971367448568344, 0.20874612033367157, 0.1663922369480133, 0.21823905408382416, 0.20948588848114014]]
[[0.19774487614631653, 0.18554158508777618, 0.2451130896806717, 0.18013274669647217, 0.19146771728992462]]
[[0.2043227255344391, 0.1772986352443695, 0.26625537872314453, 0.16303446888923645, 0.1890888214111328]]
[[0.1982617974281311, 0.2017461061477661, 0.19385914504528046, 0.2058388590812683, 0.20029406249523163]]
[[0.20048731565475464, 0.20277757942676544, 0.18636095523834229, 0.2094259411096573, 0.20094822347164154]]
[[0.2009342461824417, 0.1997106522321701, 0.1972493678331375, 0.2009584903717041, 0.20114725828170776]]
hyposthese:
2 pieces , minimal fascia/vascular elements
reference:
2 pieces ; minimal fibrovascular component
