[[0.23578818142414093, 0.18227462470531464, 0.18097057938575745, 0.21090805530548096, 0.19005854427814484]]
[[0.2581668198108673, 0.18258658051490784, 0.18260617554187775, 0.19674551486968994, 0.17989487946033478]]
[[0.15714828670024872, 0.21747249364852905, 0.2167576551437378, 0.19140587747097015, 0.21721576154232025]]
[[0.11881428956985474, 0.2293453812599182, 0.2269771695137024, 0.19870616495609283, 0.22615699470043182]]
[[0.21726511418819427, 0.1921236515045166, 0.19364984333515167, 0.2051641345024109, 0.19179728627204895]]
[[0.22683961689472198, 0.19090525805950165, 0.192439004778862, 0.20246586203575134, 0.18735027313232422]]
hyposthese:
4 pieces , no abnormalities
reference:
4 pieces , no significant abnormalities
