[[0.19644762575626373, 0.19869345426559448, 0.20829817652702332, 0.24373993277549744, 0.15282078087329865]]
[[0.19888682663440704, 0.20559528470039368, 0.20750029385089874, 0.21213889122009277, 0.17587876319885254]]
[[0.20309369266033173, 0.19654174149036407, 0.1947779655456543, 0.1797528713941574, 0.2258336991071701]]
[[0.20426395535469055, 0.19096580147743225, 0.17982640862464905, 0.16134102642536163, 0.26360276341438293]]
[[0.19715164601802826, 0.19960826635360718, 0.20160405337810516, 0.2052851915359497, 0.19635087251663208]]
[[0.19982507824897766, 0.19923627376556396, 0.20093967020511627, 0.1972707062959671, 0.202728271484375]]
[[0.19741421937942505, 0.19901147484779358, 0.20104004442691803, 0.20625652372837067, 0.19627776741981506]]
[[0.19916875660419464, 0.19947974383831024, 0.2010941207408905, 0.20092253386974335, 0.19933484494686127]]
hyposthese:
2 pieces ; 10 % fibrous content
reference:
2 pieces ; 90 % fat with scattered atrophic ducts , no lobules
