[[0.1920538991689682, 0.19428737461566925, 0.1905568391084671, 0.21915164589881897, 0.20395031571388245]]
[[0.188364639878273, 0.18747912347316742, 0.18963152170181274, 0.23480017483234406, 0.19972455501556396]]
[[0.2109382599592209, 0.20842787623405457, 0.2110089361667633, 0.17091432213783264, 0.1987106055021286]]
[[0.2167782485485077, 0.2113575041294098, 0.21322786808013916, 0.15805767476558685, 0.2005787044763565]]
[[0.198449969291687, 0.19818975031375885, 0.19786669313907623, 0.20631155371665955, 0.19918198883533478]]
[[0.1997378170490265, 0.1997242569923401, 0.19967021048069, 0.20147621631622314, 0.19939152896404266]]
[[0.19750723242759705, 0.19825725257396698, 0.19675835967063904, 0.20685240626335144, 0.20062479376792908]]
[[0.1982915848493576, 0.19931063055992126, 0.19889211654663086, 0.20373687148094177, 0.1997688114643097]]
[[0.20169556140899658, 0.20112888514995575, 0.20159821212291718, 0.19469663500785828, 0.20088070631027222]]
[[0.1996421217918396, 0.19961990416049957, 0.1996399164199829, 0.2013552337884903, 0.19974285364151]]
[[0.19894608855247498, 0.1991993933916092, 0.19913168251514435, 0.20298703014850616, 0.1997358798980713]]
hyposthese:
2 pieces , ~10 % interstitial fat , rep delineated
reference:
2 pieces , one <unk> x 6mm with moderate fragmentation
