[[0.16164062917232513, 0.15790271759033203, 0.3007819950580597, 0.21932931244373322, 0.16034536063671112]]
[[0.17535600066184998, 0.17862756550312042, 0.2984464764595032, 0.1720147579908371, 0.1755552440881729]]
[[0.2185826301574707, 0.22437308728694916, 0.13731661438941956, 0.19786103069782257, 0.22186660766601562]]
[[0.22488832473754883, 0.23264390230178833, 0.1152937039732933, 0.19534334540367126, 0.2318306565284729]]
[[0.20180334150791168, 0.2018992006778717, 0.19949495792388916, 0.19561968743801117, 0.20118281245231628]]
[[0.20275545120239258, 0.20299945771694183, 0.19018273055553436, 0.2010912001132965, 0.2029711902141571]]
[[0.19187675416469574, 0.18647487461566925, 0.24151630699634552, 0.19231674075126648, 0.18781530857086182]]
[[0.2167769819498062, 0.22089901566505432, 0.1409752368927002, 0.19917450845241547, 0.2221742421388626]]
[[0.20124803483486176, 0.20133207738399506, 0.19748102128505707, 0.19882164895534515, 0.20111720263957977]]
[[0.20017167925834656, 0.20035043358802795, 0.19940373301506042, 0.19991067051887512, 0.20016342401504517]]
[[0.19558607041835785, 0.19264768064022064, 0.21543827652931213, 0.2032332420349121, 0.19309471547603607]]
[[0.1995978057384491, 0.19904284179210663, 0.20231766998767853, 0.19982467591762543, 0.19921700656414032]]
[[0.2000393271446228, 0.19921739399433136, 0.20251362025737762, 0.19901174306869507, 0.19921787083148956]]
[[0.2023267298936844, 0.20434586703777313, 0.1897915005683899, 0.1998772770166397, 0.20365862548351288]]
[[0.20017310976982117, 0.20020072162151337, 0.20018786191940308, 0.19941271841526031, 0.2000255584716797]]
[[0.19993947446346283, 0.19980955123901367, 0.20014670491218567, 0.2001546025276184, 0.19994965195655823]]
[[0.1990932673215866, 0.19950039684772491, 0.2016497403383255, 0.20021609961986542, 0.19954051077365875]]
[[0.1993120163679123, 0.19966258108615875, 0.20055906474590302, 0.20068858563899994, 0.1997777223587036]]
[[0.20005279779434204, 0.2002945989370346, 0.20047622919082642, 0.19896367192268372, 0.20021268725395203]]
[[0.1971891224384308, 0.19719816744327545, 0.20788778364658356, 0.20052805542945862, 0.197196826338768]]
[[0.1988547295331955, 0.19907622039318085, 0.2019180953502655, 0.20097780227661133, 0.19917315244674683]]
hyposthese:
2 pieces , <unk> & <unk> ; <unk> % <unk> and <unk> ; islets well <unk> , rep ones delineated
reference:
2 pieces 8x7 & 7x6 mm ; larger has ~20 % scarring , 30 % parenchyma , and 50 % adipose : smaller is ~80 % adipose , 20 % parenchyma
