[[0.20130522549152374, 0.19283442199230194, 0.19366076588630676, 0.20057152211666107, 0.21162806451320648]]
[[0.14881575107574463, 0.15399286150932312, 0.21412035822868347, 0.18600548803806305, 0.29706552624702454]]
[[0.21501794457435608, 0.21461665630340576, 0.19695788621902466, 0.20301562547683716, 0.17039184272289276]]
[[0.24037447571754456, 0.2437211275100708, 0.19029976427555084, 0.20610730350017548, 0.1194973737001419]]
[[0.1948413848876953, 0.19578143954277039, 0.20175497233867645, 0.19829709827899933, 0.2093251496553421]]
[[0.19561581313610077, 0.1957923024892807, 0.2029440551996231, 0.19783565402030945, 0.20781217515468597]]
[[0.20624659955501556, 0.20627202093601227, 0.19917148351669312, 0.20403723418712616, 0.1842726320028305]]
[[0.19662173092365265, 0.19755464792251587, 0.20054267346858978, 0.19841213524341583, 0.20686882734298706]]
[[0.20193688571453094, 0.2022107094526291, 0.20161926746368408, 0.20156607031822205, 0.19266705214977264]]
[[0.19491392374038696, 0.19498085975646973, 0.20211568474769592, 0.19864630699157715, 0.20934325456619263]]
[[0.19763442873954773, 0.19810952246189117, 0.20042529702186584, 0.1988099217414856, 0.20502080023288727]]
hyposthese:
6 pieces ; well trimmed ; 10 % dermal fat
reference:
6 pieces , no dermal fat , squamous epithelium is ~40-50 microns
