[[0.19486021995544434, 0.14969401061534882, 0.20241622626781464, 0.19089627265930176, 0.26213324069976807]]
[[0.1902998387813568, 0.14206594228744507, 0.15444490313529968, 0.20156468451023102, 0.3116246461868286]]
[[0.20041947066783905, 0.24343891441822052, 0.23091940581798553, 0.19741547107696533, 0.12780672311782837]]
[[0.20125889778137207, 0.2708653509616852, 0.24761973321437836, 0.19953764975070953, 0.08071833848953247]]
[[0.19735287129878998, 0.1917136162519455, 0.1917712688446045, 0.20166943967342377, 0.2174927443265915]]
[[0.20114144682884216, 0.1901429295539856, 0.18950241804122925, 0.20402494072914124, 0.2151881605386734]]
[[0.20448224246501923, 0.20548780262470245, 0.20592036843299866, 0.2045627385377884, 0.1795468032360077]]
[[0.2028041034936905, 0.20239752531051636, 0.20177128911018372, 0.20227523148059845, 0.1907518059015274]]
[[0.19888851046562195, 0.198302760720253, 0.19673720002174377, 0.19928602874279022, 0.20678548514842987]]
[[0.19994103908538818, 0.20005472004413605, 0.19987976551055908, 0.20008936524391174, 0.20003509521484375]]
hyposthese:
1 piece ; mostly anterior ; posterior <unk> <unk>
reference:
1 piece , adenohypophysis , neurohypophysis , and pars intermedia
