[[0.2276381105184555, 0.18876059353351593, 0.21110080182552338, 0.20653289556503296, 0.16596755385398865]]
[[0.2011612504720688, 0.19871969521045685, 0.20928524434566498, 0.20451080799102783, 0.18632294237613678]]
[[0.19149543344974518, 0.20205695927143097, 0.1939103603363037, 0.194564551115036, 0.21797268092632294]]
[[0.18072569370269775, 0.20902375876903534, 0.18149088323116302, 0.18675367534160614, 0.24200598895549774]]
[[0.20057079195976257, 0.1986490786075592, 0.20129729807376862, 0.2034723460674286, 0.19601041078567505]]
[[0.20191779732704163, 0.19928129017353058, 0.2000332623720169, 0.20174235105514526, 0.19702529907226562]]
[[0.20476578176021576, 0.19834843277931213, 0.20027408003807068, 0.2044801115989685, 0.19213159382343292]]
[[0.20096798241138458, 0.1996271014213562, 0.20022279024124146, 0.2004256397485733, 0.19875650107860565]]
[[0.19634440541267395, 0.20181713998317719, 0.20026777684688568, 0.19843530654907227, 0.20313535630702972]]
[[0.2005707323551178, 0.19959484040737152, 0.19974394142627716, 0.2003125548362732, 0.1997779756784439]]
[[0.20107769966125488, 0.19862568378448486, 0.20166827738285065, 0.20008006691932678, 0.19854819774627686]]
hyposthese:
2 pieces , ~10 % fascia/vascular elements , rep delineated
reference:
2 pieces , ~5-10 % fascia , rep delineated
