[[0.21683645248413086, 0.210958331823349, 0.17427602410316467, 0.1643880307674408, 0.2335411161184311]]
[[0.2379951924085617, 0.19793939590454102, 0.13374249637126923, 0.12827551364898682, 0.30204740166664124]]
[[0.19201628863811493, 0.20025716722011566, 0.22341331839561462, 0.22478005290031433, 0.15953321754932404]]
[[0.15022002160549164, 0.1829109638929367, 0.2767275869846344, 0.28840816020965576, 0.1017332598567009]]
[[0.20126469433307648, 0.20148639380931854, 0.19535335898399353, 0.19536471366882324, 0.2065308392047882]]
[[0.20140637457370758, 0.20099012553691864, 0.19294044375419617, 0.19164763391017914, 0.21301542222499847]]
[[0.20139005780220032, 0.20046178996562958, 0.19664153456687927, 0.1957765817642212, 0.20573000609874725]]
[[0.1917041540145874, 0.20186233520507812, 0.22273018956184387, 0.22390490770339966, 0.15979847311973572]]
[[0.2004714161157608, 0.20067398250102997, 0.19708198308944702, 0.19758667051792145, 0.20418594777584076]]
[[0.1993444561958313, 0.19942593574523926, 0.19425439834594727, 0.19326381385326385, 0.2137114554643631]]
[[0.19987724721431732, 0.20012503862380981, 0.19884468615055084, 0.19875605404376984, 0.20239697396755219]]
[[0.2008378505706787, 0.20145943760871887, 0.1965048611164093, 0.19572782516479492, 0.2054700255393982]]
[[0.20022708177566528, 0.19975171983242035, 0.19942696392536163, 0.19936995208263397, 0.201224222779274]]
hyposthese:
6 pieces , minimal dermal fat ; squamous epithelium is <unk> microns
reference:
6 pieces . well trimmed .
