[[0.16288065910339355, 0.18337643146514893, 0.2634936571121216, 0.14512598514556885, 0.2451232522726059]]
[[0.17038249969482422, 0.22617316246032715, 0.22905024886131287, 0.15454226732254028, 0.2198518067598343]]
[[0.22345252335071564, 0.20079414546489716, 0.1636020690202713, 0.23492726683616638, 0.1772240549325943]]
[[0.2519548237323761, 0.17138543725013733, 0.13755588233470917, 0.28931543231010437, 0.14978840947151184]]
[[0.19376088678836823, 0.19878360629081726, 0.2125926911830902, 0.1912723183631897, 0.2035904973745346]]
[[0.18828701972961426, 0.20350955426692963, 0.21947214007377625, 0.18087196350097656, 0.20785924792289734]]
hyposthese:
2 pieces , no abnormalities
reference:
2 pieces
