[[0.08735997974872589, 0.25730618834495544, 0.12149757891893387, 0.26195228099823, 0.2718839943408966]]
[[0.10123561322689056, 0.27740582823753357, 0.10847504436969757, 0.23014777898788452, 0.2827357053756714]]
[[0.27394112944602966, 0.15442588925361633, 0.26006272435188293, 0.16636621952056885, 0.1452040821313858]]
[[0.3815995156764984, 0.09358812868595123, 0.3195611536502838, 0.11719557642936707, 0.08805572241544724]]
[[0.1931294947862625, 0.20675893127918243, 0.18574786186218262, 0.2096700817346573, 0.20469363033771515]]
[[0.1914520114660263, 0.20395544171333313, 0.19608032703399658, 0.20688402652740479, 0.201628178358078]]
[[0.1539592742919922, 0.2320041060447693, 0.15901558101177216, 0.21853786706924438, 0.23648320138454437]]
[[0.25742611289024353, 0.1603771150112152, 0.25502774119377136, 0.17327788472175598, 0.1538911610841751]]
[[0.20152775943279266, 0.19937825202941895, 0.20082123577594757, 0.20052841305732727, 0.19774429500102997]]
[[0.19144944846630096, 0.20457875728607178, 0.1973021775484085, 0.20249591767787933, 0.20417369902133942]]
[[0.17235341668128967, 0.21569480001926422, 0.18061505258083344, 0.21423813700675964, 0.2170986384153366]]
[[0.19501137733459473, 0.2019602209329605, 0.19894495606422424, 0.20393063127994537, 0.20015282928943634]]
[[0.19845575094223022, 0.20073984563350677, 0.19877398014068604, 0.20113953948020935, 0.2008909434080124]]
hyposthese:
2 pieces , <unk> & <unk> ; <unk> % <unk> , delineated
reference:
2 pieces <unk> mm , cortex & medulla ; 10 % fat
