[[0.19497959315776825, 0.20502369105815887, 0.20819218456745148, 0.19336339831352234, 0.19844110310077667]]
[[0.19637000560760498, 0.2219659984111786, 0.21883124113082886, 0.18210278451442719, 0.1807299256324768]]
[[0.2075895369052887, 0.18724946677684784, 0.18862953782081604, 0.21007803082466125, 0.20645345747470856]]
[[0.20666742324829102, 0.18572638928890228, 0.18188543617725372, 0.21383771300315857, 0.21188309788703918]]
[[0.19913916289806366, 0.20018382370471954, 0.2027331292629242, 0.19911500811576843, 0.19882887601852417]]
[[0.19825997948646545, 0.203400120139122, 0.20574639737606049, 0.19604715704917908, 0.196546271443367]]
[[0.19970494508743286, 0.20060008764266968, 0.2023150473833084, 0.19830499589443207, 0.19907495379447937]]
hyposthese:
2 pieces , minimal ischemic changes
reference:
2 pieces ; <unk> area in 1 piece consistent with ischemia
