[[0.1712634265422821, 0.19197921454906464, 0.19880244135856628, 0.22086258232593536, 0.217092365026474]]
[[0.15505196154117584, 0.16708962619304657, 0.17465060949325562, 0.28461650013923645, 0.2185913473367691]]
[[0.236053004860878, 0.22485500574111938, 0.21783876419067383, 0.14294709265232086, 0.17830610275268555]]
[[0.2792317569255829, 0.24357298016548157, 0.22252099215984344, 0.09325040131807327, 0.16142383217811584]]
[[0.18897852301597595, 0.19026538729667664, 0.19165310263633728, 0.22184309363365173, 0.2072598934173584]]
[[0.18079553544521332, 0.18373633921146393, 0.18993733823299408, 0.23485830426216125, 0.21067243814468384]]
hyposthese:
2 pieces , no abnormalities
reference:
2 <unk> & 9x6 mm
