[[0.1928873360157013, 0.24504196643829346, 0.1568659245967865, 0.21994760632514954, 0.18525710701942444]]
[[0.16088418662548065, 0.2845630645751953, 0.17018812894821167, 0.18260858952999115, 0.20175603032112122]]
[[0.21616952121257782, 0.14300857484340668, 0.23539680242538452, 0.19912424683570862, 0.20630088448524475]]
[[0.22827665507793427, 0.10729703307151794, 0.25633183121681213, 0.19707390666007996, 0.2110205590724945]]
[[0.19832755625247955, 0.20990432798862457, 0.19588497281074524, 0.19735443592071533, 0.1985287219285965]]
[[0.19536057114601135, 0.22092260420322418, 0.1871253103017807, 0.20104992389678955, 0.1955416053533554]]
[[0.20012937486171722, 0.20250637829303741, 0.19682344794273376, 0.20116914808750153, 0.1993715763092041]]
hyposthese:
2 pieces , minimal ischemic changes
reference:
2 pieces ; interstitial fibrosis and scar ( outlined )
