[[0.21123187243938446, 0.17768187820911407, 0.18669268488883972, 0.21457096934318542, 0.20982259511947632]]
[[0.19310246407985687, 0.1817898452281952, 0.1899532526731491, 0.2306605577468872, 0.20449382066726685]]
[[0.19776257872581482, 0.21701841056346893, 0.20988723635673523, 0.18125267326831818, 0.19407913088798523]]
[[0.1889462023973465, 0.23655398190021515, 0.22220420837402344, 0.16760841012001038, 0.18468721210956573]]
[[0.1996229887008667, 0.19580881297588348, 0.19654078781604767, 0.20525416731834412, 0.20277319848537445]]
[[0.20064660906791687, 0.19633373618125916, 0.19717687368392944, 0.20444166660308838, 0.20140112936496735]]
hyposthese:
2 pieces , moderate congestion
reference:
2 pieces , 9x7 and 7x7mm ; moderate congestion/atalectasis
