[[0.16819319128990173, 0.2383917272090912, 0.2072761505842209, 0.16897055506706238, 0.21716836094856262]]
[[0.1714126020669937, 0.20360049605369568, 0.22033695876598358, 0.17553633451461792, 0.22911356389522552]]
[[0.21519485116004944, 0.18598607182502747, 0.1957133412361145, 0.21658848226070404, 0.18651723861694336]]
[[0.24566952884197235, 0.1731111705303192, 0.17492039501667023, 0.2455577254295349, 0.16074123978614807]]
[[0.1977827250957489, 0.20070241391658783, 0.20301465690135956, 0.19763971865177155, 0.2008604258298874]]
[[0.19477508962154388, 0.20284295082092285, 0.20509056746959686, 0.1939036250114441, 0.20338769257068634]]
[[0.20252545177936554, 0.19788092374801636, 0.19781792163848877, 0.20261281728744507, 0.19916291534900665]]
[[0.1997661590576172, 0.20039954781532288, 0.20005668699741364, 0.19980698823928833, 0.19997066259384155]]
[[0.19885948300361633, 0.20037193596363068, 0.2023748755455017, 0.19832678139209747, 0.20006689429283142]]
hyposthese:
6 pieces , all muscularis , good specimens
reference:
6 pieces ~6x3mm , all muscle , clean specimens
