[[0.18857184052467346, 0.19717340171337128, 0.20410878956317902, 0.2253902405500412, 0.18475565314292908]]
[[0.1806674599647522, 0.20690083503723145, 0.24105392396450043, 0.23027324676513672, 0.14110451936721802]]
[[0.2074946165084839, 0.19816561043262482, 0.1898888349533081, 0.1869623363018036, 0.2174886167049408]]
[[0.2234620600938797, 0.1983051747083664, 0.16167990863323212, 0.15322645008563995, 0.26332640647888184]]
[[0.1990797221660614, 0.2009618729352951, 0.20201724767684937, 0.20192596316337585, 0.1960151344537735]]
[[0.19768549501895905, 0.20130273699760437, 0.2029390037059784, 0.20322461426258087, 0.19484810531139374]]
[[0.19924867153167725, 0.200172558426857, 0.20153629779815674, 0.20195192098617554, 0.19709055125713348]]
[[0.20703375339508057, 0.2001158446073532, 0.1920720636844635, 0.18743543326854706, 0.21334291994571686]]
[[0.19912166893482208, 0.20060911774635315, 0.20167358219623566, 0.20062284171581268, 0.19797269999980927]]
[[0.197720468044281, 0.20063769817352295, 0.20166726410388947, 0.2030068039894104, 0.19696776568889618]]
[[0.1998385488986969, 0.20002096891403198, 0.20002245903015137, 0.20117218792438507, 0.1989458203315735]]
[[0.19968022406101227, 0.20057594776153564, 0.20041115581989288, 0.20327968895435333, 0.19605304300785065]]
[[0.198820099234581, 0.1990853250026703, 0.19934459030628204, 0.20353205502033234, 0.19921791553497314]]
hyposthese:
6 pieces , minimal dermal fat ; squamous epithelium is ~50 microns
reference:
6 pieces ; well trimmed , but 1 ; 10 % dermal fat
