[[0.19687409698963165, 0.20554852485656738, 0.18756438791751862, 0.21375249326229095, 0.1962604820728302]]
[[0.20250186324119568, 0.17199823260307312, 0.19288243353366852, 0.2667691707611084, 0.1658482849597931]]
[[0.19897305965423584, 0.20407836139202118, 0.206024169921875, 0.18326012790203094, 0.20766426622867584]]
[[0.19700901210308075, 0.21641477942466736, 0.21315883100032806, 0.14254403114318848, 0.2308732569217682]]
[[0.20019420981407166, 0.19875521957874298, 0.19996999204158783, 0.20330512523651123, 0.1977754831314087]]
[[0.1995515078306198, 0.19867803156375885, 0.1988467276096344, 0.20553059875965118, 0.19739319384098053]]
[[0.2000923454761505, 0.19900530576705933, 0.19981801509857178, 0.20252415537834167, 0.1985601782798767]]
[[0.19971072673797607, 0.2059728354215622, 0.2031330168247223, 0.18495415151119232, 0.2062292844057083]]
[[0.20041517913341522, 0.19946663081645966, 0.19963279366493225, 0.20126663148403168, 0.19921879470348358]]
[[0.20005923509597778, 0.19850286841392517, 0.19946697354316711, 0.20342490077018738, 0.19854606688022614]]
[[0.19976812601089478, 0.19961580634117126, 0.19992808997631073, 0.2013232409954071, 0.19936467707157135]]
[[0.20072229206562042, 0.19814139604568481, 0.20053382217884064, 0.2028406858444214, 0.19776177406311035]]
hyposthese:
6 pieces , minimal dermal fat ; squamous epithelium is <unk>
reference:
7 pieces ; well trimmed
