[[0.18649819493293762, 0.21014404296875, 0.2195178121328354, 0.18263369798660278, 0.20120634138584137]]
[[0.1810079663991928, 0.2129969298839569, 0.23235905170440674, 0.18020442128181458, 0.19343161582946777]]
[[0.214416041970253, 0.1895674765110016, 0.18059277534484863, 0.21477364003658295, 0.20065008103847504]]
[[0.22647805511951447, 0.1818227469921112, 0.1594652235507965, 0.23046928644180298, 0.20176471769809723]]
[[0.19602711498737335, 0.20217476785182953, 0.20698849856853485, 0.19517134130001068, 0.19963830709457397]]
[[0.19830450415611267, 0.20090068876743317, 0.20220868289470673, 0.19796274602413177, 0.20062340795993805]]
[[0.19823847711086273, 0.2010500431060791, 0.2020743191242218, 0.19793559610843658, 0.20070162415504456]]
hyposthese:
2 pieces , spermatogenesis is present
reference:
2 pieces 10x8 & 7x6 mm . spermatogenesis
