[[0.18343164026737213, 0.25239118933677673, 0.18077118694782257, 0.19814598560333252, 0.18525995314121246]]
[[0.17940311133861542, 0.262225478887558, 0.18312719464302063, 0.19166359305381775, 0.18358063697814941]]
[[0.21302829682826996, 0.15853694081306458, 0.21382534503936768, 0.20321691036224365, 0.2113925814628601]]
[[0.2262284755706787, 0.12568067014217377, 0.22098331153392792, 0.20483985543251038, 0.22226767241954803]]
[[0.19766543805599213, 0.20652557909488678, 0.19860002398490906, 0.19849321246147156, 0.19871573150157928]]
[[0.19675496220588684, 0.20653103291988373, 0.1981472671031952, 0.20053060352802277, 0.19803616404533386]]
[[0.19151493906974792, 0.21792839467525482, 0.1951393485069275, 0.1999235898256302, 0.195493683218956]]
[[0.20701663196086884, 0.17851269245147705, 0.206508070230484, 0.2019001990556717, 0.2060624063014984]]
[[0.19997650384902954, 0.19853155314922333, 0.2003440260887146, 0.20085087418556213, 0.200297012925148]]
[[0.1968688666820526, 0.20567822456359863, 0.19817595183849335, 0.2009105533361435, 0.19836632907390594]]
[[0.2009967565536499, 0.19565489888191223, 0.20108766853809357, 0.2010100930929184, 0.2012505829334259]]
[[0.19928671419620514, 0.20222264528274536, 0.1993054747581482, 0.19981786608695984, 0.19936728477478027]]
[[0.1993558257818222, 0.20106297731399536, 0.19966766238212585, 0.20006521046161652, 0.19984832406044006]]
[[0.19753071665763855, 0.20545770227909088, 0.1987682282924652, 0.19971290230751038, 0.19853049516677856]]
[[0.19760838150978088, 0.20468777418136597, 0.19887778162956238, 0.20014916360378265, 0.19867689907550812]]
hyposthese:
2 pieces , <unk> & <unk> ; all cortex , <unk> % of specimen
reference:
2 pieces ; well trimmed , no fat
