[[0.1613665670156479, 0.16660478711128235, 0.19883286952972412, 0.23146086931228638, 0.24173489212989807]]
[[0.1505119949579239, 0.1501936912536621, 0.19548264145851135, 0.2536940574645996, 0.25011759996414185]]
[[0.23252476751804352, 0.2317589372396469, 0.2047642022371292, 0.16434381902217865, 0.1666082739830017]]
[[0.27625319361686707, 0.27673450112342834, 0.2052762657403946, 0.11823618412017822, 0.12349988520145416]]
[[0.18954147398471832, 0.18926773965358734, 0.1971047818660736, 0.21345341205596924, 0.21063250303268433]]
[[0.18888533115386963, 0.1882874071598053, 0.198853000998497, 0.2119666188955307, 0.2120075523853302]]
[[0.21037039160728455, 0.2104080766439438, 0.20678509771823883, 0.18354924023151398, 0.18888722360134125]]
[[0.1940712183713913, 0.19345887005329132, 0.1998554915189743, 0.20701324939727783, 0.20560115575790405]]
[[0.2023085206747055, 0.20284374058246613, 0.20175810158252716, 0.1957637220621109, 0.1973259150981903]]
[[0.19173114001750946, 0.19135193526744843, 0.1981268674135208, 0.2093210518360138, 0.2094690054655075]]
[[0.19528982043266296, 0.19521470367908478, 0.1995067000389099, 0.20566552877426147, 0.20432321727275848]]
hyposthese:
2 pieces ; well trimmed ; 10 % internal fat
reference:
2 pieces ; 20 % external and internal fat
