[[0.19561585783958435, 0.17806264758110046, 0.20068317651748657, 0.23065736889839172, 0.19498102366924286]]
[[0.18467839062213898, 0.1934581995010376, 0.19303950667381287, 0.2220754325389862, 0.20674847066402435]]
[[0.20457100868225098, 0.2137816697359085, 0.2040383368730545, 0.17644010484218597, 0.2011689394712448]]
[[0.20863552391529083, 0.21597422659397125, 0.2051434963941574, 0.17146551609039307, 0.19878126680850983]]
[[0.19992481172084808, 0.20067475736141205, 0.19875721633434296, 0.20165349543094635, 0.19898971915245056]]
[[0.19890257716178894, 0.19677795469760895, 0.19939889013767242, 0.20608270168304443, 0.19883781671524048]]
[[0.19778850674629211, 0.18949763476848602, 0.19760525226593018, 0.21783946454524994, 0.19726912677288055]]
[[0.20742954313755035, 0.21087713539600372, 0.19959890842437744, 0.18128488957881927, 0.20080947875976562]]
[[0.20122356712818146, 0.2010391652584076, 0.19980742037296295, 0.19784919917583466, 0.20008060336112976]]
[[0.1999385952949524, 0.20018522441387177, 0.19980715215206146, 0.20017895102500916, 0.19988998770713806]]
[[0.19995978474617004, 0.20004381239414215, 0.20002833008766174, 0.19987446069717407, 0.200093612074852]]
[[0.19965045154094696, 0.19989746809005737, 0.19997672736644745, 0.20050513744354248, 0.19997024536132812]]
[[0.1998700648546219, 0.19997501373291016, 0.20006407797336578, 0.19994917511940002, 0.20014162361621857]]
[[0.19990956783294678, 0.19998995959758759, 0.20002467930316925, 0.19998078048229218, 0.20009495317935944]]
[[0.2000092715024948, 0.19979017972946167, 0.19985362887382507, 0.20040659606456757, 0.1999402642250061]]
[[0.19991151988506317, 0.19995330274105072, 0.20003169775009155, 0.2000480741262436, 0.20005545020103455]]
[[0.19998899102210999, 0.1997140347957611, 0.19996030628681183, 0.20031161606311798, 0.2000250518321991]]
hyposthese:
2 pieces , <unk> & <unk> ; patchy fibrosis , <unk> , c/w <unk> c/w ischemia
reference:
2 <unk> patchy moderate interstitial <unk> , representative area delineated
