[[0.16062764823436737, 0.23061272501945496, 0.17116691172122955, 0.21812771260738373, 0.21946503221988678]]
[[0.1476335972547531, 0.22203966975212097, 0.1818545162677765, 0.2180323451757431, 0.23043979704380035]]
[[0.23322716355323792, 0.178484246134758, 0.21870259940624237, 0.18858948349952698, 0.18099647760391235]]
[[0.25059613585472107, 0.1715259552001953, 0.22877559065818787, 0.17419955134391785, 0.1749027967453003]]
[[0.19461840391159058, 0.2021860033273697, 0.20018191635608673, 0.2005814164876938, 0.20243223011493683]]
[[0.20559164881706238, 0.19605526328086853, 0.2045651525259018, 0.19636543095111847, 0.1974225491285324]]
[[0.19204770028591156, 0.20435896515846252, 0.19846156239509583, 0.20146910846233368, 0.2036626785993576]]
hyposthese:
1 piece ; adenohypophysis and neurohypophysis
reference:
6 pieces 3 with some glomeruli , encircled , 3 largely medulla ~6x2mm
