[[0.19947710633277893, 0.2044016569852829, 0.1843114197254181, 0.23127426207065582, 0.18053555488586426]]
[[0.1835804581642151, 0.1841355860233307, 0.18003831803798676, 0.24999576807022095, 0.20224988460540771]]
[[0.20342451333999634, 0.20345628261566162, 0.20854564011096954, 0.17703786492347717, 0.2075357586145401]]
[[0.21281947195529938, 0.2049286961555481, 0.2239151895046234, 0.14715641736984253, 0.21118025481700897]]
[[0.19988764822483063, 0.20019318163394928, 0.19871515035629272, 0.20176629722118378, 0.1994377225637436]]
[[0.20007339119911194, 0.19967898726463318, 0.19857457280158997, 0.20308361947536469, 0.19858936965465546]]
[[0.19860588014125824, 0.19918137788772583, 0.19910015165805817, 0.20420686900615692, 0.19890570640563965]]
hyposthese:
6 pieces , confirmed target muscularis
reference:
6 pieces , all target muscularis
