[[0.17357078194618225, 0.2156851887702942, 0.15025658905506134, 0.22634145617485046, 0.23414596915245056]]
[[0.15648886561393738, 0.20126371085643768, 0.1474067121744156, 0.23263271152973175, 0.2622079849243164]]
[[0.23451100289821625, 0.1859799474477768, 0.24716727435588837, 0.17101731896400452, 0.1613243818283081]]
[[0.2811044454574585, 0.16196990013122559, 0.3227068781852722, 0.12477933615446091, 0.1094394251704216]]
[[0.18997253477573395, 0.20431989431381226, 0.1892785280942917, 0.20796115696430206, 0.20846785604953766]]
[[0.18827921152114868, 0.20587624609470367, 0.17933189868927002, 0.21121260523796082, 0.21529997885227203]]
[[0.19361978769302368, 0.2024635672569275, 0.18952827155590057, 0.20717599987983704, 0.20721235871315002]]
[[0.1949218064546585, 0.2020934373140335, 0.19272559881210327, 0.20510436594486237, 0.20515474677085876]]
[[0.2008730173110962, 0.2023095339536667, 0.2008635252714157, 0.20018556714057922, 0.19576828181743622]]
[[0.19749610126018524, 0.20180001854896545, 0.19664950668811798, 0.20229075849056244, 0.2017635852098465]]
[[0.1975945085287094, 0.19923855364322662, 0.19730369746685028, 0.20132297277450562, 0.20454026758670807]]
[[0.19924843311309814, 0.20130310952663422, 0.196196049451828, 0.20069998502731323, 0.2025524377822876]]
hyposthese:
6 pieces , squamous mucosa is <unk> , ~20-25 % thickness
reference:
6 pieces . focal surface sloughing . mild chronic inflammation and squamous hyperplasia .
