[[0.20389659702777863, 0.1970824897289276, 0.20791439712047577, 0.19471052289009094, 0.19639597833156586]]
[[0.20326194167137146, 0.19809594750404358, 0.20866724848747253, 0.19258102774620056, 0.19739384949207306]]
[[0.19809237122535706, 0.20473770797252655, 0.19323304295539856, 0.20624597370624542, 0.19769087433815002]]
[[0.1957886666059494, 0.20956765115261078, 0.18588368594646454, 0.21323829889297485, 0.19552166759967804]]
[[0.2007889449596405, 0.2009476274251938, 0.20031540095806122, 0.20041398704051971, 0.19753405451774597]]
[[0.20159247517585754, 0.19792050123214722, 0.20319166779518127, 0.197801873087883, 0.19949349761009216]]
[[0.2014124095439911, 0.1990676075220108, 0.2032383531332016, 0.1978834718465805, 0.1983981877565384]]
hyposthese:
2 pieces , glandular hyperplastic pattern
reference:
2 pieces 9x6 & 7x7 mm ; hyperplastic
