[[0.22404800355434418, 0.19304592907428741, 0.23571822047233582, 0.1793946772813797, 0.1677931398153305]]
[[0.20973892509937286, 0.2330009937286377, 0.2028135061264038, 0.18281997740268707, 0.17162658274173737]]
[[0.19170032441616058, 0.19444361329078674, 0.19078350067138672, 0.208778515458107, 0.21429404616355896]]
[[0.17915666103363037, 0.1716708242893219, 0.1750839203596115, 0.22467343509197235, 0.24941521883010864]]
[[0.19957299530506134, 0.2041366696357727, 0.20053620636463165, 0.1986919492483139, 0.19706220924854279]]
[[0.20085935294628143, 0.20529645681381226, 0.20176219940185547, 0.19748181104660034, 0.1946001648902893]]
[[0.2007758468389511, 0.20234285295009613, 0.20110154151916504, 0.19870267808437347, 0.19707708060741425]]
hyposthese:
6 pieces , confirmed target muscularis
reference:
6 pieces , up to 8x4mm ; well dissected muscle .
