[[0.2438434213399887, 0.17095892131328583, 0.21034997701644897, 0.16710102558135986, 0.20774663984775543]]
[[0.23943452537059784, 0.17105840146541595, 0.20902112126350403, 0.1660841852426529, 0.21440182626247406]]
[[0.17937850952148438, 0.21280992031097412, 0.19682051241397858, 0.21506525576114655, 0.1959257572889328]]
[[0.14301113784313202, 0.24132424592971802, 0.18275319039821625, 0.25460541248321533, 0.1783059984445572]]
[[0.20374874770641327, 0.19678041338920593, 0.1995987743139267, 0.19637693464756012, 0.20349514484405518]]
[[0.22101718187332153, 0.1865554302930832, 0.20119638741016388, 0.1858462393283844, 0.2053847759962082]]
[[0.21758413314819336, 0.18904240429401398, 0.2011716067790985, 0.18778590857982635, 0.2044159471988678]]
[[0.1518021672964096, 0.23329517245292664, 0.19364632666110992, 0.2384898066520691, 0.18276654183864594]]
[[0.2018948495388031, 0.1986999362707138, 0.19910800457000732, 0.19900648295879364, 0.2012907713651657]]
[[0.20659901201725006, 0.19652444124221802, 0.1992117166519165, 0.19621539115905762, 0.201449453830719]]
[[0.19098599255084991, 0.20348793268203735, 0.20176482200622559, 0.20453546941280365, 0.1992257684469223]]
[[0.1999114602804184, 0.19969448447227478, 0.2001604437828064, 0.19951215386390686, 0.20072147250175476]]
[[0.2069634199142456, 0.19650796055793762, 0.19837769865989685, 0.19640690088272095, 0.20174406468868256]]
hyposthese:
6 pieces , up to 8x4mm ; all muscularis , good specimens
reference:
6 pieces ~ 8x4 mm ; good <unk>
