[[0.23391403257846832, 0.20741932094097137, 0.1687607765197754, 0.21671128273010254, 0.17319460213184357]]
[[0.30042311549186707, 0.18408364057540894, 0.15912994742393494, 0.22360005974769592, 0.13276323676109314]]
[[0.15730126202106476, 0.19839335978031158, 0.2239276021718979, 0.19082924723625183, 0.22954855859279633]]
[[0.10225338488817215, 0.2023995816707611, 0.25547489523887634, 0.1573645919561386, 0.2825075685977936]]
[[0.2128857523202896, 0.19884535670280457, 0.19428016245365143, 0.20303387939929962, 0.19095483422279358]]
[[0.21560904383659363, 0.1971447914838791, 0.19187811017036438, 0.2053806334733963, 0.1899874210357666]]
[[0.17831173539161682, 0.20368289947509766, 0.20946793258190155, 0.19759899377822876, 0.2109384387731552]]
[[0.20745137333869934, 0.1988825649023056, 0.19638317823410034, 0.20216624438762665, 0.19511660933494568]]
[[0.1935516893863678, 0.2021109014749527, 0.20194819569587708, 0.20100834965705872, 0.20138083398342133]]
[[0.21564756333827972, 0.19783151149749756, 0.19249223172664642, 0.2042972892522812, 0.1897314041852951]]
[[0.20642365515232086, 0.1991034895181656, 0.197707399725914, 0.20154187083244324, 0.1952236145734787]]
hyposthese:
6 pieces ; well trimmed ; 5 % dermal fat
reference:
6 pieces ; epidermis measures <unk> microns , few pieces include attached fat up to 15 %
