[[0.21040518581867218, 0.23902812600135803, 0.1722082793712616, 0.21250654757022858, 0.16585195064544678]]
[[0.20636089146137238, 0.22623926401138306, 0.18437370657920837, 0.2175760567188263, 0.16545014083385468]]
[[0.19730757176876068, 0.18060842156410217, 0.21213477849960327, 0.19088242948055267, 0.21906678378582]]
[[0.19234582781791687, 0.16471076011657715, 0.22719725966453552, 0.18310248851776123, 0.23264367878437042]]
[[0.20132653415203094, 0.20336802303791046, 0.1968960016965866, 0.2019716203212738, 0.19643783569335938]]
[[0.19926361739635468, 0.20123399794101715, 0.20060642063617706, 0.1998564451932907, 0.1990395188331604]]
[[0.20319700241088867, 0.2125621736049652, 0.19373361766338348, 0.20318259298801422, 0.1873246431350708]]
[[0.19018146395683289, 0.1802855283021927, 0.21112173795700073, 0.19088387489318848, 0.22752736508846283]]
[[0.19816109538078308, 0.19895024597644806, 0.20055516064167023, 0.19918788969516754, 0.2031455934047699]]
[[0.2008053958415985, 0.20390355587005615, 0.19884170591831207, 0.1996162384748459, 0.19683308899402618]]
[[0.2008041888475418, 0.2006637454032898, 0.20019184052944183, 0.19944734871387482, 0.19889289140701294]]
hyposthese:
2 pieces , <unk> & <unk> ; good clean specimens
reference:
2 pieces , <unk> & <unk> ; one artery , one vein ; ~50 % adipose <unk> vessels
