[[0.18004947900772095, 0.1743670254945755, 0.21906571090221405, 0.20970453321933746, 0.21681329607963562]]
[[0.16854608058929443, 0.16562166810035706, 0.20569658279418945, 0.17831046879291534, 0.2818251848220825]]
[[0.2203337401151657, 0.2199578732252121, 0.190293088555336, 0.20713651180267334, 0.16227883100509644]]
[[0.24396277964115143, 0.2457360476255417, 0.17412421107292175, 0.1946812868118286, 0.1414957046508789]]
[[0.19568397104740143, 0.19718965888023376, 0.2012399584054947, 0.19827497005462646, 0.20761141180992126]]
[[0.19641606509685516, 0.1960625797510147, 0.20374074578285217, 0.20103001594543457, 0.2027505338191986]]
[[0.19025570154190063, 0.18937279284000397, 0.20735806226730347, 0.1982090175151825, 0.21480447053909302]]
[[0.2226981520652771, 0.2242702692747116, 0.1892726570367813, 0.19582974910736084, 0.16792918741703033]]
[[0.20231813192367554, 0.20249465107917786, 0.19901341199874878, 0.19917595386505127, 0.19699780642986298]]
[[0.1989370584487915, 0.19890305399894714, 0.2003290355205536, 0.19974049925804138, 0.2020902931690216]]
[[0.2005886286497116, 0.20078404247760773, 0.1996946781873703, 0.2004985809326172, 0.19843412935733795]]
[[0.19911213219165802, 0.199026420712471, 0.20018510520458221, 0.19959883391857147, 0.20207753777503967]]
[[0.1996547132730484, 0.19985274970531464, 0.2005133181810379, 0.1999676525592804, 0.20001158118247986]]
[[0.19937728345394135, 0.19951331615447998, 0.20004260540008545, 0.19955341517925262, 0.20151332020759583]]
[[0.19946373999118805, 0.1996324360370636, 0.2005436271429062, 0.19906699657440186, 0.2012932151556015]]
[[0.19993290305137634, 0.19994069635868073, 0.19991260766983032, 0.1993868052959442, 0.200826957821846]]
hyposthese:
2 pieces , <unk> & <unk> ; patchy emphysema , <unk> , rep ones delineated
reference:
2 pieces , <unk> chronic congestion -- prominent areas delineated , with <unk> foci ( ensquared )
