[[0.17666371166706085, 0.18071918189525604, 0.17433905601501465, 0.2132817506790161, 0.25499626994132996]]
[[0.17385664582252502, 0.18019522726535797, 0.1763014942407608, 0.22523322701454163, 0.244413360953331]]
[[0.22309771180152893, 0.21423351764678955, 0.2229725569486618, 0.17983382940292358, 0.15986235439777374]]
[[0.23899957537651062, 0.2258579283952713, 0.23305146396160126, 0.1662452071905136, 0.13584588468074799]]
[[0.19704569876194, 0.1975439339876175, 0.19733649492263794, 0.20552167296409607, 0.2025521993637085]]
[[0.19334493577480316, 0.19464492797851562, 0.19493933022022247, 0.20602980256080627, 0.21104100346565247]]
[[0.17605212330818176, 0.18066644668579102, 0.17846378684043884, 0.21908685564994812, 0.24573083221912384]]
[[0.22395536303520203, 0.21698175370693207, 0.22408077120780945, 0.17748580873012543, 0.1574963480234146]]
hyposthese:
2 pieces , <unk> & <unk> ;
reference:
2 pieces , no ischemic changes
