[[0.1907034069299698, 0.19681058824062347, 0.19772958755493164, 0.21218203008174896, 0.20257432758808136]]
[[0.19329321384429932, 0.1882876306772232, 0.19318285584449768, 0.21391841769218445, 0.21131794154644012]]
[[0.20535442233085632, 0.20683898031711578, 0.2045310139656067, 0.18902139365673065, 0.19425420463085175]]
[[0.20438914000988007, 0.2085428386926651, 0.2091008424758911, 0.18547068536281586, 0.19249650835990906]]
[[0.20025132596492767, 0.20000728964805603, 0.19790993630886078, 0.20105241239070892, 0.2007790058851242]]
[[0.20020276308059692, 0.20016615092754364, 0.19984324276447296, 0.19981513917446136, 0.19997265934944153]]
[[0.19969557225704193, 0.1995306760072708, 0.19736109673976898, 0.20257745683193207, 0.2008352428674698]]
[[0.1994117796421051, 0.19989971816539764, 0.19937945902347565, 0.20116527378559113, 0.2001437097787857]]
[[0.20056083798408508, 0.1996525079011917, 0.20096968114376068, 0.19911788403987885, 0.19969911873340607]]
[[0.1999870091676712, 0.19976969063282013, 0.19960342347621918, 0.20044298470020294, 0.20019683241844177]]
[[0.20011575520038605, 0.19960956275463104, 0.1998455822467804, 0.20036962628364563, 0.20005948841571808]]
hyposthese:
2 pieces , ~10 % interstitial fat , rep delineated
reference:
2 pieces , skeletal muscle with attached portion of tendon
