[[0.23434863984584808, 0.23097831010818481, 0.17482411861419678, 0.21662883460521698, 0.14322008192539215]]
[[0.2353454828262329, 0.22080585360527039, 0.17526373267173767, 0.22993041574954987, 0.13865453004837036]]
[[0.1783178299665451, 0.18121790885925293, 0.22038063406944275, 0.1804603785276413, 0.23962321877479553]]
[[0.15785323083400726, 0.16267788410186768, 0.23175224661827087, 0.17145183682441711, 0.2762647867202759]]
[[0.20190826058387756, 0.2034195065498352, 0.19716177880764008, 0.2027171403169632, 0.19479328393936157]]
[[0.19796569645404816, 0.20023109018802643, 0.20110681653022766, 0.19971433281898499, 0.200982004404068]]
[[0.2003173828125, 0.20034462213516235, 0.19918085634708405, 0.2008327692747116, 0.19932430982589722]]
[[0.20292405784130096, 0.20217448472976685, 0.1983528584241867, 0.201349139213562, 0.19519953429698944]]
[[0.20085842907428741, 0.200382798910141, 0.1998344212770462, 0.19974511861801147, 0.1991792768239975]]
[[0.20204000174999237, 0.2026657611131668, 0.19907863438129425, 0.19930818676948547, 0.1969074308872223]]
[[0.20013919472694397, 0.1994982361793518, 0.19965077936649323, 0.20093773305416107, 0.19977407157421112]]
[[0.1996830850839615, 0.19876152276992798, 0.19995708763599396, 0.20110034942626953, 0.20049795508384705]]
[[0.2005743682384491, 0.20024211704730988, 0.19899196922779083, 0.20035363733768463, 0.19983786344528198]]
[[0.2015860229730606, 0.20120735466480255, 0.19945621490478516, 0.19983330368995667, 0.1979171186685562]]
[[0.20135793089866638, 0.20157746970653534, 0.1998368501663208, 0.19920770823955536, 0.19802004098892212]]
[[0.19928021728992462, 0.19840407371520996, 0.2002130001783371, 0.20097750425338745, 0.20112521946430206]]
hyposthese:
2 pieces , one piece is ~20 % fibrous tissue , no ductal elements noted
reference:
2 pieces , <unk> tissue is ~15-20 % total , rep delineated
