[[0.17369429767131805, 0.1754128485918045, 0.2498333901166916, 0.2332971841096878, 0.16776227951049805]]
[[0.18543051183223724, 0.17514359951019287, 0.24195550382137299, 0.2286994606256485, 0.1687709540128708]]
[[0.208338662981987, 0.21571695804595947, 0.1784486323595047, 0.18189716339111328, 0.21559853851795197]]
[[0.219691202044487, 0.23639434576034546, 0.13533051311969757, 0.15651623904705048, 0.2520676851272583]]
[[0.2006366103887558, 0.19862310588359833, 0.2014661431312561, 0.20186278223991394, 0.19741131365299225]]
[[0.2001841515302658, 0.19767197966575623, 0.20244082808494568, 0.20305036008358002, 0.19665275514125824]]
[[0.20045103132724762, 0.19793741405010223, 0.2022995948791504, 0.2023107409477234, 0.19700126349925995]]
hyposthese:
6 pieces , confirmed target muscularis
reference:
6 pieces , <unk> smooth muscle , <unk> switch with <unk>
