[[0.23875273764133453, 0.18947681784629822, 0.22711201012134552, 0.1193944439291954, 0.22526389360427856]]
[[0.24377693235874176, 0.17874103784561157, 0.2387494593858719, 0.13028480112552643, 0.20844776928424835]]
[[0.17709891498088837, 0.2066095918416977, 0.19656798243522644, 0.22875094413757324, 0.19097253680229187]]
[[0.11945749074220657, 0.23014594614505768, 0.15306808054447174, 0.35074296593666077, 0.14658552408218384]]
[[0.203840970993042, 0.19576285779476166, 0.19989466667175293, 0.19729290902614594, 0.20320862531661987]]
[[0.20931538939476013, 0.19492366909980774, 0.2091626077890396, 0.17866602540016174, 0.20793232321739197]]
[[0.2109532356262207, 0.18987812101840973, 0.21198011934757233, 0.17424911260604858, 0.21293942630290985]]
[[0.16752566397190094, 0.21700751781463623, 0.16966214776039124, 0.2631511390209198, 0.182653546333313]]
[[0.20035108923912048, 0.19877000153064728, 0.1994251161813736, 0.2005813717842102, 0.20087243616580963]]
[[0.20225420594215393, 0.19853417575359344, 0.20038072764873505, 0.19703996181488037, 0.20179098844528198]]
[[0.20171836018562317, 0.1991410255432129, 0.2001911699771881, 0.1978340893983841, 0.20111529529094696]]
[[0.2006460577249527, 0.2005249708890915, 0.1992732733488083, 0.19997769594192505, 0.19957801699638367]]
[[0.20194542407989502, 0.19868268072605133, 0.199827641248703, 0.19873365759849548, 0.20081061124801636]]
[[0.20699922740459442, 0.1968320608139038, 0.20070815086364746, 0.19260652363300323, 0.2028540074825287]]
[[0.19967231154441833, 0.2002682089805603, 0.197910875082016, 0.2030612677335739, 0.19908730685710907]]
hyposthese:
6 pieces , up to <unk> ; all have mucosa , no muscularis propria
reference:
6 pieces up to <unk> mm ; largest piece has an <unk> with acute inflammation
