[[0.22930261492729187, 0.17562328279018402, 0.2264513522386551, 0.18344025313854218, 0.18518249690532684]]
[[0.23077243566513062, 0.14965255558490753, 0.2826836109161377, 0.16875168681144714, 0.16813971102237701]]
[[0.16734540462493896, 0.23201052844524384, 0.1528201550245285, 0.22553935647010803, 0.22228458523750305]]
[[0.13423918187618256, 0.28081125020980835, 0.09947086870670319, 0.24218401312828064, 0.24329465627670288]]
[[0.20773187279701233, 0.19275392591953278, 0.21059387922286987, 0.19593138992786407, 0.19298897683620453]]
[[0.21006368100643158, 0.18570415675640106, 0.21711666882038116, 0.1946239173412323, 0.19249151647090912]]
[[0.20513464510440826, 0.19232693314552307, 0.20711110532283783, 0.19795508682727814, 0.19747218489646912]]
[[0.20854926109313965, 0.18813885748386383, 0.21483616530895233, 0.19431178271770477, 0.194163978099823]]
[[0.20421536266803741, 0.19518563151359558, 0.20665541291236877, 0.1973743587732315, 0.19656923413276672]]
[[0.188340425491333, 0.2168264091014862, 0.1711163967847824, 0.21189430356025696, 0.21182243525981903]]
[[0.20242547988891602, 0.19755473732948303, 0.20313724875450134, 0.19892700016498566, 0.19795550405979156]]
[[0.1999993920326233, 0.1988239586353302, 0.20232975482940674, 0.1996624767780304, 0.19918446242809296]]
[[0.2028905302286148, 0.194392591714859, 0.2061321884393692, 0.1983632594347, 0.19822144508361816]]
hyposthese:
6 pieces , squamous mucosa up to ~0.4mm , <unk> % thickness
reference:
6 pieces ; well trimmed , few clusters of submucosal glands ( some marked )
