[[0.1631588339805603, 0.2587389647960663, 0.16341044008731842, 0.17764461040496826, 0.23704716563224792]]
[[0.13900348544120789, 0.2968555986881256, 0.140382319688797, 0.1445760875940323, 0.279182493686676]]
[[0.22506074607372284, 0.15846040844917297, 0.2246972769498825, 0.22072677314281464, 0.17105478048324585]]
[[0.291090726852417, 0.0705704316496849, 0.29399484395980835, 0.26418188214302063, 0.08016207814216614]]
[[0.19390372931957245, 0.20608453452587128, 0.19397462904453278, 0.19484072923660278, 0.2111964076757431]]
[[0.19415341317653656, 0.20320568978786469, 0.1944441795349121, 0.19753724336624146, 0.21065950393676758]]
[[0.18743905425071716, 0.21846088767051697, 0.18771079182624817, 0.19045531749725342, 0.2159339040517807]]
[[0.19214242696762085, 0.20945681631565094, 0.1920001357793808, 0.19505129754543304, 0.21134936809539795]]
[[0.21909119188785553, 0.16930335760116577, 0.21946686506271362, 0.2161412239074707, 0.1759973168373108]]
[[0.19826249778270721, 0.20238474011421204, 0.1985364854335785, 0.19847294688224792, 0.20234331488609314]]
[[0.19947326183319092, 0.20055018365383148, 0.19954386353492737, 0.19945450127124786, 0.20097821950912476]]
[[0.19396372139453888, 0.2091168910264969, 0.19369931519031525, 0.19737783074378967, 0.2058422565460205]]
hyposthese:
6 pieces , mucosa up to ~1mm , <unk> % thickness
reference:
6 pieces , predominantly mucosa and submucosa with small portion of muscularis , edema
