[[0.1849895715713501, 0.19536422193050385, 0.2100292593240738, 0.20650427043437958, 0.20311272144317627]]
[[0.19218261539936066, 0.2049260437488556, 0.24640387296676636, 0.16098640859127045, 0.19550105929374695]]
[[0.20679563283920288, 0.2001200020313263, 0.1877862811088562, 0.20688742399215698, 0.19841063022613525]]
[[0.21605418622493744, 0.19884555041790009, 0.15931840240955353, 0.22497403621673584, 0.20080780982971191]]
[[0.1989024430513382, 0.20070649683475494, 0.20436109602451324, 0.1966426521539688, 0.1993873417377472]]
[[0.19804790616035461, 0.199781596660614, 0.2049434632062912, 0.19792087376117706, 0.19930614531040192]]
[[0.20161744952201843, 0.20130446553230286, 0.1938590705394745, 0.20245930552482605, 0.20075969398021698]]
[[0.19917967915534973, 0.2005162090063095, 0.20298004150390625, 0.19779908657073975, 0.19952499866485596]]
[[0.20019128918647766, 0.1998385637998581, 0.19864113628864288, 0.20085309445858002, 0.20047588646411896]]
[[0.19936464726924896, 0.20090144872665405, 0.20413270592689514, 0.19627252221107483, 0.19932867586612701]]
[[0.20016154646873474, 0.20023168623447418, 0.20139053463935852, 0.1983533650636673, 0.19986282289028168]]
hyposthese:
6 pieces ; well trimmed ; 10 % dermal fat
reference:
6 pieces , no dermal fat ; squamous epithelium is ~40 microns
