[[0.20944641530513763, 0.1687098741531372, 0.18685729801654816, 0.21041440963745117, 0.22457195818424225]]
[[0.20836637914180756, 0.15654116868972778, 0.172464057803154, 0.19161754846572876, 0.2710108458995819]]
[[0.18849213421344757, 0.23920392990112305, 0.2157021313905716, 0.1984090358018875, 0.15819285809993744]]
[[0.1850309669971466, 0.24982188642024994, 0.22201263904571533, 0.19683422148227692, 0.1463002860546112]]
[[0.19998525083065033, 0.19163458049297333, 0.19660313427448273, 0.19873207807540894, 0.2130449265241623]]
[[0.20236803591251373, 0.18673349916934967, 0.1940324902534485, 0.20003454387187958, 0.21683147549629211]]
hyposthese:
2 pieces , no abnormalities
reference:
2 pieces , 9x5 & 8x6 mm ; not overly congested
