[[0.22416897118091583, 0.23646992444992065, 0.20574912428855896, 0.1745053082704544, 0.15910659730434418]]
[[0.2808052897453308, 0.284801185131073, 0.18841269612312317, 0.12539707124233246, 0.12058373540639877]]
[[0.16773103177547455, 0.16491851210594177, 0.20564837753772736, 0.2285473346710205, 0.233154758810997]]
[[0.11320874094963074, 0.10807429999113083, 0.206440269947052, 0.27376729249954224, 0.2985093891620636]]
[[0.20757471024990082, 0.20929430425167084, 0.19873760640621185, 0.19285286962985992, 0.19154046475887299]]
[[0.2112705409526825, 0.21177519857883453, 0.1962847262620926, 0.1911165863275528, 0.1895529180765152]]
[[0.18626098334789276, 0.18151728808879852, 0.20600375533103943, 0.21311314404010773, 0.21310479938983917]]
[[0.20504142343997955, 0.2056424468755722, 0.199361190199852, 0.19542384147644043, 0.19453106820583344]]
[[0.19340558350086212, 0.1918901950120926, 0.20423659682273865, 0.20532256364822388, 0.20514510571956635]]
[[0.2076185792684555, 0.2112230509519577, 0.199205219745636, 0.19201508164405823, 0.18993805348873138]]
[[0.204481303691864, 0.20541933178901672, 0.19841721653938293, 0.1963665634393692, 0.19531555473804474]]
hyposthese:
6 pieces ; well trimmed ; 10 % dermal fat
reference:
6 pieces , minimal dermal fat ( delineated ) ; squamous epithelium is <unk>
