[[0.1858295500278473, 0.15399576723575592, 0.23345474898815155, 0.18730126321315765, 0.23941868543624878]]
[[0.17654229700565338, 0.14611245691776276, 0.2438640296459198, 0.18385829031467438, 0.24962285161018372]]
[[0.21326303482055664, 0.24024690687656403, 0.17253121733665466, 0.20872342586517334, 0.1652354598045349]]
[[0.2387319952249527, 0.28292182087898254, 0.13296939432621002, 0.22700846195220947, 0.11836839467287064]]
[[0.19345340132713318, 0.1899188607931137, 0.2082267850637436, 0.1958007961511612, 0.21260014176368713]]
[[0.19178210198879242, 0.17925119400024414, 0.2164212167263031, 0.19300585985183716, 0.21953968703746796]]
hyposthese:
2 pieces , no abnormalities
reference:
2 pieces cerebellum
