[[0.21850982308387756, 0.2167452722787857, 0.1944667398929596, 0.2123824954032898, 0.15789569914340973]]
[[0.20390628278255463, 0.23017221689224243, 0.18498438596725464, 0.20628802478313446, 0.17464914917945862]]
[[0.1895468384027481, 0.1776105761528015, 0.2092791646718979, 0.19488777220249176, 0.22867560386657715]]
[[0.18930579721927643, 0.15927807986736298, 0.2190445214509964, 0.1892685443162918, 0.2431030422449112]]
[[0.1996184140443802, 0.2069724053144455, 0.19932064414024353, 0.19998788833618164, 0.19410069286823273]]
[[0.20358318090438843, 0.2090020775794983, 0.19855795800685883, 0.19876913726329803, 0.19008764624595642]]
[[0.2035030573606491, 0.21609154343605042, 0.1922028809785843, 0.20642463862895966, 0.18177784979343414]]
[[0.18792662024497986, 0.1776856929063797, 0.20974630117416382, 0.19365572929382324, 0.23098567128181458]]
[[0.19786697626113892, 0.19638417661190033, 0.20183569192886353, 0.20019732415676117, 0.20371583104133606]]
[[0.20142637193202972, 0.20695605874061584, 0.19684457778930664, 0.20026010274887085, 0.19451284408569336]]
hyposthese:
2 pieces , <unk> & <unk> ; well trimmed
reference:
2 pieces , <unk> mm arteries with focal eccentric plaques ; ~20 % peripheral adipose tissue
