[[0.2303418219089508, 0.1973869353532791, 0.19508109986782074, 0.19175530970096588, 0.18543484807014465]]
[[0.2513357102870941, 0.19036954641342163, 0.18034058809280396, 0.1871451586484909, 0.19080901145935059]]
[[0.17243805527687073, 0.20227055251598358, 0.20749275386333466, 0.20953424274921417, 0.20826435089111328]]
[[0.14698153734207153, 0.2055070400238037, 0.21209152042865753, 0.2198750525712967, 0.21554484963417053]]
[[0.20250937342643738, 0.19974440336227417, 0.20095039904117584, 0.19812804460525513, 0.1986677497625351]]
[[0.20372101664543152, 0.1993924379348755, 0.2013886719942093, 0.19780369102954865, 0.19769416749477386]]
[[0.20331129431724548, 0.19939976930618286, 0.20120389759540558, 0.1980615258216858, 0.1980234831571579]]
hyposthese:
6 pieces , confirmed target muscularis
reference:
6 pieces up to 9x5 mm ;
