[[0.17364327609539032, 0.14257846772670746, 0.239263117313385, 0.1678033173084259, 0.27671173214912415]]
[[0.1603531837463379, 0.136384516954422, 0.24123606085777283, 0.15724849700927734, 0.30477771162986755]]
[[0.22324690222740173, 0.24084234237670898, 0.17457184195518494, 0.22785644233226776, 0.1334824115037918]]
[[0.24503983557224274, 0.2785434126853943, 0.15105730295181274, 0.2365889698266983, 0.08877047896385193]]
[[0.19650210440158844, 0.19287078082561493, 0.20331308245658875, 0.1959577351808548, 0.21135620772838593]]
[[0.2044893503189087, 0.20416872203350067, 0.1949756145477295, 0.20607484877109528, 0.1902914196252823]]
[[0.19320367276668549, 0.18633447587490082, 0.20801673829555511, 0.19438816606998444, 0.21805691719055176]]
hyposthese:
1 piece ; adenohypophysis and neurohypophysis
reference:
1 piece ; thick capsule along edge
