[[0.21716788411140442, 0.20326444506645203, 0.2552511394023895, 0.17101694643497467, 0.15329957008361816]]
[[0.23571553826332092, 0.1956728994846344, 0.25598806142807007, 0.16135895252227783, 0.1512645035982132]]
[[0.18707095086574554, 0.1988562047481537, 0.17233097553253174, 0.2165796458721161, 0.22516222298145294]]
[[0.15144211053848267, 0.19335821270942688, 0.12377220392227173, 0.25252413749694824, 0.27890336513519287]]
[[0.20092593133449554, 0.20023128390312195, 0.20079787075519562, 0.19902850687503815, 0.19901639223098755]]
[[0.20013689994812012, 0.19899018108844757, 0.19963714480400085, 0.19931349158287048, 0.2019222527742386]]
[[0.19541549682617188, 0.2011490911245346, 0.1919349730014801, 0.20226243138313293, 0.20923805236816406]]
[[0.19976818561553955, 0.20041345059871674, 0.19990655779838562, 0.20024478435516357, 0.19966700673103333]]
[[0.20069408416748047, 0.20006899535655975, 0.20046205818653107, 0.19935068488121033, 0.19942423701286316]]
[[0.20365603268146515, 0.19983309507369995, 0.20333656668663025, 0.19653095304965973, 0.19664333760738373]]
[[0.20113642513751984, 0.20035769045352936, 0.20107902586460114, 0.19885237514972687, 0.1985744833946228]]
hyposthese:
2 pieces ; well trimmed glands with focal chronic inflammation
reference:
3 pieces , ~70 % gland parenchyma ( delineated ) rest <unk> tissue . good specimens
