[[0.18762078881263733, 0.19031590223312378, 0.20380531251430511, 0.20780982077121735, 0.2104482352733612]]
[[0.1520354449748993, 0.14405645430088043, 0.2311597764492035, 0.2624495029449463, 0.21029889583587646]]
[[0.22224904596805573, 0.22072580456733704, 0.1881980448961258, 0.17592255771160126, 0.1929044872522354]]
[[0.26506587862968445, 0.2689293324947357, 0.15758560597896576, 0.1295442283153534, 0.17887499928474426]]
[[0.19497370719909668, 0.19525697827339172, 0.2026733011007309, 0.2059209793806076, 0.2011750042438507]]
[[0.17984631657600403, 0.18001948297023773, 0.2109024077653885, 0.222149059176445, 0.20708268880844116]]
[[0.188039168715477, 0.1882457733154297, 0.2062300145626068, 0.21166107058525085, 0.20582392811775208]]
[[0.2356717884540558, 0.23958836495876312, 0.177401602268219, 0.16675199568271637, 0.18058623373508453]]
[[0.199705570936203, 0.20030491054058075, 0.20035935938358307, 0.19838443398475647, 0.2012457400560379]]
[[0.18773140013217926, 0.1868864893913269, 0.20635674893856049, 0.21508574485778809, 0.20393966138362885]]
[[0.20286224782466888, 0.2010815590620041, 0.19879189133644104, 0.19719864428043365, 0.20006564259529114]]
hyposthese:
6 pieces , up to 8x3mm ; well trimmed .
reference:
6 pieces , atherosis up to ~0.2mm
