[[0.23631438612937927, 0.17683172225952148, 0.16850270330905914, 0.1766233891248703, 0.24172784388065338]]
[[0.286439448595047, 0.1577342003583908, 0.15354034304618835, 0.15865054726600647, 0.2436354160308838]]
[[0.13085369765758514, 0.2355928272008896, 0.24258115887641907, 0.23972779512405396, 0.15124443173408508]]
[[0.08454012125730515, 0.25785332918167114, 0.27736708521842957, 0.26568588614463806, 0.11455357819795609]]
[[0.22666561603546143, 0.18666501343250275, 0.182662233710289, 0.18364489078521729, 0.22036218643188477]]
[[0.23858509957790375, 0.18192817270755768, 0.17504724860191345, 0.17696848511695862, 0.2274709939956665]]
hyposthese:
2 pieces , no abnormalities
reference:
2 pieces ; includes minimal fat , vessels , and skeletal muscle
