[[0.3036128878593445, 0.11417380720376968, 0.2874457538127899, 0.1573306918144226, 0.13743683695793152]]
[[0.28387683629989624, 0.13774366676807404, 0.2877136468887329, 0.15011782944202423, 0.14054791629314423]]
[[0.14403587579727173, 0.24748608469963074, 0.14234626293182373, 0.22612141072750092, 0.24001041054725647]]
[[0.10188648104667664, 0.2752626836299896, 0.10433796048164368, 0.24827519059181213, 0.27023765444755554]]
[[0.19764620065689087, 0.20119941234588623, 0.1979699432849884, 0.2024172842502594, 0.20076723396778107]]
[[0.19251877069473267, 0.20411327481269836, 0.19292189180850983, 0.2060987651348114, 0.20434731245040894]]
[[0.25325143337249756, 0.16538287699222565, 0.23697540163993835, 0.1758607178926468, 0.16852954030036926]]
[[0.153273344039917, 0.23368720710277557, 0.15836326777935028, 0.2235729992389679, 0.23110316693782806]]
[[0.19373378157615662, 0.203105166554451, 0.19747480750083923, 0.20264999568462372, 0.20303621888160706]]
[[0.18661220371723175, 0.2069966346025467, 0.19273461401462555, 0.2068379819393158, 0.2068185806274414]]
[[0.21252010762691498, 0.19033367931842804, 0.21045537292957306, 0.1955990046262741, 0.1910918951034546]]
[[0.19163501262664795, 0.2044885903596878, 0.19508537650108337, 0.2044350653886795, 0.2043558806180954]]
[[0.20189818739891052, 0.19844874739646912, 0.20147322118282318, 0.19928115606307983, 0.19889864325523376]]
[[0.20257188379764557, 0.19952170550823212, 0.1993168443441391, 0.19912931323051453, 0.1994602233171463]]
[[0.20920288562774658, 0.19330962002277374, 0.20615079998970032, 0.19682027399539948, 0.1945163756608963]]
[[0.206182062625885, 0.19454437494277954, 0.20476433634757996, 0.1977454125881195, 0.19676382839679718]]
[[0.18977564573287964, 0.20662282407283783, 0.1949431449174881, 0.20365235209465027, 0.20500601828098297]]
[[0.20143774151802063, 0.19917695224285126, 0.20026473701000214, 0.19980096817016602, 0.19931960105895996]]
[[0.19062235951423645, 0.2054031640291214, 0.19449330866336823, 0.20426443219184875, 0.2052166908979416]]
[[0.2013317048549652, 0.19888164103031158, 0.20089328289031982, 0.19965951144695282, 0.19923381507396698]]
hyposthese:
2 pieces , <unk> & <unk> ; cortex and medulla , <unk> % of specimen is cortex , delineated
reference:
all cortex , ok for analysis
