[[0.18361932039260864, 0.2037266343832016, 0.18583840131759644, 0.19453495740890503, 0.2322806566953659]]
[[0.17466968297958374, 0.19191356003284454, 0.17055952548980713, 0.18263451755046844, 0.28022268414497375]]
[[0.22253064811229706, 0.20281930267810822, 0.22265629470348358, 0.21508005261421204, 0.13691377639770508]]
[[0.23251304030418396, 0.2072649747133255, 0.2362181693315506, 0.22051724791526794, 0.1034865602850914]]
[[0.1957482397556305, 0.19831812381744385, 0.1958380937576294, 0.19450508058071136, 0.21559052169322968]]
[[0.19901223480701447, 0.19888658821582794, 0.19879476726055145, 0.19886550307273865, 0.20444093644618988]]
[[0.195475235581398, 0.19861209392547607, 0.19445547461509705, 0.1947566270828247, 0.2167004942893982]]
[[0.19692958891391754, 0.19868427515029907, 0.19626487791538239, 0.19757919013500214, 0.21054203808307648]]
[[0.20556014776229858, 0.20483125746250153, 0.20578832924365997, 0.20598819851875305, 0.17783211171627045]]
[[0.1991538107395172, 0.19971653819084167, 0.19910643994808197, 0.1992868036031723, 0.20273640751838684]]
[[0.1966525912284851, 0.19696980714797974, 0.1965869963169098, 0.19676652550697327, 0.21302412450313568]]
hyposthese:
2 pieces , ~10 % interstitial fat , rep delineated
reference:
2 pieces ; one piece includes 5-10 % internal fat
