[[0.1809152513742447, 0.17984658479690552, 0.22073407471179962, 0.2079157680273056, 0.21058841049671173]]
[[0.18035495281219482, 0.16754963994026184, 0.22940216958522797, 0.22388409078121185, 0.1988091766834259]]
[[0.21905377507209778, 0.2153259664773941, 0.17861990630626678, 0.18878024816513062, 0.19822005927562714]]
[[0.23596839606761932, 0.23809313774108887, 0.15512216091156006, 0.1725974977016449, 0.19821879267692566]]
[[0.19564677774906158, 0.19841377437114716, 0.20529352128505707, 0.2027641087770462, 0.19788183271884918]]
[[0.19294418394565582, 0.19500967860221863, 0.2091621309518814, 0.2036571204662323, 0.19922687113285065]]
hyposthese:
6 pieces ; well trimmed
reference:
6 pieces , confirmed target muscularis
