[[0.14325985312461853, 0.1945878565311432, 0.2355627566576004, 0.12685813009738922, 0.29973137378692627]]
[[0.1628052145242691, 0.19292385876178741, 0.23257490992546082, 0.1456652730703354, 0.2660307288169861]]
[[0.23609283566474915, 0.2010217308998108, 0.17533458769321442, 0.24071553349494934, 0.1468353122472763]]
[[0.2649041414260864, 0.19854988157749176, 0.14113743603229523, 0.2871798276901245, 0.10822874307632446]]
[[0.19715078175067902, 0.1993379443883896, 0.20494773983955383, 0.19657482206821442, 0.20198874175548553]]
[[0.19888167083263397, 0.19942034780979156, 0.20357555150985718, 0.19854985177516937, 0.1995726376771927]]
[[0.17811250686645508, 0.1963532716035843, 0.2163502275943756, 0.17294760048389435, 0.23623639345169067]]
[[0.23751768469810486, 0.2042546272277832, 0.1687762439250946, 0.24590525031089783, 0.1435462385416031]]
[[0.20056556165218353, 0.20080028474330902, 0.1998775154352188, 0.20060963928699493, 0.1981469690799713]]
[[0.2012161761522293, 0.20125755667686462, 0.20164896547794342, 0.20110221207141876, 0.1947750598192215]]
[[0.19937992095947266, 0.1998450756072998, 0.20160678029060364, 0.19767294824123383, 0.2014952450990677]]
[[0.2027079313993454, 0.20226167142391205, 0.20106874406337738, 0.20428521931171417, 0.189676433801651]]
[[0.1961214542388916, 0.2001243382692337, 0.20371189713478088, 0.19405744969844818, 0.20598487555980682]]
[[0.19930291175842285, 0.2000214010477066, 0.2005866914987564, 0.19841575622558594, 0.20167319476604462]]
[[0.20467807352542877, 0.19946594536304474, 0.19733864068984985, 0.2060748040676117, 0.19244258105754852]]
[[0.2004486620426178, 0.20024096965789795, 0.20044410228729248, 0.20013557374477386, 0.19873066246509552]]
[[0.2002071738243103, 0.2000397890806198, 0.19963693618774414, 0.20165492594242096, 0.19846118986606598]]
[[0.19943909347057343, 0.20008620619773865, 0.20091606676578522, 0.1988496333360672, 0.2007090151309967]]
[[0.2012377828359604, 0.2008298635482788, 0.20044536888599396, 0.20143160223960876, 0.1960553675889969]]
[[0.1962505429983139, 0.19918519258499146, 0.2039806991815567, 0.1942182034254074, 0.20636533200740814]]
[[0.19936443865299225, 0.19963711500167847, 0.20054785907268524, 0.19845102727413177, 0.20199961960315704]]
hyposthese:
2 pieces , <unk> & <unk> ; 1 with 30 % internal adipose ; other with 10 % internal fat
reference:
2 pieces , 12x10 & 11x11mm ; 20 % <unk> adipose
