[[0.19946669042110443, 0.19260923564434052, 0.20438219606876373, 0.2181907296180725, 0.18535110354423523]]
[[0.1946353167295456, 0.1863284409046173, 0.19973307847976685, 0.22748355567455292, 0.19181962311267853]]
[[0.20304040610790253, 0.21101871132850647, 0.1942768394947052, 0.18210260570049286, 0.20956142246723175]]
[[0.2080496996641159, 0.22562307119369507, 0.19289183616638184, 0.15051034092903137, 0.2229250967502594]]
[[0.1987936943769455, 0.19701601564884186, 0.20180843770503998, 0.2044331580400467, 0.19794872403144836]]
[[0.19962641596794128, 0.20118457078933716, 0.19952435791492462, 0.19840598106384277, 0.20125874876976013]]
[[0.19980643689632416, 0.19589731097221375, 0.20314256846904755, 0.2054762989282608, 0.19567734003067017]]
[[0.2002158910036087, 0.19860337674617767, 0.20079925656318665, 0.2018476277589798, 0.19853387773036957]]
hyposthese:
2 pieces ; 10 % external fat
reference:
2 pieces trace rims of adherent fat up to ~1mm , rep delineated
