[[0.2266518473625183, 0.20987604558467865, 0.19230738282203674, 0.2011292427778244, 0.17003555595874786]]
[[0.30108335614204407, 0.20235155522823334, 0.1639794558286667, 0.1781870573759079, 0.1543985903263092]]
[[0.1484653204679489, 0.19255611300468445, 0.21271520853042603, 0.21151024103164673, 0.2347531020641327]]
[[0.09104820340871811, 0.18211346864700317, 0.22244346141815186, 0.2104286551475525, 0.29396626353263855]]
[[0.21035631000995636, 0.20414327085018158, 0.19564296305179596, 0.19703316688537598, 0.1928243339061737]]
[[0.21512380242347717, 0.20712444186210632, 0.19539925456047058, 0.19787943363189697, 0.18447309732437134]]
[[0.20748674869537354, 0.20131473243236542, 0.1997079700231552, 0.1991834044456482, 0.19230714440345764]]
[[0.21506339311599731, 0.20201773941516876, 0.19790425896644592, 0.19771510362625122, 0.18729948997497559]]
[[0.207193985581398, 0.20147570967674255, 0.19825159013271332, 0.19827617704868317, 0.19480250775814056]]
[[0.16640950739383698, 0.19688917696475983, 0.2103569358587265, 0.2045036405324936, 0.22184070944786072]]
[[0.2034803181886673, 0.20097577571868896, 0.19921785593032837, 0.1992345154285431, 0.19709153473377228]]
[[0.2015840858221054, 0.19982317090034485, 0.1999167650938034, 0.1998593956232071, 0.19881662726402283]]
[[0.20473693311214447, 0.19995228946208954, 0.2000647634267807, 0.2009374499320984, 0.19430850446224213]]
hyposthese:
6 pieces , squamous mucosa up to ~0.4mm , <unk> % thickness
reference:
6 pieces . all with mucosa
