[[0.20281727612018585, 0.19967101514339447, 0.18986234068870544, 0.20608335733413696, 0.2015659362077713]]
[[0.17052194476127625, 0.17054851353168488, 0.20433123409748077, 0.2680245339870453, 0.18657377362251282]]
[[0.20740795135498047, 0.20606745779514313, 0.1986621767282486, 0.185027077794075, 0.2028352916240692]]
[[0.2241542488336563, 0.22313368320465088, 0.19801262021064758, 0.14743369817733765, 0.20726577937602997]]
[[0.19715671241283417, 0.19762422144412994, 0.20163093507289886, 0.2045401632785797, 0.19904792308807373]]
[[0.19755294919013977, 0.1978449672460556, 0.1996716409921646, 0.2057586908340454, 0.1991717517375946]]
[[0.20257487893104553, 0.20260779559612274, 0.20049314200878143, 0.19254860281944275, 0.20177555084228516]]
[[0.19772155582904816, 0.198219895362854, 0.20138689875602722, 0.20313528180122375, 0.19953641295433044]]
[[0.20055140554904938, 0.20078900456428528, 0.1999872326850891, 0.1984315663576126, 0.2002408504486084]]
[[0.19689086079597473, 0.19702333211898804, 0.20110471546649933, 0.20636366307735443, 0.1986173838376999]]
[[0.19853191077709198, 0.19890668988227844, 0.2007145881652832, 0.20199087262153625, 0.1998559683561325]]
hyposthese:
6 pieces ; well trimmed ; 10 % dermal fat
reference:
6 pieces ; internal fatty <unk> <unk> up 10 %
