[[0.24840103089809418, 0.18258117139339447, 0.18564258515834808, 0.2001521736383438, 0.18322299420833588]]
[[0.36484482884407043, 0.14436854422092438, 0.147071972489357, 0.1949155479669571, 0.1487991064786911]]
[[0.1497185230255127, 0.2171671837568283, 0.21542905271053314, 0.20327365398406982, 0.21441155672073364]]
[[0.053934819996356964, 0.2613554894924164, 0.2500082850456238, 0.18481500446796417, 0.24988636374473572]]
[[0.20526151359081268, 0.19790273904800415, 0.19805938005447388, 0.20017842948436737, 0.19859789311885834]]
[[0.20043398439884186, 0.19760125875473022, 0.19985458254814148, 0.20193812251091003, 0.20017202198505402]]
[[0.22095602750778198, 0.19091519713401794, 0.19366194307804108, 0.2008872777223587, 0.1935795396566391]]
[[0.20959824323654175, 0.19506311416625977, 0.19749099016189575, 0.20026622712612152, 0.19758139550685883]]
[[0.15313397347927094, 0.21564824879169464, 0.2138359248638153, 0.20306450128555298, 0.21431735157966614]]
[[0.20258629322052002, 0.19885815680027008, 0.198932483792305, 0.20047225058078766, 0.19915080070495605]]
[[0.19901196658611298, 0.2002338171005249, 0.20030063390731812, 0.20013804733753204, 0.20031559467315674]]
[[0.2112356275320053, 0.19555385410785675, 0.1961529701948166, 0.20125986635684967, 0.19579774141311646]]
hyposthese:
6 pieces , mucosa up to ~1mm , <unk> % thickness
reference:
6 pieces , mucosa and submucosa
