[[0.25715479254722595, 0.2655791640281677, 0.27561071515083313, 0.10615454614162445, 0.09550075232982635]]
[[0.2527344822883606, 0.24509243667125702, 0.28342416882514954, 0.1104985848069191, 0.10825035721063614]]
[[0.1722637414932251, 0.18157270550727844, 0.16220980882644653, 0.24140065908432007, 0.24255309998989105]]
[[0.08584944158792496, 0.08963949978351593, 0.07148982584476471, 0.3708656430244446, 0.38215556740760803]]
[[0.20822319388389587, 0.20489168167114258, 0.20550206303596497, 0.19074927270412445, 0.19063381850719452]]
[[0.20811814069747925, 0.20428797602653503, 0.20552495121955872, 0.1916809231042862, 0.190388023853302]]
[[0.21271121501922607, 0.2122955471277237, 0.21777866780757904, 0.17932835221290588, 0.17788617312908173]]
[[0.2073739469051361, 0.20517610013484955, 0.211468905210495, 0.18915791809558868, 0.18682312965393066]]
[[0.18235519528388977, 0.18553762137889862, 0.16262193024158478, 0.23351475596427917, 0.23597055673599243]]
[[0.2018834799528122, 0.2017691284418106, 0.2027551829814911, 0.19693535566329956, 0.19665685296058655]]
[[0.20171722769737244, 0.20182503759860992, 0.19940100610256195, 0.19847220182418823, 0.19858451187610626]]
[[0.20409037172794342, 0.20429441332817078, 0.21375946700572968, 0.19050459563732147, 0.18735113739967346]]
hyposthese:
6 pieces , mucosa up to ~1mm , <unk> % thickness
reference:
6 pieces ; dilated deep glands ( <unk> cell degeneration )
