[[0.19321520626544952, 0.20043882727622986, 0.20515820384025574, 0.1917130947113037, 0.20947463810443878]]
[[0.18835076689720154, 0.2021494358778, 0.19792254269123077, 0.1923750787973404, 0.2192022055387497]]
[[0.20756861567497253, 0.19899427890777588, 0.19937695562839508, 0.20748886466026306, 0.18657128512859344]]
[[0.2091984748840332, 0.19762301445007324, 0.2011452466249466, 0.20942170917987823, 0.18261152505874634]]
[[0.19815224409103394, 0.20035970211029053, 0.19969259202480316, 0.1993112415075302, 0.20248422026634216]]
[[0.2002362161874771, 0.19994822144508362, 0.19978715479373932, 0.2001342922449112, 0.19989413022994995]]
[[0.19754117727279663, 0.20080022513866425, 0.19988588988780975, 0.1985333114862442, 0.2032393515110016]]
[[0.19925180077552795, 0.20018301904201508, 0.19999022781848907, 0.19901834428310394, 0.20155660808086395]]
[[0.20074498653411865, 0.1996711641550064, 0.20023061335086823, 0.20045728981494904, 0.1988959163427353]]
[[0.19986647367477417, 0.1999855488538742, 0.199787437915802, 0.19974549114704132, 0.2006150186061859]]
[[0.1998264640569687, 0.20003962516784668, 0.1998777538537979, 0.1997877061367035, 0.20046842098236084]]
hyposthese:
2 pieces , ~10 % interstitial fat , rep delineated
reference:
2 pieces , <unk> & 9x8mm ; small amount of internal adipose tissue .
