[[0.21476306021213531, 0.1778152734041214, 0.21011117100715637, 0.21636852622032166, 0.18094199895858765]]
[[0.20387139916419983, 0.19222846627235413, 0.20388120412826538, 0.20721884071826935, 0.19280008971691132]]
[[0.1946040838956833, 0.21318581700325012, 0.1924610435962677, 0.18805213272571564, 0.21169686317443848]]
[[0.18417489528656006, 0.22312572598457336, 0.19162894785404205, 0.1901814043521881, 0.21088899672031403]]
[[0.20223869383335114, 0.1964222639799118, 0.20023232698440552, 0.20325276255607605, 0.1978539526462555]]
[[0.2050873190164566, 0.19533690810203552, 0.2009342610836029, 0.20127613842487335, 0.1973653882741928]]
[[0.21393105387687683, 0.18997728824615479, 0.20373126864433289, 0.20124545693397522, 0.19111500680446625]]
[[0.18966862559318542, 0.2088548243045807, 0.19574935734272003, 0.19668416678905487, 0.2090429961681366]]
[[0.19780410826206207, 0.2005520612001419, 0.1997731328010559, 0.2008710503578186, 0.2009996473789215]]
[[0.19909214973449707, 0.20252032577991486, 0.19807055592536926, 0.1991189867258072, 0.201198011636734]]
[[0.2016775906085968, 0.19821453094482422, 0.20014536380767822, 0.20181052386760712, 0.19815200567245483]]
[[0.19818226993083954, 0.202725350856781, 0.19764824211597443, 0.19934123754501343, 0.20210295915603638]]
[[0.20249448716640472, 0.19764387607574463, 0.19964805245399475, 0.20211662352085114, 0.19809700548648834]]
[[0.200810045003891, 0.19917310774326324, 0.19985729455947876, 0.20079894363880157, 0.19936063885688782]]
hyposthese:
2 pieces , <unk> & <unk> ; 1 with 50 % external adipose
reference:
2 pieces , adherent rim of fibrous tissue up to ~2mm , delineated ( rep )
