[[0.20359621942043304, 0.2027585655450821, 0.19607536494731903, 0.19953913986682892, 0.1980307400226593]]
[[0.20051734149456024, 0.19053275883197784, 0.20787028968334198, 0.195649191737175, 0.20543047785758972]]
[[0.19628988206386566, 0.20315800607204437, 0.2016170769929886, 0.1987287402153015, 0.20020630955696106]]
[[0.19440831243991852, 0.2112189084291458, 0.1959945112466812, 0.19886958599090576, 0.1995086669921875]]
[[0.2036041021347046, 0.19630594551563263, 0.19992896914482117, 0.2021716684103012, 0.19798928499221802]]
[[0.20115698873996735, 0.19876843690872192, 0.19979798793792725, 0.20178169012069702, 0.19849494099617004]]
[[0.20153599977493286, 0.19777947664260864, 0.20122089982032776, 0.19981704652309418, 0.19964656233787537]]
[[0.1994384527206421, 0.20096652209758759, 0.20020674169063568, 0.19971932470798492, 0.19966895878314972]]
hyposthese:
2 pieces , <unk> & <unk> ;
reference:
2 pieces , ~5-10 % fascia/vascular tissue , rep. delineated
