[[0.16197161376476288, 0.23620092868804932, 0.17945995926856995, 0.18655124306678772, 0.23581629991531372]]
[[0.1539013534784317, 0.23838233947753906, 0.16818590462207794, 0.16627691686153412, 0.2732534408569336]]
[[0.22597627341747284, 0.18055517971515656, 0.2151823788881302, 0.21441137790679932, 0.1638747602701187]]
[[0.2722761332988739, 0.13344314694404602, 0.2422739565372467, 0.2376585304737091, 0.11434825509786606]]
[[0.19389751553535461, 0.2032063752412796, 0.19650910794734955, 0.19560642540454865, 0.2107805758714676]]
[[0.19177359342575073, 0.20573635399341583, 0.19394075870513916, 0.1939515769481659, 0.214597687125206]]
[[0.2097478210926056, 0.19142521917819977, 0.20813573896884918, 0.20855030417442322, 0.18214091658592224]]
[[0.19629472494125366, 0.20298343896865845, 0.19771279394626617, 0.19729268550872803, 0.2057163417339325]]
[[0.2022922784090042, 0.19770950078964233, 0.2023383229970932, 0.20246736705303192, 0.19519250094890594]]
[[0.1921616941690445, 0.2043781727552414, 0.19545650482177734, 0.19508738815784454, 0.2129163146018982]]
[[0.19672812521457672, 0.2023075670003891, 0.19811369478702545, 0.19773511588573456, 0.20511548221111298]]
hyposthese:
6 pieces ; well trimmed ; 5 % dermal fat
reference:
6 pieces ; ~15 % internal fat ; epidermis <unk> um thick
