[[0.20848648250102997, 0.17591319978237152, 0.2181510180234909, 0.1905839890241623, 0.20686526596546173]]
[[0.23568467795848846, 0.16025613248348236, 0.1913308948278427, 0.19450294971466064, 0.2182254046201706]]
[[0.18825936317443848, 0.21648097038269043, 0.19174563884735107, 0.21202971041202545, 0.19148439168930054]]
[[0.16655127704143524, 0.24672898650169373, 0.1839878112077713, 0.22624212503433228, 0.17648977041244507]]
[[0.20182175934314728, 0.19947345554828644, 0.20257817208766937, 0.19872057437896729, 0.19740603864192963]]
[[0.20519693195819855, 0.19635924696922302, 0.2015896588563919, 0.19548632204532623, 0.2013678103685379]]
[[0.1934138685464859, 0.20571914315223694, 0.19897609949111938, 0.2045486867427826, 0.19734221696853638]]
hyposthese:
6 pieces ; well trimmed muscle
reference:
6 pieces , muscularis , few foci of autolyzed mucosa , rep. delineated
