[[0.17883628606796265, 0.18721269071102142, 0.1887577921152115, 0.22944793105125427, 0.21574532985687256]]
[[0.17191572487354279, 0.16938914358615875, 0.1820865124464035, 0.24079814553260803, 0.23581047356128693]]
[[0.22055862843990326, 0.2187952995300293, 0.21188968420028687, 0.17109321057796478, 0.1776631623506546]]
[[0.23639509081840515, 0.23799851536750793, 0.22047342360019684, 0.1511090099811554, 0.15402401983737946]]
[[0.1941543072462082, 0.19419118762016296, 0.19571372866630554, 0.20739565789699554, 0.20854505896568298]]
[[0.19166509807109833, 0.19136708974838257, 0.19519628584384918, 0.21219795942306519, 0.20957355201244354]]
hyposthese:
2 pieces , no abnormalities
reference:
2 pieces ; foci of hypereosinophilia ( ischemic ) [ annotated ]
