[[0.19634805619716644, 0.21843518316745758, 0.20664826035499573, 0.18592989444732666, 0.19263850152492523]]
[[0.18359781801700592, 0.24723918735980988, 0.209156796336174, 0.17696698009967804, 0.18303918838500977]]
[[0.20969431102275848, 0.16768431663513184, 0.1881982535123825, 0.21886493265628815, 0.2155582457780838]]
[[0.21052730083465576, 0.1464337259531021, 0.17920862138271332, 0.2359406054019928, 0.2278897762298584]]
[[0.19653640687465668, 0.21231620013713837, 0.20179083943367004, 0.1946323812007904, 0.19472409784793854]]
[[0.19615240395069122, 0.21883448958396912, 0.20712903141975403, 0.18891531229019165, 0.1889687478542328]]
hyposthese:
2 pieces , no abnormalities
reference:
2 pieces , no abnormalities
