[[0.2159094214439392, 0.24630923569202423, 0.21837154030799866, 0.1453404277563095, 0.17406940460205078]]
[[0.19531549513339996, 0.262450635433197, 0.20400561392307281, 0.16183912754058838, 0.17638912796974182]]
[[0.1909717321395874, 0.16530662775039673, 0.19123424589633942, 0.2397071123123169, 0.21278023719787598]]
[[0.19130583107471466, 0.1503416895866394, 0.18336118757724762, 0.25577422976493835, 0.21921707689762115]]
[[0.20096728205680847, 0.20080719888210297, 0.20168618857860565, 0.19671326875686646, 0.19982601702213287]]
[[0.20039351284503937, 0.19931316375732422, 0.20037825405597687, 0.19992855191230774, 0.199986532330513]]
[[0.2040768563747406, 0.21356570720672607, 0.20585957169532776, 0.18444836139678955, 0.1920495480298996]]
[[0.19835440814495087, 0.16727110743522644, 0.1919654756784439, 0.2271122932434082, 0.2152967005968094]]
[[0.20069177448749542, 0.19703969359397888, 0.19911164045333862, 0.20243163406848907, 0.20072521269321442]]
[[0.20009562373161316, 0.20415626466274261, 0.20051312446594238, 0.19532686471939087, 0.1999080330133438]]
[[0.20073091983795166, 0.20468206703662872, 0.2010497748851776, 0.19415152072906494, 0.19938574731349945]]
hyposthese:
2 pieces , <unk> & <unk> ; good clean specimens
reference:
2 pieces . 5x4 & 6x5mm ; good clean specimen
