[[0.1837211698293686, 0.17886634171009064, 0.18979580700397491, 0.2382463961839676, 0.20937034487724304]]
[[0.17461836338043213, 0.17271921038627625, 0.1786946952342987, 0.2677563428878784, 0.20621146261692047]]
[[0.22120361030101776, 0.2263655960559845, 0.22131599485874176, 0.14185313880443573, 0.18926167488098145]]
[[0.23257462680339813, 0.24996769428253174, 0.23492616415023804, 0.10353809595108032, 0.17899340391159058]]
[[0.19148389995098114, 0.18785828351974487, 0.18990199267864227, 0.22667451202869415, 0.20408137142658234]]
[[0.1908072829246521, 0.18227247893810272, 0.18725799024105072, 0.2343466728925705, 0.20531561970710754]]
hyposthese:
2 pieces , no abnormalities
reference:
2 pieces ; well dissected
