[[0.11697286367416382, 0.30331987142562866, 0.2959597110748291, 0.1541624814271927, 0.12958507239818573]]
[[0.11854274570941925, 0.30501589179039, 0.2746671140193939, 0.16232599318027496, 0.13944825530052185]]
[[0.2570495009422302, 0.1259886622428894, 0.1413203477859497, 0.22901977598667145, 0.24662169814109802]]
[[0.30643948912620544, 0.07463174313306808, 0.09019169956445694, 0.24568000435829163, 0.2830570936203003]]
[[0.19260987639427185, 0.21007172763347626, 0.20913384854793549, 0.19566884636878967, 0.19251571595668793]]
[[0.20213580131530762, 0.1934840977191925, 0.19607481360435486, 0.205165833234787, 0.20313942432403564]]
hyposthese:
2 pieces ; moderate congestion
reference:
2 pieces ; moderate congestion ; severe central atrophy
