[[0.19613131880760193, 0.2410828024148941, 0.1674700528383255, 0.1953767091035843, 0.19993910193443298]]
[[0.19021467864513397, 0.26011642813682556, 0.16542555391788483, 0.17997339367866516, 0.20427000522613525]]
[[0.20318007469177246, 0.16381680965423584, 0.22683486342430115, 0.21059265732765198, 0.19557558000087738]]
[[0.19963549077510834, 0.14343486726284027, 0.2508443295955658, 0.21355031430721283, 0.19253495335578918]]
[[0.2012014240026474, 0.20327559113502502, 0.19619300961494446, 0.19841386377811432, 0.20091603696346283]]
[[0.2008831650018692, 0.201913520693779, 0.19531330466270447, 0.199491485953331, 0.20239844918251038]]
hyposthese:
2 pieces , moderate congestion
reference:
2 pieces , moderate congestion/atalectasis
