[[0.27273768186569214, 0.15242742002010345, 0.15348292887210846, 0.18537463247776031, 0.23597733676433563]]
[[0.23745915293693542, 0.16795723140239716, 0.1576196849346161, 0.19348959624767303, 0.2434743344783783]]
[[0.1610891968011856, 0.22780117392539978, 0.22792886197566986, 0.20895332098007202, 0.1742274910211563]]
[[0.1280273050069809, 0.26262763142585754, 0.2663160264492035, 0.2080579251050949, 0.1349710375070572]]
[[0.20648840069770813, 0.19440670311450958, 0.19357167184352875, 0.1989457607269287, 0.2065875083208084]]
[[0.21511895954608917, 0.18885746598243713, 0.18846753239631653, 0.19685779511928558, 0.2106982320547104]]
[[0.20517316460609436, 0.19641073048114777, 0.19679202139377594, 0.19800400733947754, 0.20362015068531036]]
[[0.17340882122516632, 0.21919573843479156, 0.21992573142051697, 0.20511332154273987, 0.1823563575744629]]
[[0.2004965841770172, 0.1992000788450241, 0.19964125752449036, 0.20013433694839478, 0.20052777230739594]]
[[0.20779554545879364, 0.1941298395395279, 0.19493865966796875, 0.1986919343471527, 0.2044440358877182]]
[[0.20135799050331116, 0.19929391145706177, 0.198918879032135, 0.19989964365959167, 0.2005295306444168]]
hyposthese:
2 pieces , no adherent fat , good clean specimens
reference:
2 pieces , no atherosis , no adherent fat
