[[0.18611513078212738, 0.18311016261577606, 0.19613759219646454, 0.21732279658317566, 0.21731433272361755]]
[[0.1928694248199463, 0.17370471358299255, 0.18847885727882385, 0.2216041535139084, 0.22334282100200653]]
[[0.2119349241256714, 0.22002454102039337, 0.20520564913749695, 0.18290100991725922, 0.17993393540382385]]
[[0.21479284763336182, 0.2332507073879242, 0.21632878482341766, 0.161736860871315, 0.17389076948165894]]
[[0.19847074151039124, 0.1982247531414032, 0.19830241799354553, 0.2024718075990677, 0.20253023505210876]]
[[0.19706830382347107, 0.19735948741436005, 0.19775238633155823, 0.20528458058834076, 0.2025352418422699]]
[[0.18772543966770172, 0.1876341700553894, 0.19110272824764252, 0.2198735773563385, 0.21366406977176666]]
[[0.20719490945339203, 0.2216973602771759, 0.20775732398033142, 0.18302616477012634, 0.1803242713212967]]
[[0.20107042789459229, 0.2017025649547577, 0.20064039528369904, 0.19915324449539185, 0.19743335247039795]]
[[0.19995810091495514, 0.1996983289718628, 0.19983713328838348, 0.20026908814907074, 0.20023734867572784]]
[[0.2000332474708557, 0.20016519725322723, 0.20003750920295715, 0.2000434845685959, 0.1997205764055252]]
[[0.19976575672626495, 0.1990540772676468, 0.19917231798171997, 0.20113392174243927, 0.2008739411830902]]
[[0.19983616471290588, 0.19987252354621887, 0.19991108775138855, 0.20036891102790833, 0.20001138746738434]]
[[0.20037829875946045, 0.1998947411775589, 0.1999988853931427, 0.1998438686132431, 0.19988417625427246]]
[[0.2000066637992859, 0.19966334104537964, 0.200062096118927, 0.2000938504934311, 0.20017410814762115]]
[[0.20027264952659607, 0.19987012445926666, 0.20004963874816895, 0.19968344271183014, 0.20012420415878296]]
hyposthese:
2 pieces , <unk> & <unk> ; patchy fibrosis , <unk> , rep ones delineated
reference:
2 pieces , diffuse moderate-marked chronic ischemic <unk> fibrosis
