[[0.2031402736902237, 0.18767596781253815, 0.17259520292282104, 0.18792641162872314, 0.24866215884685516]]
[[0.19947268068790436, 0.16993507742881775, 0.15474794805049896, 0.17043714225292206, 0.30540716648101807]]
[[0.19851556420326233, 0.2154732495546341, 0.2280631810426712, 0.2159244418144226, 0.14202357828617096]]
[[0.18999570608139038, 0.22770023345947266, 0.26045718789100647, 0.2256675660610199, 0.0961793065071106]]
[[0.19930726289749146, 0.19418588280677795, 0.1911371350288391, 0.1939309984445572, 0.2214386910200119]]
[[0.19847556948661804, 0.19626206159591675, 0.19507849216461182, 0.1963197886943817, 0.21386416256427765]]
[[0.20259158313274384, 0.20517227053642273, 0.20535773038864136, 0.20480936765670776, 0.18206901848316193]]
[[0.1990274041891098, 0.19613374769687653, 0.19461895525455475, 0.19593024253845215, 0.21428963541984558]]
hyposthese:
2 pieces ; patchy emphysema and fibrosis
reference:
2 pieces ; numerous pigmented alveolar macrophages ( heart failure cells ) ;
