[[0.27751150727272034, 0.27015936374664307, 0.15103918313980103, 0.15549470484256744, 0.1457952857017517]]
[[0.2956734299659729, 0.273398220539093, 0.14437128603458405, 0.14552871882915497, 0.14102837443351746]]
[[0.15403011441230774, 0.16300047934055328, 0.22774292528629303, 0.22583962976932526, 0.22938691079616547]]
[[0.06286396086215973, 0.07442186027765274, 0.2893153429031372, 0.27397578954696655, 0.29942309856414795]]
[[0.21038255095481873, 0.21006858348846436, 0.19293759763240814, 0.19345180690288544, 0.19315946102142334]]
[[0.20858964323997498, 0.20964348316192627, 0.1938733458518982, 0.19484750926494598, 0.19304606318473816]]
[[0.2129814773797989, 0.2124754935503006, 0.19124753773212433, 0.19266583025455475, 0.19062961637973785]]
[[0.18359380960464478, 0.190073624253273, 0.20879997313022614, 0.20941078662872314, 0.20812179148197174]]
[[0.20800238847732544, 0.20528177917003632, 0.19552090764045715, 0.19562432169914246, 0.19557054340839386]]
[[0.21165823936462402, 0.2076282799243927, 0.19367550313472748, 0.19475187361240387, 0.19228608906269073]]
[[0.20784498751163483, 0.20569846034049988, 0.19551122188568115, 0.19582150876522064, 0.1951238214969635]]
[[0.17123016715049744, 0.17945173382759094, 0.21654711663722992, 0.2158644199371338, 0.2169065624475479]]
[[0.2022862583398819, 0.20260000228881836, 0.1984059363603592, 0.19850273430347443, 0.19820508360862732]]
[[0.20194947719573975, 0.2027014195919037, 0.19845077395439148, 0.19844798743724823, 0.19845031201839447]]
[[0.2063421607017517, 0.20462951064109802, 0.1963120847940445, 0.1972697526216507, 0.19544653594493866]]
hyposthese:
6 pieces , mucosa well preserved , up to ~1mm , <unk> % thickness
reference:
6 pieces , mucoa well preserved , up to ~0.5mm , ~15-20 % thickness
