[[0.21403436362743378, 0.1811426877975464, 0.22734405100345612, 0.18969827890396118, 0.18778067827224731]]
[[0.2236180305480957, 0.15455903112888336, 0.27470237016677856, 0.1500779539346695, 0.19704261422157288]]
[[0.19426485896110535, 0.2174670696258545, 0.17236283421516418, 0.21288497745990753, 0.20302020013332367]]
[[0.16630704700946808, 0.2587724030017853, 0.12083679437637329, 0.24846939742565155, 0.205614373087883]]
[[0.20180833339691162, 0.19771388173103333, 0.2033226490020752, 0.1968790888786316, 0.20027604699134827]]
[[0.20582041144371033, 0.18776850402355194, 0.2156670093536377, 0.1902441531419754, 0.20049996674060822]]
[[0.20572637021541595, 0.18952302634716034, 0.2126276046037674, 0.1939437836408615, 0.19817917048931122]]
[[0.18195495009422302, 0.22807545959949493, 0.1631987988948822, 0.22028374671936035, 0.2064870446920395]]
[[0.20095358788967133, 0.19862248003482819, 0.20113907754421234, 0.19845497608184814, 0.2008298635482788]]
[[0.20209228992462158, 0.19764910638332367, 0.20401804149150848, 0.19764897227287292, 0.19859157502651215]]
[[0.20138278603553772, 0.19872815907001495, 0.2016032487154007, 0.1987179070711136, 0.19956785440444946]]
[[0.20107993483543396, 0.19906805455684662, 0.2013264149427414, 0.19866855442523956, 0.1998569816350937]]
[[0.20279933512210846, 0.19706198573112488, 0.20422203838825226, 0.19716182351112366, 0.19875481724739075]]
[[0.20253923535346985, 0.1968759149312973, 0.20370429754257202, 0.19743472337722778, 0.19944578409194946]]
[[0.19875431060791016, 0.2030428647994995, 0.19364434480667114, 0.2034665048122406, 0.20109201967716217]]
[[0.19983738660812378, 0.2000342160463333, 0.2000369280576706, 0.20041538774967194, 0.19967606663703918]]
hyposthese:
6 pieces , up to 8x3mm ; subcutaneous adipose is up to 1 mm thick
reference:
6 pieces ~6x3mm . squamous epithelium is ~1 % thickness
