[[0.20445603132247925, 0.1877230703830719, 0.1969413459300995, 0.2023431807756424, 0.20853643119335175]]
[[0.20958857238292694, 0.18031658232212067, 0.19385550916194916, 0.20289719104766846, 0.21334223449230194]]
[[0.18923445045948029, 0.2188413441181183, 0.20594972372055054, 0.19631388783454895, 0.18966054916381836]]
[[0.19026871025562286, 0.22398978471755981, 0.2020104080438614, 0.19682854413986206, 0.18690259754657745]]
[[0.20314472913742065, 0.19597792625427246, 0.19848942756652832, 0.2013438194990158, 0.2010440230369568]]
[[0.2002158910036087, 0.19983738660812378, 0.20009124279022217, 0.20007039606571198, 0.19978506863117218]]
[[0.20260365307331085, 0.19545482099056244, 0.19918540120124817, 0.20082014799118042, 0.20193599164485931]]
[[0.20068922638893127, 0.19823291897773743, 0.1994200348854065, 0.20062695443630219, 0.20103079080581665]]
[[0.19923099875450134, 0.20141911506652832, 0.20004382729530334, 0.19976182281970978, 0.19954431056976318]]
[[0.20052017271518707, 0.1992763876914978, 0.19965860247612, 0.20036137104034424, 0.20018348097801208]]
[[0.20025323331356049, 0.19984713196754456, 0.19959941506385803, 0.1999516487121582, 0.20034854114055634]]
hyposthese:
2 pieces , ~10 % interstitial fat , rep delineated
reference:
2 pieces , includes ~10 % fat and vascular tissue
