[[0.183981254696846, 0.2212495356798172, 0.18322794139385223, 0.2080756574869156, 0.20346567034721375]]
[[0.17135457694530487, 0.2566587030887604, 0.16891029477119446, 0.20973055064678192, 0.19334587454795837]]
[[0.22696799039840698, 0.1529075652360916, 0.22821755707263947, 0.18964822590351105, 0.2022586166858673]]
[[0.2399064004421234, 0.11792075634002686, 0.2430523931980133, 0.1916234791278839, 0.20749694108963013]]
[[0.19380931556224823, 0.21352429687976837, 0.19397103786468506, 0.2007763385772705, 0.19791904091835022]]
[[0.19836576282978058, 0.20477700233459473, 0.19844233989715576, 0.19948197901248932, 0.1989329606294632]]
[[0.19313545525074005, 0.21359872817993164, 0.1933165341615677, 0.20144183933734894, 0.1985073983669281]]
[[0.19644799828529358, 0.2082623690366745, 0.19606463611125946, 0.2003743201494217, 0.1988505870103836]]
[[0.2051786482334137, 0.18552710115909576, 0.20521847903728485, 0.2001708447933197, 0.20390494167804718]]
[[0.19898240268230438, 0.20254206657409668, 0.1987818479537964, 0.1999911516904831, 0.19970251619815826]]
[[0.19742897152900696, 0.20861338078975677, 0.19737915694713593, 0.19832156598567963, 0.1982569545507431]]
hyposthese:
2 pieces , ~10 % interstitial fat , rep delineated
reference:
2 pieces , minimal interstitial fat
