[[0.2157481461763382, 0.21141164004802704, 0.19549855589866638, 0.1687510907649994, 0.208590567111969]]
[[0.22045424580574036, 0.18520735204219818, 0.21180002391338348, 0.15980607271194458, 0.22273235023021698]]
[[0.18495725095272064, 0.20033282041549683, 0.19729088246822357, 0.23293094336986542, 0.18448808789253235]]
[[0.17553231120109558, 0.1932697892189026, 0.19526678323745728, 0.26201358437538147, 0.17391753196716309]]
[[0.2029566466808319, 0.1989513784646988, 0.2066306620836258, 0.18711084127426147, 0.20435048639774323]]
[[0.200422003865242, 0.1993815302848816, 0.1998898833990097, 0.19739457964897156, 0.20291203260421753]]
hyposthese:
2 pieces , myometrium only
reference:
2 pieces ; all myometrium , no endometrium on these <unk>
