[[0.18913857638835907, 0.1927841156721115, 0.21195881068706512, 0.20383667945861816, 0.2022818773984909]]
[[0.18999803066253662, 0.18621137738227844, 0.22297246754169464, 0.2049427032470703, 0.1958754062652588]]
[[0.2121824324131012, 0.2111203372478485, 0.18221569061279297, 0.19441622495651245, 0.20006531476974487]]
[[0.21600528061389923, 0.21274204552173615, 0.17648789286613464, 0.19393625855445862, 0.2008284479379654]]
[[0.19803868234157562, 0.1976790428161621, 0.20331735908985138, 0.20110948383808136, 0.19985543191432953]]
[[0.19973021745681763, 0.19996032118797302, 0.20080915093421936, 0.1997886598110199, 0.1997116059064865]]
[[0.19753499329090118, 0.19715464115142822, 0.20434413850307465, 0.20114858448505402, 0.19981758296489716]]
[[0.19929388165473938, 0.1989455372095108, 0.20196717977523804, 0.20023369789123535, 0.1995597779750824]]
[[0.20100651681423187, 0.20087404549121857, 0.19765856862068176, 0.2001207023859024, 0.20034019649028778]]
[[0.19962650537490845, 0.19977836310863495, 0.2008473426103592, 0.200211301445961, 0.19953644275665283]]
[[0.19987697899341583, 0.19976776838302612, 0.20071421563625336, 0.19989456236362457, 0.19974642992019653]]
hyposthese:
2 pieces , ~10 % interstitial fat , rep delineated
reference:
2 pieces ; ~5 % of internal fat ( outlined )
