[[0.2141435146331787, 0.19296927750110626, 0.18630874156951904, 0.20655782520771027, 0.2000206857919693]]
[[0.19973362982273102, 0.2052292674779892, 0.19401967525482178, 0.20604167878627777, 0.19497571885585785]]
[[0.1927230954170227, 0.20373374223709106, 0.2080487310886383, 0.19477936625480652, 0.2007150650024414]]
[[0.1939084529876709, 0.20332899689674377, 0.21613216400146484, 0.1920715570449829, 0.19455884397029877]]
[[0.20240381360054016, 0.19976571202278137, 0.19845643639564514, 0.1987549066543579, 0.2006191462278366]]
[[0.2045811116695404, 0.19699503481388092, 0.1971733719110489, 0.19858424365520477, 0.2026662528514862]]
[[0.1996842622756958, 0.19944649934768677, 0.20153646171092987, 0.19895890355110168, 0.20037387311458588]]
hyposthese:
2 pieces , minimal fascia/vascular elements
reference:
2 pieces ; no increase in fibrous stroma
