[[0.2474130243062973, 0.17585796117782593, 0.18474993109703064, 0.22611118853092194, 0.16586793959140778]]
[[0.27382832765579224, 0.1733025312423706, 0.17527832090854645, 0.2209831327199936, 0.15660767257213593]]
[[0.1491057127714157, 0.2251657098531723, 0.21876320242881775, 0.1798028200864792, 0.22716255486011505]]
[[0.1129460260272026, 0.2415188103914261, 0.22939474880695343, 0.16679854691028595, 0.24934197962284088]]
[[0.20648279786109924, 0.19528424739837646, 0.19627885520458221, 0.2062290459871292, 0.19572508335113525]]
[[0.206925168633461, 0.19571703672409058, 0.19648244976997375, 0.20565080642700195, 0.19522453844547272]]
[[0.2502186894416809, 0.1756668984889984, 0.1812003254890442, 0.2174638956785202, 0.17545020580291748]]
[[0.14185743033885956, 0.23370616137981415, 0.22430191934108734, 0.17232047021389008, 0.22781401872634888]]
hyposthese:
2 pieces , <unk> & <unk> ;
reference:
2 pieces , 9x7 & 8x7mm ; 10 % stroma at edge of smaller piece
