[[0.19967228174209595, 0.22107139229774475, 0.18092000484466553, 0.2056138813495636, 0.19272242486476898]]
[[0.1771080493927002, 0.25644025206565857, 0.13582739233970642, 0.2278999239206314, 0.202724426984787]]
[[0.2059449702501297, 0.18086493015289307, 0.21942219138145447, 0.19325892627239227, 0.2005089819431305]]
[[0.22339412569999695, 0.13697658479213715, 0.27161699533462524, 0.1625739336013794, 0.20543833076953888]]
[[0.19927296042442322, 0.20258674025535583, 0.19503672420978546, 0.20180769264698029, 0.20129583775997162]]
[[0.19708968698978424, 0.20584575831890106, 0.1942991018295288, 0.20328916609287262, 0.19947631657123566]]
[[0.20207400619983673, 0.1923271268606186, 0.20710982382297516, 0.19682656228542328, 0.20166252553462982]]
[[0.19955424964427948, 0.20212575793266296, 0.1967138648033142, 0.20068199932575226, 0.20092417299747467]]
[[0.2015998512506485, 0.19516989588737488, 0.20225024223327637, 0.20019932091236115, 0.20078065991401672]]
[[0.19905361533164978, 0.20345844328403473, 0.19369041919708252, 0.2022516280412674, 0.20154593884944916]]
[[0.19954030215740204, 0.2019425481557846, 0.19751104712486267, 0.200770303606987, 0.20023582875728607]]
hyposthese:
6 pieces ; well trimmed ; 10 % dermal fat
reference:
6 pieces ; 10 % dermal fat
