[[0.16292814910411835, 0.20544667541980743, 0.18630746006965637, 0.16348473727703094, 0.2818330228328705]]
[[0.15219815075397491, 0.18474046885967255, 0.1627373993396759, 0.15298914909362793, 0.34733477234840393]]
[[0.23302434384822845, 0.19871971011161804, 0.22105801105499268, 0.23228706419467926, 0.11491082608699799]]
[[0.26007306575775146, 0.1858678013086319, 0.23442105948925018, 0.2567500174045563, 0.06288806349039078]]
[[0.19826026260852814, 0.20003420114517212, 0.19747215509414673, 0.19831202924251556, 0.20592130720615387]]
[[0.1964608132839203, 0.20502938330173492, 0.19937393069267273, 0.19673022627830505, 0.2024056613445282]]
[[0.17705610394477844, 0.19361287355422974, 0.18297643959522247, 0.17716249823570251, 0.26919206976890564]]
[[0.22250637412071228, 0.20382289588451385, 0.2167058289051056, 0.22222493588924408, 0.13474002480506897]]
[[0.2011564075946808, 0.20165671408176422, 0.20116670429706573, 0.20121854543685913, 0.1948016881942749]]
[[0.19466806948184967, 0.20240409672260284, 0.19863969087600708, 0.19491468369960785, 0.20937344431877136]]
[[0.20704567432403564, 0.20510905981063843, 0.2069695144891739, 0.20709620416164398, 0.17377959191799164]]
[[0.1977282613515854, 0.19909453392028809, 0.198343425989151, 0.19784793257713318, 0.20698592066764832]]
[[0.19816900789737701, 0.1991637945175171, 0.198472797870636, 0.1983141303062439, 0.20588018000125885]]
[[0.19503110647201538, 0.20134200155735016, 0.19820334017276764, 0.1953369677066803, 0.21008658409118652]]
[[0.19428491592407227, 0.20059682428836823, 0.19821657240390778, 0.19454118609428406, 0.2123604714870453]]
hyposthese:
2 pieces , <unk> & <unk> ; all cortex , <unk> % of specimen
reference:
2 pieces , <unk> x <unk> attachment of fat and vessels on one piece
