[[0.17577052116394043, 0.20755791664123535, 0.1957206279039383, 0.2158859521150589, 0.20506496727466583]]
[[0.17669303715229034, 0.20980066061019897, 0.19464273750782013, 0.22167770564556122, 0.19718584418296814]]
[[0.21948744356632233, 0.19457843899726868, 0.20339442789554596, 0.1840662658214569, 0.19847342371940613]]
[[0.23499855399131775, 0.1872790902853012, 0.20545336604118347, 0.17706185579299927, 0.1952071338891983]]
[[0.1948779821395874, 0.20283792912960052, 0.19784410297870636, 0.20569302141666412, 0.1987469345331192]]
[[0.19569478929042816, 0.20116421580314636, 0.20017817616462708, 0.20108556747436523, 0.20187728106975555]]
[[0.19803273677825928, 0.20059292018413544, 0.19929173588752747, 0.2024732530117035, 0.19960935413837433]]
[[0.19359679520130157, 0.2015039175748825, 0.19957365095615387, 0.20334185659885406, 0.20198382437229156]]
hyposthese:
2 pieces , myometrium , no <unk>
reference:
2 pieces mainly myometrium , thin ( ~0.5mm ) layer of <unk> endometrial <unk>
