[[0.20626631379127502, 0.22871430218219757, 0.11112450063228607, 0.21985284984111786, 0.23404204845428467]]
[[0.19353097677230835, 0.23139052093029022, 0.11732364445924759, 0.22508755326271057, 0.23266726732254028]]
[[0.1996089667081833, 0.17735975980758667, 0.26711371541023254, 0.17959748208522797, 0.17632001638412476]]
[[0.193943589925766, 0.16432832181453705, 0.313126802444458, 0.17072291672229767, 0.1578783243894577]]
[[0.19808322191238403, 0.205696702003479, 0.190032497048378, 0.20428743958473206, 0.20190009474754333]]
[[0.20168280601501465, 0.19665488600730896, 0.20827284455299377, 0.19819104671478271, 0.1951984018087387]]
[[0.20057062804698944, 0.20599912106990814, 0.18199796974658966, 0.20488472282886505, 0.2065475881099701]]
hyposthese:
1 piece ; adenohypophysis and neurohypophysis
reference:
1 piece ; 50 % fibrous stroma <unk> anterior and posterior components [ annotated ]
