[[0.11187969148159027, 0.18334132432937622, 0.24892239272594452, 0.23778517544269562, 0.21807141602039337]]
[[0.14888912439346313, 0.18652047216892242, 0.23760782182216644, 0.24113139510154724, 0.18585118651390076]]
[[0.25029125809669495, 0.20889542996883392, 0.17161338031291962, 0.1738644242286682, 0.19533546268939972]]
[[0.3178789019584656, 0.21069420874118805, 0.13424701988697052, 0.14125308394432068, 0.1959267407655716]]
[[0.19173435866832733, 0.19866836071014404, 0.2068994641304016, 0.20347000658512115, 0.19922779500484467]]
[[0.18888626992702484, 0.19907964766025543, 0.20839567482471466, 0.20386384427547455, 0.19977453351020813]]
[[0.16839057207107544, 0.193306565284729, 0.22185610234737396, 0.2170126736164093, 0.19943416118621826]]
[[0.24840933084487915, 0.2029155194759369, 0.17111383378505707, 0.17817388474941254, 0.19938747584819794]]
[[0.2054050862789154, 0.20184403657913208, 0.19498755037784576, 0.1960143893957138, 0.20174896717071533]]
[[0.18717555701732635, 0.20008732378482819, 0.20750205218791962, 0.20445692539215088, 0.20077817142009735]]
[[0.19104617834091187, 0.20333325862884521, 0.202622652053833, 0.20023179054260254, 0.20276612043380737]]
hyposthese:
2 pieces , <unk> & <unk> ; good clean specimens
reference:
2 pieces ~2mm d. minimal atherosclerosis
