[[0.20126381516456604, 0.19303341209888458, 0.20736800134181976, 0.19392037391662598, 0.20441441237926483]]
[[0.20732347667217255, 0.1923743039369583, 0.19622516632080078, 0.20044554769992828, 0.20363153517246246]]
[[0.20024967193603516, 0.20536917448043823, 0.19867782294750214, 0.20214036107063293, 0.19356292486190796]]
[[0.19007325172424316, 0.21446482837200165, 0.19491687417030334, 0.20889045298099518, 0.19165457785129547]]
[[0.20136535167694092, 0.1974659562110901, 0.19938822090625763, 0.197730153799057, 0.20405039191246033]]
[[0.20028147101402283, 0.19888059794902802, 0.19969499111175537, 0.1990257054567337, 0.2021172046661377]]
[[0.201911062002182, 0.19758200645446777, 0.19972404837608337, 0.19787254929542542, 0.20291036367416382]]
[[0.20012621581554413, 0.19979853928089142, 0.20014561712741852, 0.19938836991786957, 0.20054125785827637]]
[[0.1996614933013916, 0.20132113993167877, 0.19998067617416382, 0.20199915766716003, 0.19703754782676697]]
[[0.19998851418495178, 0.19957295060157776, 0.20004922151565552, 0.19968901574611664, 0.2007003277540207]]
[[0.20030009746551514, 0.19969499111175537, 0.20039749145507812, 0.20021456480026245, 0.19939284026622772]]
hyposthese:
2 pieces , ~10 % fascia/vascular elements , rep delineated
reference:
2 pieces ; 5 % fibrous content
