[[0.1829165667295456, 0.170321524143219, 0.2171267718076706, 0.21608498692512512, 0.21355009078979492]]
[[0.1962164044380188, 0.17078222334384918, 0.2117425799369812, 0.23656333982944489, 0.18469546735286713]]
[[0.2085884064435959, 0.21492594480514526, 0.18723808228969574, 0.1913573145866394, 0.19789022207260132]]
[[0.21665869653224945, 0.24767805635929108, 0.1788114607334137, 0.16397032141685486, 0.1928814947605133]]
[[0.19956925511360168, 0.19811871647834778, 0.20106229186058044, 0.1992977261543274, 0.2019519805908203]]
[[0.19756528735160828, 0.19512058794498444, 0.2029189169406891, 0.20260365307331085, 0.20179156959056854]]
[[0.20129810273647308, 0.20297053456306458, 0.1988629400730133, 0.1974724978208542, 0.1993960291147232]]
[[0.1997750699520111, 0.1998441368341446, 0.20033225417137146, 0.19957531988620758, 0.20047321915626526]]
[[0.19942119717597961, 0.19807548820972443, 0.20026643574237823, 0.20210303366184235, 0.200133815407753]]
hyposthese:
6 pieces , all muscularis , good specimens
reference:
7 pieces , all muscularis , adherent nubbin serosa in one section , delineated
