[[0.210590660572052, 0.17422844469547272, 0.228563129901886, 0.24405549466609955, 0.14256228506565094]]
[[0.2271672487258911, 0.1683252453804016, 0.21114008128643036, 0.2349698543548584, 0.15839755535125732]]
[[0.18708743155002594, 0.21746771037578583, 0.1872333139181137, 0.17293742299079895, 0.23527421057224274]]
[[0.16535142064094543, 0.23946338891983032, 0.16417773067951202, 0.14193855226039886, 0.28906887769699097]]
[[0.20341169834136963, 0.19743132591247559, 0.1993536651134491, 0.20485162734985352, 0.19495168328285217]]
[[0.20627985894680023, 0.19401143491268158, 0.20157650113105774, 0.21232019364833832, 0.1858120560646057]]
[[0.1967470794916153, 0.2037702351808548, 0.2018895000219345, 0.19241435825824738, 0.205178901553154]]
[[0.2000836730003357, 0.19990034401416779, 0.20018911361694336, 0.19988790154457092, 0.19993896782398224]]
[[0.20169875025749207, 0.19768476486206055, 0.19976411759853363, 0.20516814291477203, 0.1956842690706253]]
hyposthese:
6 pieces , all muscularis , good specimens
reference:
6 pieces , all muscularis , good specimens
