[[0.18319402635097504, 0.2018195539712906, 0.20878928899765015, 0.19305436313152313, 0.21314279735088348]]
[[0.16615301370620728, 0.20038868486881256, 0.22663091123104095, 0.18738694489002228, 0.21944044530391693]]
[[0.21950820088386536, 0.19742649793624878, 0.18890435993671417, 0.21011988818645477, 0.18404100835323334]]
[[0.23990648984909058, 0.198417067527771, 0.17072275280952454, 0.2155608981847763, 0.17539280652999878]]
[[0.1954731047153473, 0.1978665143251419, 0.20636063814163208, 0.19970321655273438, 0.20059654116630554]]
[[0.1984342485666275, 0.200262188911438, 0.2012609839439392, 0.19906190037727356, 0.20098064839839935]]
[[0.19872353971004486, 0.1996835619211197, 0.20086891949176788, 0.20012913644313812, 0.20059484243392944]]
[[0.19770556688308716, 0.19832421839237213, 0.20428457856178284, 0.19962483644485474, 0.20006075501441956]]
[[0.19876648485660553, 0.1994764506816864, 0.2014024555683136, 0.199874609708786, 0.20047999918460846]]
hyposthese:
2 pieces ; glands autolyzed , stroma intact
reference:
2 pieces , glandular elements with autolysis <unk> from score 1 to score 3
