[[0.19749382138252258, 0.19429707527160645, 0.19323214888572693, 0.20655840635299683, 0.2084185928106308]]
[[0.20343665778636932, 0.19294139742851257, 0.1898992508649826, 0.2085338532924652, 0.20518885552883148]]
[[0.1960250586271286, 0.20684505999088287, 0.21083863079547882, 0.19368010759353638, 0.1926111876964569]]
[[0.19895222783088684, 0.2063327431678772, 0.21105284988880157, 0.19022810459136963, 0.19343401491641998]]
[[0.20172162353992462, 0.19826801121234894, 0.19869352877140045, 0.19974647462368011, 0.20157039165496826]]
[[0.2001200020313263, 0.20006781816482544, 0.19994698464870453, 0.1998458057641983, 0.20001943409442902]]
[[0.20084761083126068, 0.19826732575893402, 0.19807268679141998, 0.20071689784526825, 0.20209547877311707]]
[[0.1998656541109085, 0.19886481761932373, 0.19882160425186157, 0.2011224627494812, 0.2013254463672638]]
[[0.19991876184940338, 0.20034323632717133, 0.20045559108257294, 0.1998346447944641, 0.19944779574871063]]
[[0.20030605792999268, 0.19942140579223633, 0.19965030252933502, 0.20005543529987335, 0.20056676864624023]]
[[0.20021449029445648, 0.1996755599975586, 0.19969724118709564, 0.20021967589855194, 0.20019301772117615]]
hyposthese:
2 pieces , ~10 % interstitial fat , rep delineated
reference:
2 pieces , trace interstitial fat
