[[0.19108012318611145, 0.19592072069644928, 0.1926080733537674, 0.1860063225030899, 0.2343847006559372]]
[[0.17722609639167786, 0.1923622339963913, 0.2012157142162323, 0.192491352558136, 0.23670461773872375]]
[[0.20723122358322144, 0.20014004409313202, 0.20413222908973694, 0.20872542262077332, 0.1797710806131363]]
[[0.22437505424022675, 0.202976793050766, 0.20578870177268982, 0.21347808837890625, 0.15338139235973358]]
[[0.1988946944475174, 0.19982875883579254, 0.1993306428194046, 0.1999347060918808, 0.20201125741004944]]
[[0.192812979221344, 0.1973671168088913, 0.20242585241794586, 0.1916446089744568, 0.21574942767620087]]
[[0.1945435255765915, 0.1991819143295288, 0.19746831059455872, 0.19560755789279938, 0.2131986916065216]]
[[0.21976441144943237, 0.20529484748840332, 0.20532183349132538, 0.21053296327590942, 0.15908588469028473]]
[[0.19938765466213226, 0.20007629692554474, 0.1991569697856903, 0.19972264766693115, 0.20165644586086273]]
[[0.1974334567785263, 0.19897079467773438, 0.19947393238544464, 0.19893161952495575, 0.20519010722637177]]
[[0.20245175063610077, 0.2005413919687271, 0.19972649216651917, 0.20292958617210388, 0.19435079395771027]]
[[0.20069679617881775, 0.2004466950893402, 0.19874700903892517, 0.20031210780143738, 0.19979740679264069]]
[[0.19781069457530975, 0.1992649883031845, 0.19826775789260864, 0.20042824745178223, 0.20422832667827606]]
hyposthese:
6 pieces , up to 8x4mm ; all muscularis , good specimens
reference:
6 pieces ; target muscularis with small amounts of attached loose connective tissue
