[[0.18899932503700256, 0.21945330500602722, 0.17552265524864197, 0.20908768475055695, 0.20693695545196533]]
[[0.20283333957195282, 0.20359928905963898, 0.1788845658302307, 0.19714339077472687, 0.21753937005996704]]
[[0.20259088277816772, 0.1927637755870819, 0.22160427272319794, 0.19550856947898865, 0.18753254413604736]]
[[0.20166991651058197, 0.19223210215568542, 0.22748175263404846, 0.19517746567726135, 0.18343879282474518]]
[[0.2010888010263443, 0.19759418070316315, 0.20022113621234894, 0.19831034541130066, 0.20278561115264893]]
[[0.1991288810968399, 0.20080488920211792, 0.19731082022190094, 0.20019178092479706, 0.20256361365318298]]
[[0.19875726103782654, 0.2032155841588974, 0.1886468231678009, 0.20081953704357147, 0.20856083929538727]]
[[0.20198725163936615, 0.19550295174121857, 0.21794013679027557, 0.1986960768699646, 0.18587352335453033]]
[[0.20025698840618134, 0.19935765862464905, 0.20098908245563507, 0.2003554254770279, 0.19904085993766785]]
[[0.20073750615119934, 0.20095773041248322, 0.1959233433008194, 0.19957628846168518, 0.20280517637729645]]
[[0.199724480509758, 0.2003551870584488, 0.19900435209274292, 0.20000581443309784, 0.20091015100479126]]
hyposthese:
2 pieces , <unk> & <unk> ; minimal interstitial fibrosis
reference:
2 pieces 8x6 & 7x7 mm ; contraction bands ; no fibrosis or fat
