[[0.1873255968093872, 0.21710681915283203, 0.2132711410522461, 0.1962624192237854, 0.18603408336639404]]
[[0.19032487273216248, 0.2076960653066635, 0.21223704516887665, 0.20094087719917297, 0.18880116939544678]]
[[0.20744453370571136, 0.18912525475025177, 0.1920269876718521, 0.20077307522296906, 0.21063017845153809]]
[[0.20889435708522797, 0.18947188556194305, 0.18907040357589722, 0.1969369649887085, 0.21562638878822327]]
[[0.19935700297355652, 0.20084749162197113, 0.20134210586547852, 0.199155792593956, 0.19929757714271545]]
[[0.19976596534252167, 0.20160026848316193, 0.20229265093803406, 0.19915243983268738, 0.19718864560127258]]
[[0.2006601095199585, 0.1995207667350769, 0.19857895374298096, 0.2008209079504013, 0.20041929185390472]]
hyposthese:
2 pieces , minimal <unk> tissue
reference:
2 pieces
