[[0.19739626348018646, 0.1799432933330536, 0.19700771570205688, 0.2178574502468109, 0.20779524743556976]]
[[0.19072146713733673, 0.18798260390758514, 0.192184180021286, 0.23027104139328003, 0.1988406777381897]]
[[0.206718310713768, 0.217434361577034, 0.20808124542236328, 0.17376099526882172, 0.19400504231452942]]
[[0.2111738622188568, 0.22494672238826752, 0.2137308269739151, 0.152258038520813, 0.1978905349969864]]
[[0.19453467428684235, 0.19408774375915527, 0.19511467218399048, 0.21427419781684875, 0.20198871195316315]]
[[0.19209644198417664, 0.19474662840366364, 0.19328050315380096, 0.21776555478572845, 0.20211082696914673]]
hyposthese:
4 pieces , no abnormalities
reference:
2 pieces , purkinje cells , no evidence of hypoxic damage
