[[0.17539826035499573, 0.19637900590896606, 0.19336211681365967, 0.19293507933616638, 0.241925448179245]]
[[0.15822046995162964, 0.17421011626720428, 0.18297550082206726, 0.19844725728034973, 0.2861466705799103]]
[[0.21899445354938507, 0.20842503011226654, 0.20663470029830933, 0.20357021689414978, 0.16237561404705048]]
[[0.24586185812950134, 0.21419714391231537, 0.21164554357528687, 0.20696024596691132, 0.12133525311946869]]
[[0.1979624181985855, 0.19839420914649963, 0.20001885294914246, 0.20134197175502777, 0.20228253304958344]]
[[0.19968023896217346, 0.19988662004470825, 0.2005455195903778, 0.20114398002624512, 0.19874367117881775]]
[[0.19827376306056976, 0.19956175982952118, 0.19988426566123962, 0.2001047283411026, 0.20217551290988922]]
hyposthese:
2 pieces ; moderate central congestion
reference:
<unk> <unk> . about 10 % macrovesicular steatosis .
