[[0.16909798979759216, 0.1778677999973297, 0.2126740664243698, 0.24667498469352722, 0.1936851590871811]]
[[0.15760189294815063, 0.16082079708576202, 0.20162329077720642, 0.30600154399871826, 0.17395247519016266]]
[[0.2396412044763565, 0.23253732919692993, 0.1868908703327179, 0.1268530786037445, 0.21407750248908997]]
[[0.24989594519138336, 0.24287199974060059, 0.1897469162940979, 0.09707114845514297, 0.22041404247283936]]
[[0.1891026645898819, 0.19207575917243958, 0.2043212652206421, 0.2161482274532318, 0.19835206866264343]]
[[0.18487800657749176, 0.18835243582725525, 0.2038281410932541, 0.2281542867422104, 0.1947871297597885]]
hyposthese:
2 pieces , no abnormalities
reference:
2 pieces ~10x8mm
