[[0.19282574951648712, 0.23881427943706512, 0.24587956070899963, 0.19149628281593323, 0.1309841424226761]]
[[0.1974198818206787, 0.20951424539089203, 0.2499699592590332, 0.20915436744689941, 0.13394156098365784]]
[[0.20333625376224518, 0.18661783635616302, 0.16215671598911285, 0.20463204383850098, 0.24325712025165558]]
[[0.1954304575920105, 0.14874543249607086, 0.11996275931596756, 0.18295682966709137, 0.3529045283794403]]
[[0.19894669950008392, 0.20503760874271393, 0.21017895638942719, 0.20010501146316528, 0.18573173880577087]]
[[0.200616717338562, 0.20386257767677307, 0.2056109458208084, 0.20158065855503082, 0.18832911550998688]]
[[0.19986671209335327, 0.20388175547122955, 0.2069324105978012, 0.20191140472888947, 0.18740776181221008]]
[[0.20262280106544495, 0.1967439353466034, 0.18342527747154236, 0.2048538774251938, 0.21235407888889313]]
[[0.19987209141254425, 0.20275142788887024, 0.20446084439754486, 0.1994108110666275, 0.19350478053092957]]
[[0.20028482377529144, 0.19962018728256226, 0.20138835906982422, 0.20021648705005646, 0.19849015772342682]]
hyposthese:
6 pieces ; mucosa largely autolyzed ; muscle intact
reference:
6 pieces ; mucosa totally <unk> ; muscle intact
