[[0.20821285247802734, 0.17647406458854675, 0.1555691361427307, 0.21566195785999298, 0.24408204853534698]]
[[0.21820054948329926, 0.17970065772533417, 0.14679668843746185, 0.22433994710445404, 0.2309620976448059]]
[[0.19180865585803986, 0.21712742745876312, 0.2401476502418518, 0.1822853833436966, 0.16863088309764862]]
[[0.17087802290916443, 0.22797256708145142, 0.30285149812698364, 0.1605013757944107, 0.1377965211868286]]
[[0.20149578154087067, 0.1937749981880188, 0.1876450479030609, 0.20401698350906372, 0.21306726336479187]]
[[0.19873614609241486, 0.20099471509456635, 0.202442467212677, 0.1987387239933014, 0.19908791780471802]]
hyposthese:
2 pieces ; spermatogenesis present
reference:
2 pieces ; peritubular and interstitial fibrosis
