[[0.19348816573619843, 0.1889651119709015, 0.21779289841651917, 0.180987149477005, 0.21876667439937592]]
[[0.12766127288341522, 0.18550507724285126, 0.27657774090766907, 0.17269019782543182, 0.23756571114063263]]
[[0.22448229789733887, 0.2112288624048233, 0.1656429022550583, 0.2177259773015976, 0.18091993033885956]]
[[0.2812519967556, 0.22493337094783783, 0.1112184002995491, 0.24538041651248932, 0.13721580803394318]]
[[0.19371338188648224, 0.1975705474615097, 0.20831289887428284, 0.19606594741344452, 0.2043371945619583]]
[[0.20102132856845856, 0.20110522210597992, 0.1976456344127655, 0.20124249160289764, 0.198985293507576]]
[[0.18283459544181824, 0.19547301530838013, 0.21872906386852264, 0.19261537492275238, 0.2103479653596878]]
[[0.19623634219169617, 0.19820082187652588, 0.20460820198059082, 0.1978590488433838, 0.20309558510780334]]
hyposthese:
6 pieces , atherosis up to ~1mm
reference:
6 pieces , atherosis of up to ~0.5mm
