[[0.21176598966121674, 0.1838812530040741, 0.1831190437078476, 0.1854393482208252, 0.235794335603714]]
[[0.2284190058708191, 0.1651153862476349, 0.1657084822654724, 0.16813667118549347, 0.27262046933174133]]
[[0.17418892681598663, 0.22741004824638367, 0.22933118045330048, 0.2269265502691269, 0.1421433538198471]]
[[0.15413616597652435, 0.25133830308914185, 0.2500874400138855, 0.24591423571109772, 0.09852387011051178]]
[[0.21142123639583588, 0.18616843223571777, 0.18754416704177856, 0.18627899885177612, 0.22858718037605286]]
[[0.2149549126625061, 0.18210169672966003, 0.18341340124607086, 0.1830383539199829, 0.2364916354417801]]
hyposthese:
2 pieces , no abnormalities
reference:
2 pieces , 2 small <unk> aggregates
