[[0.19162680208683014, 0.24532942473888397, 0.24260464310646057, 0.16219405829906464, 0.15824507176876068]]
[[0.20477372407913208, 0.24446547031402588, 0.2498706877231598, 0.15158066153526306, 0.1493094563484192]]
[[0.2093595266342163, 0.15231108665466309, 0.15727786719799042, 0.24166882038116455, 0.23938272893428802]]
[[0.19533288478851318, 0.1057685911655426, 0.10550877451896667, 0.29516729712486267, 0.2982224225997925]]
[[0.2015634924173355, 0.2080802321434021, 0.20740273594856262, 0.19126243889331818, 0.19169104099273682]]
[[0.20275305211544037, 0.2132655382156372, 0.21269723773002625, 0.18503239750862122, 0.18625174462795258]]
[[0.19977061450481415, 0.20836909115314484, 0.20699508488178253, 0.19230908155441284, 0.19255614280700684]]
[[0.1985100507736206, 0.20853374898433685, 0.2060401737689972, 0.1932639330625534, 0.19365210831165314]]
[[0.20061060786247253, 0.1971275955438614, 0.19917459785938263, 0.20135362446308136, 0.2017335742712021]]
[[0.1994439661502838, 0.20329612493515015, 0.20262275636196136, 0.19720396399497986, 0.1974332332611084]]
[[0.19912530481815338, 0.20192886888980865, 0.20146411657333374, 0.19863080978393555, 0.1988508552312851]]
[[0.20067109167575836, 0.20317067205905914, 0.20285071432590485, 0.19665467739105225, 0.1966528445482254]]
hyposthese:
6 pieces , squamous mucosa is <unk> , <unk> % thickness
reference:
6 pieces ; congested vessels
