[[0.14618338644504547, 0.10783645510673523, 0.27212801575660706, 0.258311003446579, 0.21554112434387207]]
[[0.15991313755512238, 0.12616826593875885, 0.28315502405166626, 0.22219185531139374, 0.2085716873407364]]
[[0.21926546096801758, 0.22679930925369263, 0.16943946480751038, 0.18460224568843842, 0.19989357888698578]]
[[0.2651903033256531, 0.3381454348564148, 0.09559927880764008, 0.13616463541984558, 0.16490036249160767]]
[[0.19671954214572906, 0.1940140426158905, 0.2026347815990448, 0.20410245656967163, 0.2025291621685028]]
[[0.18678401410579681, 0.17706707119941711, 0.22502386569976807, 0.20885713398456573, 0.20226794481277466]]
[[0.18890970945358276, 0.17564505338668823, 0.22008083760738373, 0.2121264636516571, 0.20323795080184937]]
[[0.2284160554409027, 0.2577020525932312, 0.13934992253780365, 0.1761065572500229, 0.19842539727687836]]
[[0.20061728358268738, 0.20036497712135315, 0.1972978264093399, 0.20079538226127625, 0.20092454552650452]]
[[0.19677412509918213, 0.19279207289218903, 0.20579813420772552, 0.20266500115394592, 0.2019706666469574]]
[[0.1923893839120865, 0.1877487301826477, 0.21102727949619293, 0.20634762942790985, 0.20248696208000183]]
[[0.2026456743478775, 0.20195220410823822, 0.19200986623764038, 0.20019762217998505, 0.20319460332393646]]
[[0.19877982139587402, 0.1969519704580307, 0.2022520750761032, 0.20149491727352142, 0.20052126049995422]]
[[0.19926807284355164, 0.1965160071849823, 0.2018698900938034, 0.20154577493667603, 0.20080018043518066]]
[[0.19937153160572052, 0.19730348885059357, 0.20212775468826294, 0.20110857486724854, 0.20008869469165802]]
[[0.20004726946353912, 0.19908033311367035, 0.19865372776985168, 0.20064066350460052, 0.2015780508518219]]
[[0.199120432138443, 0.19716261327266693, 0.2018347829580307, 0.20123355090618134, 0.20064863562583923]]
[[0.198711559176445, 0.19671055674552917, 0.20370997488498688, 0.2011437714099884, 0.19972415268421173]]
[[0.2001144140958786, 0.19875489175319672, 0.1989506334066391, 0.20085154473781586, 0.20132853090763092]]
[[0.19918973743915558, 0.19721443951129913, 0.20183426141738892, 0.2011793851852417, 0.20058219134807587]]
[[0.20024234056472778, 0.1983897089958191, 0.20069697499275208, 0.20037424564361572, 0.20029675960540771]]
[[0.19904766976833344, 0.19607406854629517, 0.20293039083480835, 0.20119601488113403, 0.2007518708705902]]
[[0.19895973801612854, 0.1955135613679886, 0.20252664387226105, 0.2019251585006714, 0.20107491314411163]]
hyposthese:
6 pieces , up to <unk> ; mucosa moderately autolyzed , but well preserved , well preserved , <unk> % of thickness
reference:
6 pieces , ~7x4mm <unk> <unk> but fairly well preserved , up to 10 % thickness
