[[0.2093794196844101, 0.2058895081281662, 0.190165713429451, 0.1883571594953537, 0.20620819926261902]]
[[0.22180719673633575, 0.20565050840377808, 0.18450702726840973, 0.1910141110420227, 0.19702106714248657]]
[[0.19092722237110138, 0.19811587035655975, 0.2081613838672638, 0.20664487779140472, 0.19615061581134796]]
[[0.18410155177116394, 0.18950155377388, 0.21954800188541412, 0.2100447118282318, 0.1968042403459549]]
[[0.20382003486156464, 0.2020879089832306, 0.19721439480781555, 0.19748638570308685, 0.19939133524894714]]
[[0.20561490952968597, 0.2045501172542572, 0.1950727254152298, 0.19460798799991608, 0.20015431940555573]]
[[0.20388144254684448, 0.20237427949905396, 0.1963438093662262, 0.1971905678510666, 0.20020991563796997]]
hyposthese:
2 pieces , glandular hyperplastic pattern
reference:
2 pieces , glandular component moderate-marked autolysis ( 2-3 )
