[[0.2033412605524063, 0.15490972995758057, 0.24475529789924622, 0.17820243537425995, 0.21879129111766815]]
[[0.18846336007118225, 0.16013145446777344, 0.2558043301105499, 0.17618487775325775, 0.21941593289375305]]
[[0.2036401331424713, 0.22638627886772156, 0.16664141416549683, 0.2138000726699829, 0.18953202664852142]]
[[0.21012523770332336, 0.24678421020507812, 0.13594698905944824, 0.22324346005916595, 0.1839001625776291]]
[[0.19978481531143188, 0.19856370985507965, 0.20327499508857727, 0.20046553015708923, 0.19791088998317719]]
[[0.19844606518745422, 0.19743825495243073, 0.2015993446111679, 0.20041178166866302, 0.20210450887680054]]
[[0.19421491026878357, 0.17130537331104279, 0.2411230206489563, 0.18641825020313263, 0.20693841576576233]]
[[0.20643086731433868, 0.23777468502521515, 0.15649491548538208, 0.21789699792861938, 0.1814025342464447]]
hyposthese:
2 pieces , <unk> & <unk> ;
reference:
2 pieces , 12x8 & 11x6mm ; mild interstitial <unk>
