[[0.1737399399280548, 0.21421007812023163, 0.2131883203983307, 0.1958697885274887, 0.20299187302589417]]
[[0.18722203373908997, 0.21335364878177643, 0.20838750898838043, 0.19155579805374146, 0.1994810253381729]]
[[0.22416749596595764, 0.1839132010936737, 0.18607258796691895, 0.21212811768054962, 0.19371852278709412]]
[[0.2336321771144867, 0.1795252412557602, 0.17881906032562256, 0.21852438151836395, 0.18949919939041138]]
[[0.1918502151966095, 0.21086008846759796, 0.2015295773744583, 0.19464142620563507, 0.20111863315105438]]
[[0.19047556817531586, 0.21271486580371857, 0.20460988581180573, 0.1900927573442459, 0.2021070122718811]]
hyposthese:
4 pieces , no abnormalities
reference:
4 pieces
