[[0.1771184653043747, 0.17316478490829468, 0.16114670038223267, 0.31084883213043213, 0.17772121727466583]]
[[0.1468326896429062, 0.14646439254283905, 0.15069225430488586, 0.3794793486595154, 0.17653131484985352]]
[[0.22073882818222046, 0.22161217033863068, 0.22920550405979156, 0.1144321858882904, 0.21401123702526093]]
[[0.2337677925825119, 0.23613539338111877, 0.2507781386375427, 0.059720564633607864, 0.21959809958934784]]
[[0.1992046982049942, 0.19937355816364288, 0.20426945388317108, 0.19373297691345215, 0.20341932773590088]]
[[0.20228534936904907, 0.2023511528968811, 0.2031235694885254, 0.18810909986495972, 0.2041308879852295]]
[[0.2005424052476883, 0.2001887559890747, 0.19657044112682343, 0.20165035128593445, 0.20104800164699554]]
hyposthese:
2 pieces ; moderate central congestion
reference:
2 pieces ; congestion , mild steatosis
