[[0.20022106170654297, 0.2519416809082031, 0.1401568353176117, 0.24868662655353546, 0.15899387001991272]]
[[0.21263234317302704, 0.23156119883060455, 0.15357615053653717, 0.22233858704566956, 0.1798917055130005]]
[[0.19758491218090057, 0.17291924357414246, 0.23459215462207794, 0.17615491151809692, 0.2187487632036209]]
[[0.1744760423898697, 0.14907917380332947, 0.29004356265068054, 0.15582148730754852, 0.23057973384857178]]
[[0.201405867934227, 0.2069295197725296, 0.1908828616142273, 0.20386387407779694, 0.19691786170005798]]
[[0.20433969795703888, 0.21041832864284515, 0.18259185552597046, 0.20930780470371246, 0.19334223866462708]]
[[0.20067231357097626, 0.20350484549999237, 0.19567221403121948, 0.2026844173669815, 0.19746622443199158]]
[[0.19708745181560516, 0.18207265436649323, 0.22264604270458221, 0.18570904433727264, 0.21248485147953033]]
[[0.19996269047260284, 0.2017066329717636, 0.1981109231710434, 0.20054708421230316, 0.1996726542711258]]
[[0.20079082250595093, 0.2044450342655182, 0.19330459833145142, 0.20462507009506226, 0.19683444499969482]]
[[0.20074941217899323, 0.20128151774406433, 0.19731198251247406, 0.20173178613185883, 0.19892534613609314]]
hyposthese:
2 pieces , no adherent fat , good clean specimens
reference:
2 pieces , well trimmed
