[[0.19715172052383423, 0.21249684691429138, 0.19371680915355682, 0.20372958481311798, 0.19290503859519958]]
[[0.19521375000476837, 0.21536260843276978, 0.19560366868972778, 0.20093907415866852, 0.1928808093070984]]
[[0.20287112891674042, 0.19069692492485046, 0.20258158445358276, 0.19945579767227173, 0.20439456403255463]]
[[0.20607022941112518, 0.18050236999988556, 0.20400482416152954, 0.1991165578365326, 0.2103060781955719]]
[[0.19905345141887665, 0.20281432569026947, 0.1994931399822235, 0.20024487376213074, 0.19839420914649963]]
[[0.19995902478694916, 0.20104274153709412, 0.19983863830566406, 0.19962702691555023, 0.19953255355358124]]
[[0.1999634951353073, 0.2008231282234192, 0.1998862475156784, 0.19975759088993073, 0.19956953823566437]]
hyposthese:
2 pieces , spermatogenesis is present
reference:
2 pieces , active spermatogenesis
