[[0.1952293962240219, 0.19966645538806915, 0.18747453391551971, 0.18901966512203217, 0.22860990464687347]]
[[0.2018275111913681, 0.20550943911075592, 0.1904572993516922, 0.1900605410337448, 0.2121451497077942]]
[[0.2024690955877304, 0.19927020370960236, 0.20683172345161438, 0.20556436479091644, 0.18586458265781403]]
[[0.19350315630435944, 0.19590429961681366, 0.2241249978542328, 0.22014999389648438, 0.16631753742694855]]
[[0.2064751237630844, 0.19830913841724396, 0.19383808970451355, 0.1982523500919342, 0.20312528312206268]]
[[0.20613983273506165, 0.19858089089393616, 0.1912650167942047, 0.1960204541683197, 0.20799385011196136]]
[[0.20121124386787415, 0.20048993825912476, 0.1993628293275833, 0.19987328350543976, 0.19906263053417206]]
hyposthese:
2 pieces , minimal fascia/vascular elements
reference:
2 pieces
