[[0.2394537776708603, 0.13961540162563324, 0.16360193490982056, 0.21619650721549988, 0.24113240838050842]]
[[0.21331748366355896, 0.16313830018043518, 0.1827656328678131, 0.21589092910289764, 0.2248876690864563]]
[[0.18442866206169128, 0.235538512468338, 0.21465587615966797, 0.18884725868701935, 0.17652961611747742]]
[[0.15756221115589142, 0.28779280185699463, 0.2367614209651947, 0.17182420194149017, 0.1460593044757843]]
[[0.20207728445529938, 0.193328857421875, 0.19673943519592285, 0.2019762545824051, 0.2058781236410141]]
[[0.20440688729286194, 0.19330349564552307, 0.1951178014278412, 0.20104622840881348, 0.20612560212612152]]
[[0.2105536162853241, 0.1826808899641037, 0.1863158494234085, 0.20367629826068878, 0.2167733609676361]]
[[0.1820736527442932, 0.23431093990802765, 0.22007058560848236, 0.18705911934375763, 0.17648568749427795]]
[[0.19883468747138977, 0.2037239670753479, 0.20318737626075745, 0.19812370836734772, 0.19613024592399597]]
[[0.20528222620487213, 0.1933222860097885, 0.19482000172138214, 0.20050504803657532, 0.20607039332389832]]
[[0.2043415904045105, 0.19398435950279236, 0.19627420604228973, 0.20213386416435242, 0.2032659947872162]]
hyposthese:
2 pieces , <unk> & <unk> ; good clean specimens
reference:
2 pieces ; well trimmed ; no plaques ; thick fibrous adventitia ( up to 0.3mm )
