[[0.1672469675540924, 0.1885697990655899, 0.19675195217132568, 0.2164841592311859, 0.23094713687896729]]
[[0.15185075998306274, 0.16465528309345245, 0.1662340611219406, 0.21807445585727692, 0.29918551445007324]]
[[0.23215137422084808, 0.21725796163082123, 0.21071849763393402, 0.188574880361557, 0.1512972116470337]]
[[0.2699367105960846, 0.23789070546627045, 0.22805556654930115, 0.16534218192100525, 0.09877482056617737]]
[[0.19678735733032227, 0.19806241989135742, 0.19580554962158203, 0.1997065246105194, 0.2096380889415741]]
[[0.1943453550338745, 0.19706150889396667, 0.19743205606937408, 0.19900107383728027, 0.21216005086898804]]
[[0.1761259138584137, 0.18941590189933777, 0.19066689908504486, 0.20649422705173492, 0.23729711771011353]]
[[0.2281021773815155, 0.22385285794734955, 0.21697509288787842, 0.18369922041893005, 0.14737069606781006]]
[[0.20210576057434082, 0.20211604237556458, 0.20129960775375366, 0.19812600314617157, 0.19635248184204102]]
[[0.19097620248794556, 0.19531896710395813, 0.19794492423534393, 0.2020817995071411, 0.21367812156677246]]
[[0.1906365007162094, 0.1950284242630005, 0.19855734705924988, 0.2048175036907196, 0.21096020936965942]]
hyposthese:
2 pieces , <unk> & <unk> ; good clean specimens
reference:
2 pieces ; one includes up to ~10 % internal fat
