[[0.18518485128879547, 0.18371498584747314, 0.19585438072681427, 0.21753330528736115, 0.21771252155303955]]
[[0.1742076575756073, 0.1794884353876114, 0.18047760426998138, 0.2326020896434784, 0.23322419822216034]]
[[0.2166701853275299, 0.2132590115070343, 0.2080433964729309, 0.18273255228996277, 0.17929480969905853]]
[[0.22920751571655273, 0.2219763547182083, 0.21640978753566742, 0.16957296431064606, 0.16283340752124786]]
[[0.19870525598526, 0.19877460598945618, 0.19878773391246796, 0.20093032717704773, 0.20280201733112335]]
[[0.19654957950115204, 0.19467446208000183, 0.19849717617034912, 0.20444445312023163, 0.2058343142271042]]
[[0.18798409402370453, 0.185282364487648, 0.19420279562473297, 0.21474017202854156, 0.2177906185388565]]
[[0.21875950694084167, 0.2166929841041565, 0.21087142825126648, 0.17756234109401703, 0.1761137694120407]]
[[0.20003515481948853, 0.20014263689517975, 0.19987767934799194, 0.1991676390171051, 0.2007768601179123]]
[[0.1948774755001068, 0.19561007618904114, 0.19788557291030884, 0.2045089304447174, 0.2071179747581482]]
[[0.19792301952838898, 0.19789718091487885, 0.19909673929214478, 0.2022239863872528, 0.20285901427268982]]
[[0.19863343238830566, 0.1986272931098938, 0.1997995376586914, 0.20118458569049835, 0.2017551064491272]]
hyposthese:
2 pieces , <unk> & 11x8mm ; no significant ischemic changes
reference:
2 pieces , interstitial and patchy fibrosis
