[[0.17852352559566498, 0.20357327163219452, 0.201394185423851, 0.21305149793624878, 0.20345748960971832]]
[[0.17582227289676666, 0.23135313391685486, 0.24224407970905304, 0.17238475382328033, 0.17819570004940033]]
[[0.21236565709114075, 0.19271421432495117, 0.18472641706466675, 0.20476432144641876, 0.20542936027050018]]
[[0.2292645126581192, 0.17568109929561615, 0.16916242241859436, 0.2098386585712433, 0.2160532921552658]]
[[0.19796083867549896, 0.20369715988636017, 0.20370200276374817, 0.19777850806713104, 0.19686152040958405]]
[[0.19668351113796234, 0.20281457901000977, 0.2048010379076004, 0.1985354870557785, 0.1971653699874878]]
[[0.20179927349090576, 0.1970696896314621, 0.1950261890888214, 0.20305562019348145, 0.2030492126941681]]
[[0.1986086517572403, 0.2020992934703827, 0.2020634412765503, 0.19872702658176422, 0.19850167632102966]]
[[0.19997093081474304, 0.19948160648345947, 0.19946081936359406, 0.20074830949306488, 0.20033833384513855]]
[[0.19643248617649078, 0.20351845026016235, 0.20382051169872284, 0.19866588711738586, 0.19756269454956055]]
[[0.19876404106616974, 0.20142553746700287, 0.20157906413078308, 0.19976574182510376, 0.19846563041210175]]
hyposthese:
6 pieces ; well trimmed ; 10 % dermal fat
reference:
6 pieces ; well trimmed ; 5 % intradermal fat
