[[0.2272641360759735, 0.22975271940231323, 0.17346028983592987, 0.19714362919330597, 0.17237934470176697]]
[[0.23961932957172394, 0.22728398442268372, 0.16223248839378357, 0.194464311003685, 0.1763998568058014]]
[[0.17509478330612183, 0.17894233763217926, 0.22414636611938477, 0.19965760409832, 0.22215887904167175]]
[[0.14468473196029663, 0.15903082489967346, 0.24932155013084412, 0.2043132483959198, 0.242649644613266]]
[[0.20693163573741913, 0.20410661399364471, 0.19406358897686005, 0.20061877369880676, 0.19427934288978577]]
[[0.21327200531959534, 0.2114401012659073, 0.1872510015964508, 0.19864493608474731, 0.18939198553562164]]
hyposthese:
2 pieces , no abnormalities
reference:
2 pieces ; 50 % fibrous content
