[[0.1958601027727127, 0.19735245406627655, 0.2020118683576584, 0.20174923539161682, 0.2030264139175415]]
[[0.19486168026924133, 0.2009480893611908, 0.19785045087337494, 0.20485177636146545, 0.20148803293704987]]
[[0.20383641123771667, 0.2000170648097992, 0.20123647153377533, 0.197434663772583, 0.1974753886461258]]
[[0.20772789418697357, 0.19938097894191742, 0.20013567805290222, 0.19805891811847687, 0.1946965754032135]]
[[0.19890698790550232, 0.20007924735546112, 0.1999337077140808, 0.2002386599779129, 0.20084138214588165]]
[[0.19963808357715607, 0.2000587284564972, 0.19999200105667114, 0.19961266219615936, 0.20069856941699982]]
[[0.19962449371814728, 0.19990111887454987, 0.19987545907497406, 0.20012453198432922, 0.20047441124916077]]
hyposthese:
2 pieces , spermatogenesis is present
reference:
2 pieces ; spermatogenesis is present , appears slightly reduced
