[[0.19559580087661743, 0.1951669454574585, 0.20474523305892944, 0.20788425207138062, 0.19660772383213043]]
[[0.19302824139595032, 0.1923869252204895, 0.20608282089233398, 0.20672594010829926, 0.20177608728408813]]
[[0.20320096611976624, 0.20387741923332214, 0.1968950778245926, 0.19601179659366608, 0.20001478493213654]]
[[0.20829550921916962, 0.20903344452381134, 0.19087490439414978, 0.18887028098106384, 0.20292584598064423]]
[[0.19912776350975037, 0.19889965653419495, 0.20147456228733063, 0.20066455006599426, 0.1998334676027298]]
[[0.19766007363796234, 0.19788886606693268, 0.202845498919487, 0.202300563454628, 0.19930501282215118]]
hyposthese:
2 pieces , no abnormalities
reference:
2 pieces , no abnormalities
