[[0.19364432990550995, 0.18865445256233215, 0.1881028562784195, 0.20670120418071747, 0.22289714217185974]]
[[0.18237805366516113, 0.1857614368200302, 0.17667581140995026, 0.21315929293632507, 0.24202542006969452]]
[[0.21207492053508759, 0.21453842520713806, 0.21708452701568604, 0.19022473692893982, 0.1660773754119873]]
[[0.22060900926589966, 0.21956853568553925, 0.22792702913284302, 0.19169260561466217, 0.1402028203010559]]
[[0.19723783433437347, 0.19597826898097992, 0.19614958763122559, 0.20103977620601654, 0.20959457755088806]]
[[0.19703607261180878, 0.19673047959804535, 0.1966075599193573, 0.20082136988639832, 0.20880451798439026]]
[[0.1895330250263214, 0.18775232136249542, 0.18629617989063263, 0.20255647599697113, 0.23386207222938538]]
[[0.2147284895181656, 0.21395708620548248, 0.21819700300693512, 0.1902783364057541, 0.1628391146659851]]
[[0.2013815939426422, 0.20088329911231995, 0.2013649046421051, 0.20033571124076843, 0.1960345357656479]]
[[0.19712983071804047, 0.19598615169525146, 0.19548837840557098, 0.20214515924453735, 0.20925045013427734]]
[[0.19910529255867004, 0.19877468049526215, 0.19860778748989105, 0.20012202858924866, 0.20339016616344452]]
hyposthese:
2 pieces , <unk> & <unk> ; minimal interstitial fat
reference:
2 pieces ; no fat
