[[0.1876840889453888, 0.2013085037469864, 0.2077043205499649, 0.1869761049747467, 0.2163269966840744]]
[[0.18860933184623718, 0.185420960187912, 0.20377379655838013, 0.18711650371551514, 0.23507937788963318]]
[[0.20972295105457306, 0.20389032363891602, 0.19190846383571625, 0.21173566579818726, 0.18274259567260742]]
[[0.2181900441646576, 0.21095839142799377, 0.19540224969387054, 0.2139923870563507, 0.16145692765712738]]
[[0.19924941658973694, 0.19934143126010895, 0.20033259689807892, 0.19977959990501404, 0.20129700005054474]]
[[0.19854801893234253, 0.1992039978504181, 0.2009439617395401, 0.2011081576347351, 0.20019587874412537]]
[[0.20440733432769775, 0.2012784630060196, 0.19880953431129456, 0.20326054096221924, 0.19224414229393005]]
hyposthese:
6 pieces ; well trimmed muscle
reference:
6 pieces ; well dissected muscle
