[[0.21994979679584503, 0.2109997570514679, 0.1885109543800354, 0.19773049652576447, 0.1828090101480484]]
[[0.22787246108055115, 0.23544353246688843, 0.18264321982860565, 0.1694556623697281, 0.18458512425422668]]
[[0.19101576507091522, 0.1907750815153122, 0.20583687722682953, 0.20723146200180054, 0.20514076948165894]]
[[0.1680685132741928, 0.17628028988838196, 0.2150515913963318, 0.22063690423965454, 0.2199627161026001]]
[[0.20041997730731964, 0.20060847699642181, 0.1994996815919876, 0.19984140992164612, 0.199630469083786]]
[[0.2035955935716629, 0.2063361555337906, 0.1989053189754486, 0.19343559443950653, 0.1977272927761078]]
[[0.20552051067352295, 0.2047904133796692, 0.19685964286327362, 0.19655808806419373, 0.1962713897228241]]
[[0.17801637947559357, 0.18403348326683044, 0.211528018116951, 0.21274180710315704, 0.21368031203746796]]
[[0.19911307096481323, 0.2004498839378357, 0.19971315562725067, 0.19882558286190033, 0.20189838111400604]]
[[0.20146484673023224, 0.20063193142414093, 0.19911640882492065, 0.20021066069602966, 0.1985761970281601]]
[[0.2000785917043686, 0.199737086892128, 0.2003197968006134, 0.20004574954509735, 0.19981874525547028]]
[[0.2009708732366562, 0.20066861808300018, 0.19978392124176025, 0.19929809868335724, 0.19927848875522614]]
[[0.20109941065311432, 0.20011304318904877, 0.19960619509220123, 0.1996980756521225, 0.19948329031467438]]
[[0.2015153467655182, 0.20045895874500275, 0.19938483834266663, 0.19957749545574188, 0.19906340539455414]]
hyposthese:
6 pieces , up to <unk> ; squamous epithelium is ~1 % thickness
reference:
6 pieces <unk> mm , squamous epithelium is ~2-3 % of thickness
