[[0.16034558415412903, 0.20564323663711548, 0.24384133517742157, 0.1920846849679947, 0.19808517396450043]]
[[0.16485559940338135, 0.20057179033756256, 0.22662028670310974, 0.20169013738632202, 0.20626215636730194]]
[[0.2202560156583786, 0.19629569351673126, 0.1763560026884079, 0.20520146191120148, 0.20189087092876434]]
[[0.2739400863647461, 0.1961812824010849, 0.14923064410686493, 0.19209051132202148, 0.188557431101799]]
[[0.19655928015708923, 0.19881989061832428, 0.2036411166191101, 0.20109951496124268, 0.1998802125453949]]
[[0.19516117870807648, 0.1986994594335556, 0.20500268042087555, 0.20106542110443115, 0.200071319937706]]
[[0.19557203352451324, 0.19957245886325836, 0.2041846215724945, 0.20065489411354065, 0.20001600682735443]]
hyposthese:
6 pieces , confirmed target muscularis
reference:
6 pieces , well trimmed
