[[0.18888737261295319, 0.17362071573734283, 0.22745481133460999, 0.2230992466211319, 0.18693779408931732]]
[[0.17039808630943298, 0.154880553483963, 0.30907800793647766, 0.20141232013702393, 0.1642310470342636]]
[[0.2131049484014511, 0.22665582597255707, 0.14782536029815674, 0.19430774450302124, 0.21810616552829742]]
[[0.2306392639875412, 0.2558465301990509, 0.09463998675346375, 0.18269366025924683, 0.23618058860301971]]
[[0.1943635195493698, 0.19121050834655762, 0.21786688268184662, 0.2036190927028656, 0.19293996691703796]]
[[0.2010243833065033, 0.20101790130138397, 0.19504040479660034, 0.20175452530384064, 0.20116284489631653]]
[[0.1976446956396103, 0.1963636428117752, 0.2072116881608963, 0.2019502967596054, 0.196829691529274]]
hyposthese:
2 pieces ; spermatogenesis is present
reference:
2 pieces ; spermatogenesis noted ; increased peritubular fibrosis and focal <unk>
