[[0.1608506143093109, 0.20131303369998932, 0.15537333488464355, 0.3094504177570343, 0.1730126291513443]]
[[0.15475782752037048, 0.18641558289527893, 0.1504257321357727, 0.339799702167511, 0.1686011403799057]]
[[0.2226647287607193, 0.21240557730197906, 0.22665126621723175, 0.12649942934513092, 0.21177907288074493]]
[[0.25561583042144775, 0.18920518457889557, 0.263933926820755, 0.06517260521650314, 0.22607243061065674]]
[[0.19977006316184998, 0.19869960844516754, 0.2002250999212265, 0.19993707537651062, 0.20136815309524536]]
[[0.19963708519935608, 0.19514350593090057, 0.19855068624019623, 0.20835377275943756, 0.19831500947475433]]
[[0.2065313309431076, 0.20687119662761688, 0.20744381844997406, 0.17302235960960388, 0.2061312347650528]]
[[0.20396924018859863, 0.2044813185930252, 0.2035658061504364, 0.1842036247253418, 0.20377998054027557]]
[[0.19900819659233093, 0.19817900657653809, 0.19912007451057434, 0.20378921926021576, 0.19990356266498566]]
[[0.19753007590770721, 0.19694869220256805, 0.19679147005081177, 0.20948003232479095, 0.199249729514122]]
[[0.19680927693843842, 0.19695687294006348, 0.19588138163089752, 0.21092408895492554, 0.19942833483219147]]
[[0.20199283957481384, 0.20248189568519592, 0.20176053047180176, 0.19187110662460327, 0.2018936574459076]]
[[0.196396604180336, 0.19626042246818542, 0.19570937752723694, 0.21405309438705444, 0.19758056104183197]]
[[0.20204421877861023, 0.20253124833106995, 0.201498880982399, 0.1917877197265625, 0.20213797688484192]]
hyposthese:
2 pieces ; well dissected glands with prominent submucosal glands in one piece
reference:
2 pieces ; mild chronic inflammation , one piece is ~70 % stroma and lip
