[[0.21294572949409485, 0.20287886261940002, 0.18628104031085968, 0.19772671163082123, 0.2001676857471466]]
[[0.251493364572525, 0.18799680471420288, 0.20045046508312225, 0.1788226068019867, 0.18123677372932434]]
[[0.18595974147319794, 0.20220716297626495, 0.20169737935066223, 0.20627078413963318, 0.20386499166488647]]
[[0.16288362443447113, 0.2014651745557785, 0.20247438549995422, 0.22030508518218994, 0.2128717303276062]]
[[0.20297087728977203, 0.19973310828208923, 0.2013125866651535, 0.19756169617176056, 0.19842170178890228]]
[[0.20314766466617584, 0.19983886182308197, 0.19946902990341187, 0.1986624300479889, 0.19888202846050262]]
[[0.19489994645118713, 0.20080268383026123, 0.200768381357193, 0.20190277695655823, 0.20162619650363922]]
[[0.2017768919467926, 0.1993023306131363, 0.20124925673007965, 0.19876514375209808, 0.19890636205673218]]
[[0.19950242340564728, 0.2003718912601471, 0.19966095685958862, 0.2002362310886383, 0.2002285122871399]]
[[0.20456808805465698, 0.19950123131275177, 0.20045287907123566, 0.19728748500347137, 0.1981903463602066]]
[[0.2017655223608017, 0.19947075843811035, 0.2008281797170639, 0.19876179099082947, 0.1991737186908722]]
hyposthese:
6 pieces ; well trimmed ; 10 % dermal fat
reference:
6 pieces ; well trimmed ; 5 % dermal fat
