[[0.18728062510490417, 0.1667778193950653, 0.24102230370044708, 0.20283271372318268, 0.20208647847175598]]
[[0.16858556866645813, 0.17674769461154938, 0.2621733844280243, 0.20180176198482513, 0.19069160521030426]]
[[0.2196750044822693, 0.2156544327735901, 0.16106067597866058, 0.19873873889446259, 0.20487114787101746]]
[[0.2452692836523056, 0.22871924936771393, 0.11617601662874222, 0.20039241015911102, 0.2094430923461914]]
[[0.19583506882190704, 0.1952633410692215, 0.2096068263053894, 0.2020660787820816, 0.19722865521907806]]
[[0.19625058770179749, 0.1958591639995575, 0.21046680212020874, 0.20103301107883453, 0.19639049470424652]]
[[0.18776941299438477, 0.18879982829093933, 0.22449904680252075, 0.19989067316055298, 0.19904103875160217]]
[[0.21803216636180878, 0.21697375178337097, 0.16177798807621002, 0.1983332335948944, 0.20488278567790985]]
[[0.20165154337882996, 0.20224714279174805, 0.19448041915893555, 0.20038269460201263, 0.20123815536499023]]
[[0.19753845036029816, 0.19574666023254395, 0.20765648782253265, 0.20089316368103027, 0.19816520810127258]]
[[0.1982446163892746, 0.19503436982631683, 0.20590800046920776, 0.20203222334384918, 0.19878078997135162]]
hyposthese:
2 pieces , <unk> & <unk> ; good clean specimens
reference:
2 pieces , atherosclerosis , focal medial calcification
