[[0.1923084557056427, 0.20281340181827545, 0.1971946507692337, 0.2003258615732193, 0.20735763013362885]]
[[0.1926468014717102, 0.20055486261844635, 0.19999027252197266, 0.20112334191799164, 0.20568469166755676]]
[[0.2026212513446808, 0.2007489800453186, 0.2017204463481903, 0.20076507329940796, 0.19414427876472473]]
[[0.21227912604808807, 0.19996823370456696, 0.20051585137844086, 0.20025432109832764, 0.18698245286941528]]
[[0.1983071118593216, 0.20000287890434265, 0.2006821483373642, 0.19929544627666473, 0.20171239972114563]]
[[0.19859924912452698, 0.20047518610954285, 0.20037274062633514, 0.19950826466083527, 0.20104458928108215]]
[[0.19863125681877136, 0.20030811429023743, 0.20035740733146667, 0.19960060715675354, 0.201102614402771]]
hyposthese:
2 pieces , spermatogenesis is present
reference:
2 pieces , spermatogenesis is present
