[[0.1640620231628418, 0.17646856606006622, 0.18119454383850098, 0.2373892217874527, 0.2408856600522995]]
[[0.15334047377109528, 0.15836133062839508, 0.1685980260372162, 0.2747547924518585, 0.24494539201259613]]
[[0.2323017120361328, 0.22746051847934723, 0.21898190677165985, 0.1554948091506958, 0.1657610684633255]]
[[0.26601138710975647, 0.2595023810863495, 0.237405925989151, 0.10864269733428955, 0.12843762338161469]]
[[0.18810394406318665, 0.18860918283462524, 0.19266052544116974, 0.2173987179994583, 0.21322757005691528]]
[[0.20076371729373932, 0.19990867376327515, 0.20088882744312286, 0.19835221767425537, 0.2000865340232849]]
[[0.19603849947452545, 0.19584921002388, 0.1977817863225937, 0.2054665982723236, 0.20486390590667725]]
hyposthese:
2 pieces ; spermatogenesis is present
reference:
2 pieces ~10x9mm .
