[[0.20860014855861664, 0.17772360146045685, 0.19726142287254333, 0.206228569149971, 0.21018624305725098]]
[[0.2026955932378769, 0.1981441229581833, 0.19919970631599426, 0.20472419261932373, 0.1952364444732666]]
[[0.19667351245880127, 0.20969030261039734, 0.20246374607086182, 0.1950664222240448, 0.19610601663589478]]
[[0.1896175891160965, 0.22293049097061157, 0.20520272850990295, 0.1933142989873886, 0.18893489241600037]]
[[0.19989646971225739, 0.19937895238399506, 0.19874753057956696, 0.2003985345363617, 0.20157843828201294]]
[[0.201454758644104, 0.1957956999540329, 0.19720317423343658, 0.20160064101219177, 0.20394569635391235]]
[[0.19986939430236816, 0.19939422607421875, 0.19939887523651123, 0.20004552602767944, 0.2012919783592224]]
hyposthese:
2 pieces , minimal fascia/vascular elements
reference:
2 pieces
