[[0.20060892403125763, 0.21761547029018402, 0.19712737202644348, 0.19593526422977448, 0.18871305882930756]]
[[0.18998242914676666, 0.23416389524936676, 0.2068026065826416, 0.17640940845012665, 0.19264167547225952]]
[[0.1996741145849228, 0.18807734549045563, 0.2033798098564148, 0.20415355265140533, 0.20471523702144623]]
[[0.2024286538362503, 0.16182072460651398, 0.20506128668785095, 0.2175626903772354, 0.21312665939331055]]
[[0.20052559673786163, 0.2026728093624115, 0.19830407202243805, 0.19920141994953156, 0.19929614663124084]]
[[0.1981910914182663, 0.21338482201099396, 0.20147092640399933, 0.19438894093036652, 0.19256414473056793]]
[[0.20148241519927979, 0.20893903076648712, 0.19550113379955292, 0.1985141932964325, 0.1955631524324417]]
[[0.1991630345582962, 0.16889066994190216, 0.20829680562019348, 0.21468599140644073, 0.208963543176651]]
[[0.20019012689590454, 0.20135939121246338, 0.198974147439003, 0.20000970363616943, 0.19946666061878204]]
[[0.20026694238185883, 0.20399987697601318, 0.19825305044651031, 0.1975342035293579, 0.19994594156742096]]
[[0.2003657966852188, 0.19588500261306763, 0.1988660842180252, 0.20203427970409393, 0.20284880697727203]]
[[0.20073722302913666, 0.1995209902524948, 0.1989029049873352, 0.20059946179389954, 0.20023946464061737]]
[[0.20036153495311737, 0.20338879525661469, 0.19733589887619019, 0.19729679822921753, 0.201617032289505]]
hyposthese:
6 pieces , up to 8x4mm ; all muscularis , good specimens
reference:
6 pieces ; smooth muscle layers with adherent serosal fat on 5 of 6 pieces , up to <unk> mm thick
