[[0.22435104846954346, 0.184792160987854, 0.19289523363113403, 0.19581373035907745, 0.20214782655239105]]
[[0.2537385821342468, 0.17918792366981506, 0.18649794161319733, 0.18581026792526245, 0.19476523995399475]]
[[0.1570201963186264, 0.21692606806755066, 0.2101207673549652, 0.21175990998744965, 0.20417305827140808]]
[[0.13023951649665833, 0.22632764279842377, 0.21505345404148102, 0.2173849195241928, 0.21099455654621124]]
[[0.20835457742214203, 0.1976594477891922, 0.19732238352298737, 0.19809946417808533, 0.19856412708759308]]
[[0.20240485668182373, 0.1995769441127777, 0.19956979155540466, 0.19932200014591217, 0.19912642240524292]]
[[0.20904454588890076, 0.1966303288936615, 0.19780811667442322, 0.19803814589977264, 0.19847895205020905]]
[[0.20542117953300476, 0.19795286655426025, 0.19858957827091217, 0.19880084693431854, 0.19923554360866547]]
[[0.19041389226913452, 0.20264217257499695, 0.2020631581544876, 0.20253494381904602, 0.2023458629846573]]
[[0.20208345353603363, 0.19943737983703613, 0.19935674965381622, 0.19925372302532196, 0.19986870884895325]]
[[0.20574036240577698, 0.1986871063709259, 0.1984957605600357, 0.1986008584499359, 0.1984759271144867]]
hyposthese:
2 pieces , ~10 % interstitial fat , rep delineated
reference:
2 pieces 20 % <unk> fat , delineated ( rep )
