[[0.18248583376407623, 0.1545388400554657, 0.25409871339797974, 0.2520546615123749, 0.15682193636894226]]
[[0.1656598150730133, 0.13501103222370148, 0.28687989711761475, 0.2719893753528595, 0.14045988023281097]]
[[0.2172297239303589, 0.2259661853313446, 0.16414619982242584, 0.1676928699016571, 0.22496505081653595]]
[[0.23849773406982422, 0.30880919098854065, 0.0682106539607048, 0.075816810131073, 0.3086656332015991]]
[[0.1937602162361145, 0.1927792876958847, 0.2111717164516449, 0.20922383666038513, 0.19306492805480957]]
[[0.19666928052902222, 0.19294144213199615, 0.2096051573753357, 0.20748528838157654, 0.19329886138439178]]
[[0.19141630828380585, 0.18655931949615479, 0.2195582389831543, 0.2156745195388794, 0.18679164350032806]]
[[0.19600321352481842, 0.19242443144321442, 0.2122676968574524, 0.20728138089179993, 0.19202323257923126]]
[[0.21304374933242798, 0.22430090606212616, 0.1664665937423706, 0.17285752296447754, 0.22333118319511414]]
[[0.19886016845703125, 0.1977996528148651, 0.20292724668979645, 0.20233497023582458, 0.19807793200016022]]
[[0.19899882376194, 0.19913654029369354, 0.2018958032131195, 0.20109333097934723, 0.19887550175189972]]
[[0.19988153874874115, 0.19319885969161987, 0.20703905820846558, 0.20539316534996033, 0.1944873183965683]]
hyposthese:
6 pieces , mucosa up to ~1mm , <unk> % thickness
reference:
1 piece , 7x5mm ; mucoa well - preserved , up to 1mm thick
