[[0.18281391263008118, 0.20506706833839417, 0.21525995433330536, 0.19570234417915344, 0.20115675032138824]]
[[0.17219679057598114, 0.19990281760692596, 0.20192557573318481, 0.2048308402299881, 0.2211439609527588]]
[[0.22466854751110077, 0.20303043723106384, 0.19815850257873535, 0.19625650346279144, 0.17788590490818024]]
[[0.22659707069396973, 0.2051461637020111, 0.1943792849779129, 0.1962376981973648, 0.17763976752758026]]
[[0.19446012377738953, 0.194478377699852, 0.19878479838371277, 0.20472122728824615, 0.20755554735660553]]
[[0.19139446318149567, 0.19577732682228088, 0.20218481123447418, 0.20331189036369324, 0.2073315680027008]]
hyposthese:
2 pieces , no abnormalities
reference:
2 pieces
