[[0.1105361133813858, 0.09152063727378845, 0.271363765001297, 0.2548989951610565, 0.27168041467666626]]
[[0.12468768656253815, 0.11243145912885666, 0.29739415645599365, 0.22998839616775513, 0.2354983687400818]]
[[0.2355794459581375, 0.2426530420780182, 0.15782804787158966, 0.18702444434165955, 0.1769150197505951]]
[[0.3384300172328949, 0.3831087648868561, 0.07147803157567978, 0.10647868365049362, 0.10050448775291443]]
[[0.19098776578903198, 0.187890887260437, 0.20574413239955902, 0.20747216045856476, 0.2079050987958908]]
[[0.19026398658752441, 0.18507727980613708, 0.20796960592269897, 0.2075774371623993, 0.2091117799282074]]
[[0.18347807228565216, 0.1790391206741333, 0.21838513016700745, 0.2088158279657364, 0.21028189361095428]]
[[0.1921107918024063, 0.18744640052318573, 0.20822137594223022, 0.2043381631374359, 0.2078833132982254]]
[[0.22190603613853455, 0.2248987853527069, 0.17270831763744354, 0.19448186457157135, 0.18600499629974365]]
[[0.19742321968078613, 0.19574475288391113, 0.2022017538547516, 0.20256638526916504, 0.2020639181137085]]
[[0.1992248296737671, 0.19925068318843842, 0.20031382143497467, 0.20050178468227386, 0.20070885121822357]]
[[0.19382546842098236, 0.19010493159294128, 0.2085389792919159, 0.20417985320091248, 0.20335076749324799]]
hyposthese:
6 pieces , mucosa up to ~1mm , <unk> % thickness
reference:
6 pieces ; well dissected
