[[0.17277488112449646, 0.2289610654115677, 0.1955590546131134, 0.22669607400894165, 0.17600886523723602]]
[[0.15294262766838074, 0.2519298493862152, 0.18517091870307922, 0.2727572023868561, 0.13719941675662994]]
[[0.22695255279541016, 0.17392253875732422, 0.20692764222621918, 0.16513177752494812, 0.22706550359725952]]
[[0.2597159743309021, 0.13549159467220306, 0.21258750557899475, 0.12371482700109482, 0.2684900462627411]]
[[0.194170281291008, 0.20500227808952332, 0.19840657711029053, 0.20919284224510193, 0.193228080868721]]
[[0.19243086874485016, 0.207921102643013, 0.19769155979156494, 0.20861434936523438, 0.19334208965301514]]
[[0.208446204662323, 0.19134588539600372, 0.2058657705783844, 0.1852722018957138, 0.2090698480606079]]
[[0.195894256234169, 0.20405258238315582, 0.19867339730262756, 0.20578087866306305, 0.19559895992279053]]
[[0.20205320417881012, 0.19755961000919342, 0.20234502851963043, 0.19572122395038605, 0.20232100784778595]]
[[0.19367724657058716, 0.20639926195144653, 0.19956260919570923, 0.20745444297790527, 0.1929064393043518]]
[[0.19662798941135406, 0.20277057588100433, 0.1997256875038147, 0.20384900271892548, 0.19702677428722382]]
hyposthese:
6 pieces ; well trimmed ; 10 % dermal fat
reference:
6 pieces , no dermal fat , squamous epithelium is ~50 microns
