[[0.19009281694889069, 0.19699731469154358, 0.1877720057964325, 0.21089568734169006, 0.2142421305179596]]
[[0.18480439484119415, 0.1903679221868515, 0.18365639448165894, 0.2050456702709198, 0.23612551391124725]]
[[0.21498847007751465, 0.20742972195148468, 0.21693384647369385, 0.19410619139671326, 0.1665417104959488]]
[[0.2190859317779541, 0.20864883065223694, 0.22047856450080872, 0.18743714690208435, 0.16434946656227112]]
[[0.1958179920911789, 0.19879060983657837, 0.19512073695659637, 0.1991521120071411, 0.21111859381198883]]
[[0.19366048276424408, 0.1968337744474411, 0.19313842058181763, 0.2036469429731369, 0.21272042393684387]]
hyposthese:
2 pieces , no abnormalities
reference:
2 pieces
