[[0.22746707499027252, 0.21665726602077484, 0.07804986834526062, 0.24506635963916779, 0.2327595055103302]]
[[0.21944227814674377, 0.19640330970287323, 0.108708955347538, 0.2370353639125824, 0.2384101301431656]]
[[0.18503719568252563, 0.1929655522108078, 0.2624340057373047, 0.1772110015153885, 0.1823522299528122]]
[[0.13368120789527893, 0.14952678978443146, 0.47287464141845703, 0.11923666298389435, 0.12468066066503525]]
[[0.20588046312332153, 0.2061602622270584, 0.18441572785377502, 0.20316171646118164, 0.20038188993930817]]
[[0.20697692036628723, 0.20776408910751343, 0.17711637914180756, 0.20698527991771698, 0.2011573612689972]]
[[0.20536798238754272, 0.205758199095726, 0.18378238379955292, 0.20443235337734222, 0.20065908133983612]]
[[0.2003011554479599, 0.2021300345659256, 0.19527429342269897, 0.2009749412536621, 0.201319620013237]]
[[0.19953134655952454, 0.20206256210803986, 0.20198127627372742, 0.19815301895141602, 0.1982717663049698]]
[[0.20033127069473267, 0.202626571059227, 0.1961980164051056, 0.20071303844451904, 0.2001311033964157]]
[[0.19856268167495728, 0.20054705440998077, 0.1979714035987854, 0.20125709474086761, 0.20166175067424774]]
[[0.1999555230140686, 0.20153284072875977, 0.1927190124988556, 0.20334486663341522, 0.202447772026062]]
hyposthese:
6 pieces , mucosa is <unk> thick , <unk> % thickness
reference:
7 pieces , predominantly muscularis ( target ) with few strips of mucosa ( not target )
