[[0.19227123260498047, 0.20473404228687286, 0.21000519394874573, 0.19445759057998657, 0.19853195548057556]]
[[0.19247250258922577, 0.20292730629444122, 0.21322785317897797, 0.1942306011915207, 0.19714173674583435]]
[[0.20668743550777435, 0.1960739642381668, 0.18945081532001495, 0.20553523302078247, 0.2022525519132614]]
[[0.21436867117881775, 0.19117459654808044, 0.1801934540271759, 0.21100309491157532, 0.20326024293899536]]
[[0.19767074286937714, 0.2017126977443695, 0.20389167964458466, 0.19752994179725647, 0.19919492304325104]]
[[0.1988334208726883, 0.20097357034683228, 0.2015412151813507, 0.198820561170578, 0.1998312920331955]]
[[0.1989550143480301, 0.20069852471351624, 0.2013707011938095, 0.19890493154525757, 0.20007087290287018]]
hyposthese:
2 pieces , spermatogenesis is present
reference:
2 pieces ; spermatogenesis is reduced
