[[0.18912388384342194, 0.20991630852222443, 0.17296713590621948, 0.16701479256153107, 0.26097792387008667]]
[[0.18963086605072021, 0.20428889989852905, 0.177284836769104, 0.161625936627388, 0.26716944575309753]]
[[0.20585478842258453, 0.19424374401569366, 0.21730446815490723, 0.2196149379014969, 0.1629820317029953]]
[[0.20607973635196686, 0.1842043250799179, 0.23840805888175964, 0.2507338523864746, 0.12057403475046158]]
[[0.2004649043083191, 0.2016223818063736, 0.19842277467250824, 0.19960440695285797, 0.1998855620622635]]
[[0.1986144334077835, 0.20119604468345642, 0.19584572315216064, 0.1966625452041626, 0.20768120884895325]]
[[0.19863414764404297, 0.20061606168746948, 0.1958799809217453, 0.1973811537027359, 0.20748871564865112]]
hyposthese:
6 pieces , confirmed target muscularis
reference:
4 pieces , target muscularis
