[[0.17304867506027222, 0.1698792576789856, 0.2370075285434723, 0.24899442493915558, 0.17107023298740387]]
[[0.16644065082073212, 0.1789253056049347, 0.23377783596515656, 0.26166316866874695, 0.1591930240392685]]
[[0.21833235025405884, 0.2272031605243683, 0.17388761043548584, 0.15369893610477448, 0.22687788307666779]]
[[0.2514972686767578, 0.23992668092250824, 0.141170933842659, 0.11971323192119598, 0.24769188463687897]]
[[0.19429868459701538, 0.19499117136001587, 0.20350971817970276, 0.2114943265914917, 0.19570617377758026]]
[[0.1907268613576889, 0.19368965923786163, 0.20697851479053497, 0.21556082367897034, 0.19304421544075012]]
[[0.17131789028644562, 0.1730881631374359, 0.22909721732139587, 0.2500791847705841, 0.1764175444841385]]
[[0.22349968552589417, 0.22580955922603607, 0.16591224074363708, 0.15232139825820923, 0.23245713114738464]]
hyposthese:
2 pieces , <unk> & <unk> ;
reference:
2 pieces , minimal interstitial fibrosis
