[[0.1591569036245346, 0.23498517274856567, 0.22417841851711273, 0.17642702162265778, 0.20525246858596802]]
[[0.15085826814174652, 0.25721365213394165, 0.22192038595676422, 0.17022697627544403, 0.19978076219558716]]
[[0.23338015377521515, 0.16768330335617065, 0.18222026526927948, 0.22022086381912231, 0.1964954286813736]]
[[0.2651863992214203, 0.13276872038841248, 0.16380010545253754, 0.2423696517944336, 0.1958751529455185]]
[[0.19329530000686646, 0.2037520557641983, 0.19904251396656036, 0.2005934715270996, 0.20331665873527527]]
[[0.1861194670200348, 0.21006621420383453, 0.20105914771556854, 0.19857525825500488, 0.20417983829975128]]
[[0.19795231521129608, 0.2013864666223526, 0.2003946453332901, 0.19970892369747162, 0.2005576193332672]]
[[0.20381563901901245, 0.1910785734653473, 0.1983356773853302, 0.20418334007263184, 0.20258678495883942]]
[[0.1981985718011856, 0.2013639360666275, 0.20014752447605133, 0.19976872205734253, 0.2005212903022766]]
hyposthese:
2 pieces , subtotally occlusive atherosis , delineated
reference:
2 pieces ; extensive atherosclerotic calcified plaques ; < 25 % muscle
