[[0.21550068259239197, 0.1780419647693634, 0.1563810408115387, 0.20497573912143707, 0.24510055780410767]]
[[0.21676093339920044, 0.17888417840003967, 0.15671540796756744, 0.1871819794178009, 0.26045745611190796]]
[[0.18199637532234192, 0.21532034873962402, 0.23491089046001434, 0.20834077894687653, 0.1594315618276596]]
[[0.16651631891727448, 0.23559284210205078, 0.2685075104236603, 0.21103473007678986, 0.1183486357331276]]
[[0.20537175238132477, 0.19573108851909637, 0.19176270067691803, 0.19566604495048523, 0.21146848797798157]]
[[0.20422276854515076, 0.1925036758184433, 0.18582619726657867, 0.19904033839702606, 0.2184070646762848]]
hyposthese:
2 pieces , no abnormalities
reference:
2 ~8x6mm pieces . prominent acute infarct with <unk>
