[[0.1914002150297165, 0.18464259803295135, 0.22210334241390228, 0.20517536997795105, 0.19667842984199524]]
[[0.1811164915561676, 0.1780175417661667, 0.2174944281578064, 0.21861667931079865, 0.20475484430789948]]
[[0.211979478597641, 0.2149292528629303, 0.18265996873378754, 0.1885976344347, 0.20183375477790833]]
[[0.22115422785282135, 0.22399316728115082, 0.16796502470970154, 0.1854049265384674, 0.20148266851902008]]
[[0.19622084498405457, 0.19731906056404114, 0.2043706625699997, 0.20441323518753052, 0.1976761668920517]]
[[0.19500090181827545, 0.1953226774930954, 0.2065736949443817, 0.2049226462841034, 0.19818006455898285]]
hyposthese:
2 pieces , no abnormalities
reference:
2 pieces ; fibromuscular tissue with mesothelial lining
