[[0.19679078459739685, 0.19686268270015717, 0.20261496305465698, 0.2078736126422882, 0.1958579272031784]]
[[0.19554243981838226, 0.19742663204669952, 0.20240122079849243, 0.2067602425813675, 0.1978694200515747]]
[[0.20443812012672424, 0.2025284469127655, 0.19701501727104187, 0.19345960021018982, 0.2025587558746338]]
[[0.21086402237415314, 0.20413199067115784, 0.1940370798110962, 0.18720734119415283, 0.20375964045524597]]
[[0.1977759599685669, 0.1995641589164734, 0.20126810669898987, 0.20131248235702515, 0.2000793218612671]]
[[0.19768641889095306, 0.1987607479095459, 0.20154108107089996, 0.20243000984191895, 0.19958174228668213]]
hyposthese:
2 pieces , mild congestion
reference:
2 pieces ; extensive bronchopneumonia
