[[0.25225913524627686, 0.21555674076080322, 0.18337327241897583, 0.15590012073516846, 0.19291068613529205]]
[[0.24020549654960632, 0.20589694380760193, 0.18279896676540375, 0.1721602976322174, 0.1989382654428482]]
[[0.1681007295846939, 0.19290943443775177, 0.21029405295848846, 0.22713421285152435, 0.20156151056289673]]
[[0.132479727268219, 0.18521158397197723, 0.22497642040252686, 0.2591257393360138, 0.19820648431777954]]
[[0.20537078380584717, 0.20201699435710907, 0.19784855842590332, 0.19587485492229462, 0.1988888680934906]]
[[0.20700384676456451, 0.2022830694913864, 0.19717314839363098, 0.1945834904909134, 0.1989564448595047]]
[[0.2234250009059906, 0.2023283839225769, 0.19271427392959595, 0.18592569231987, 0.19560658931732178]]
[[0.17457500100135803, 0.1924295276403427, 0.20765793323516846, 0.22767145931720734, 0.1976660043001175]]
[[0.19469639658927917, 0.19972926378250122, 0.20181399583816528, 0.20315591990947723, 0.2006043940782547]]
[[0.20363198220729828, 0.201653853058815, 0.19848395884037018, 0.19692544639110565, 0.1993047446012497]]
[[0.19976463913917542, 0.20244722068309784, 0.20001111924648285, 0.19688716530799866, 0.20088982582092285]]
hyposthese:
2 pieces , <unk> & <unk> ; good clean specimens
reference:
2 <unk> mm ; no sclerosis ; slight histologic tears ; ~15 % peripheral adipose
