[[0.20080892741680145, 0.2229120135307312, 0.18379297852516174, 0.16018208861351013, 0.23230397701263428]]
[[0.21321584284305573, 0.21373330056667328, 0.20225273072719574, 0.14670966565608978, 0.22408847510814667]]
[[0.197714701294899, 0.18804137408733368, 0.1988132894039154, 0.23344190418720245, 0.18198880553245544]]
[[0.18499203026294708, 0.1718621850013733, 0.21091467142105103, 0.27427273988723755, 0.15795832872390747]]
[[0.1981484442949295, 0.2017602026462555, 0.1994059532880783, 0.18986786901950836, 0.21081754565238953]]
[[0.20006120204925537, 0.19940415024757385, 0.20024393498897552, 0.20006464421749115, 0.20022602379322052]]
[[0.20038293302059174, 0.19938500225543976, 0.20148859918117523, 0.19807232916355133, 0.20067113637924194]]
[[0.1986161321401596, 0.20179013907909393, 0.19898968935012817, 0.1938142329454422, 0.20678986608982086]]
[[0.1997302919626236, 0.2006821632385254, 0.19944673776626587, 0.19912058115005493, 0.2010202705860138]]
[[0.19916541874408722, 0.20240366458892822, 0.19792023301124573, 0.19607675075531006, 0.20443396270275116]]
[[0.20047758519649506, 0.1999083161354065, 0.2005791813135147, 0.20000271499156952, 0.1990322768688202]]
[[0.20045946538448334, 0.1996520757675171, 0.20118951797485352, 0.20004907250404358, 0.19864986836910248]]
[[0.2003639042377472, 0.20055386424064636, 0.1982557326555252, 0.20049040019512177, 0.20033608376979828]]
[[0.19977454841136932, 0.20270228385925293, 0.19783303141593933, 0.19755934178829193, 0.2021307647228241]]
[[0.20052224397659302, 0.20102298259735107, 0.19827544689178467, 0.1996901035308838, 0.20048917829990387]]
[[0.20093384385108948, 0.198978453874588, 0.20193858444690704, 0.20150797069072723, 0.19664116203784943]]
hyposthese:
2 pieces , one piece is ~20 % fibrous tissue , no ductal elements noted
reference:
2 pieces , ~10 % fibrovascular tissue , delineated
