[[0.18307816982269287, 0.1697355955839157, 0.1978582888841629, 0.1982869952917099, 0.2510409653186798]]
[[0.18185700476169586, 0.16987095773220062, 0.18260422348976135, 0.2161714732646942, 0.24949631094932556]]
[[0.20763322710990906, 0.21896329522132874, 0.206023707985878, 0.19772644340991974, 0.16965335607528687]]
[[0.22481271624565125, 0.24215763807296753, 0.20653466880321503, 0.187901571393013, 0.13859347999095917]]
[[0.19869951903820038, 0.19846269488334656, 0.2016303688287735, 0.19832026958465576, 0.20288711786270142]]
[[0.1980125457048416, 0.197573721408844, 0.20060496032238007, 0.19762824475765228, 0.20618052780628204]]
[[0.1983446627855301, 0.19841600954532623, 0.20012196898460388, 0.19775858521461487, 0.20535871386528015]]
hyposthese:
6 pieces , confirmed target muscularis
reference:
6 pieces , well trimmed
