[[0.253019779920578, 0.1554698944091797, 0.18949183821678162, 0.20084480941295624, 0.20117369294166565]]
[[0.2601618766784668, 0.15988345444202423, 0.16977207362651825, 0.2127683311700821, 0.1974143236875534]]
[[0.15040335059165955, 0.24332217872142792, 0.21696436405181885, 0.19494129717350006, 0.19436883926391602]]
[[0.10917423665523529, 0.2673504948616028, 0.23953640460968018, 0.18123839795589447, 0.20270048081874847]]
[[0.21381495893001556, 0.1915547102689743, 0.1943618506193161, 0.20010679960250854, 0.2001616656780243]]
[[0.22061975300312042, 0.1865345984697342, 0.19185172021389008, 0.20143906772136688, 0.19955483078956604]]
hyposthese:
2 pieces , no abnormalities
reference:
2 pieces ; foci of hypereosinophilia ( ischemic ) and fibrosis [ annotated ]
