[[0.18958687782287598, 0.19575364887714386, 0.22170528769493103, 0.1912701278924942, 0.20168405771255493]]
[[0.1733303666114807, 0.18713414669036865, 0.24466963112354279, 0.17885440587997437, 0.21601136028766632]]
[[0.21491920948028564, 0.2070816308259964, 0.16926226019859314, 0.21465954184532166, 0.19407734274864197]]
[[0.22087404131889343, 0.21788300573825836, 0.15656118094921112, 0.22252893447875977, 0.1821528524160385]]
[[0.1966993808746338, 0.19581322371959686, 0.20724983513355255, 0.19711834192276, 0.2031192183494568]]
[[0.1940794736146927, 0.19510291516780853, 0.2105867713689804, 0.19434389472007751, 0.20588691532611847]]
[[0.19752515852451324, 0.19798116385936737, 0.2040216475725174, 0.1984436810016632, 0.20202842354774475]]
hyposthese:
2 pieces , minimal interstitial fibrosis
reference:
2 pieces , moderate chronic ischemic changes/interstitial fibrosis
