[[0.20369018614292145, 0.1840849369764328, 0.20761579275131226, 0.19212543964385986, 0.21248359978199005]]
[[0.2172076553106308, 0.1801028549671173, 0.22394172847270966, 0.18931923806667328, 0.18942852318286896]]
[[0.1918526142835617, 0.2132081836462021, 0.18994443118572235, 0.20722076296806335, 0.1977739781141281]]
[[0.17630277574062347, 0.2264658361673355, 0.16932407021522522, 0.22621670365333557, 0.20169056951999664]]
[[0.20341631770133972, 0.19508688151836395, 0.20526646077632904, 0.19446592032909393, 0.20176440477371216]]
[[0.20284482836723328, 0.1955893188714981, 0.20610328018665314, 0.19491352140903473, 0.20054903626441956]]
[[0.19990192353725433, 0.20216143131256104, 0.1974664032459259, 0.2004626840353012, 0.20000749826431274]]
[[0.20149177312850952, 0.19869357347488403, 0.20207735896110535, 0.1981504112482071, 0.19958683848381042]]
[[0.20114372670650482, 0.19974182546138763, 0.1998274028301239, 0.19865798950195312, 0.20062905550003052]]
[[0.20025916397571564, 0.19886983931064606, 0.20141704380512238, 0.19852179288864136, 0.20093216001987457]]
[[0.1995151937007904, 0.20132850110530853, 0.19627027213573456, 0.2014704793691635, 0.2014155387878418]]
[[0.20119091868400574, 0.19926761090755463, 0.2010546624660492, 0.19858458638191223, 0.19990220665931702]]
[[0.20200929045677185, 0.1967833787202835, 0.20381000638008118, 0.19690996408462524, 0.20048737525939941]]
hyposthese:
2 pieces ; eccentric plaque with <unk> <unk> lumen ; well trimmed
reference:
2 pieces ; eccentric sclerotic plaques ; 1 piece is <unk> cut , other is a <unk> section
