[[0.2253292202949524, 0.17806434631347656, 0.18349812924861908, 0.18359702825546265, 0.2295113354921341]]
[[0.22753527760505676, 0.16454990208148956, 0.16834965348243713, 0.16818231344223022, 0.2713828682899475]]
[[0.17841404676437378, 0.22888439893722534, 0.2256888449192047, 0.22357861697673798, 0.14343412220478058]]
[[0.1505470871925354, 0.2582011818885803, 0.24738186597824097, 0.2451416403055191, 0.09872818738222122]]
[[0.2078116238117218, 0.18738031387329102, 0.18980634212493896, 0.19185663759708405, 0.22314506769180298]]
[[0.21292072534561157, 0.18208487331867218, 0.18512946367263794, 0.18660905957221985, 0.23325584828853607]]
hyposthese:
2 pieces , no abnormalities
reference:
2 pieces ; focal <unk> cell nests
