[[0.15773385763168335, 0.2292422205209732, 0.1915617138147354, 0.23140916228294373, 0.1900530308485031]]
[[0.167536661028862, 0.2091512680053711, 0.2078176885843277, 0.21921482682228088, 0.1962796151638031]]
[[0.23002099990844727, 0.185652494430542, 0.20191816985607147, 0.1796668916940689, 0.20274142920970917]]
[[0.26223063468933105, 0.17010900378227234, 0.19603516161441803, 0.1608571708202362, 0.21076805889606476]]
[[0.19158507883548737, 0.20306290686130524, 0.19962123036384583, 0.20744194090366364, 0.19828885793685913]]
[[0.20144972205162048, 0.198812335729599, 0.19990408420562744, 0.19942224025726318, 0.2004116326570511]]
[[0.1986081451177597, 0.20064464211463928, 0.19993430376052856, 0.20065832138061523, 0.2001546174287796]]
[[0.19601361453533173, 0.20305736362934113, 0.19946229457855225, 0.2043764442205429, 0.19709035754203796]]
[[0.1982743740081787, 0.201412171125412, 0.19954794645309448, 0.20142576098442078, 0.19933968782424927]]
[[0.19691358506679535, 0.20217451453208923, 0.20031388103961945, 0.20328406989574432, 0.1973140388727188]]
[[0.1991278976202011, 0.19997824728488922, 0.20005258917808533, 0.20019224286079407, 0.20064903795719147]]
[[0.20008796453475952, 0.19885066151618958, 0.20044241845607758, 0.19917817413806915, 0.20144078135490417]]
[[0.19845212996006012, 0.19985872507095337, 0.19997942447662354, 0.20094238221645355, 0.20076729357242584]]
[[0.19708091020584106, 0.20225147902965546, 0.19943521916866302, 0.20198985934257507, 0.19924256205558777]]
[[0.19822174310684204, 0.20156267285346985, 0.20058345794677734, 0.20027415454387665, 0.19935792684555054]]
hyposthese:
2 pieces , one piece is ~20 % fibrous tissue , no ductal elements
reference:
2 pieces , rim of adherent fat/fibrous <unk> nerve up to ~0.8mm , rep delineated
