[[0.1699676215648651, 0.21701152622699738, 0.16939479112625122, 0.21031950414180756, 0.23330655694007874]]
[[0.16331206262111664, 0.2135339379310608, 0.16366522014141083, 0.1994210183620453, 0.26006773114204407]]
[[0.23498249053955078, 0.17881108820438385, 0.23375576734542847, 0.20179666578769684, 0.1506539285182953]]
[[0.2689816951751709, 0.1644357442855835, 0.26347774267196655, 0.192172110080719, 0.11093281209468842]]
[[0.1846977323293686, 0.2072318196296692, 0.18584786355495453, 0.1994089037179947, 0.2228137105703354]]
[[0.1822965145111084, 0.20652927458286285, 0.18317672610282898, 0.20429356396198273, 0.223703995347023]]
[[0.21307578682899475, 0.19700348377227783, 0.21284008026123047, 0.19892948865890503, 0.1781512349843979]]
[[0.1902533322572708, 0.20410306751728058, 0.19053439795970917, 0.20209257304668427, 0.21301661431789398]]
hyposthese:
2 pieces ; some fibrosis and nodularity
reference:
2 pieces adherent fat up to ~2.5mm , rep delineated
