[[0.1888379454612732, 0.187913179397583, 0.22319552302360535, 0.19451721012592316, 0.2055361270904541]]
[[0.206607386469841, 0.1919812262058258, 0.2074592411518097, 0.19420668482780457, 0.19974543154239655]]
[[0.20843178033828735, 0.20530611276626587, 0.1896195113658905, 0.20109841227531433, 0.19554421305656433]]
[[0.19826045632362366, 0.22102123498916626, 0.16700683534145355, 0.21350334584712982, 0.2002081573009491]]
[[0.19903898239135742, 0.1973077654838562, 0.20823253691196442, 0.1972622573375702, 0.198158398270607]]
[[0.19961190223693848, 0.19549702107906342, 0.21094819903373718, 0.19553351402282715, 0.1984093338251114]]
[[0.20070864260196686, 0.19941799342632294, 0.20139802992343903, 0.19890834391117096, 0.1995670050382614]]
hyposthese:
2 pieces , minimal fascia/vascular elements
reference:
2 pieces ; adipose tissue with 10 % fibrous content
