[[0.24020670354366302, 0.18449607491493225, 0.19332784414291382, 0.18789362907409668, 0.19407568871974945]]
[[0.2351454794406891, 0.18732097744941711, 0.1753930300474167, 0.19374457001686096, 0.20839588344097137]]
[[0.1769019067287445, 0.20807050168514252, 0.2106804996728897, 0.2049572914838791, 0.19938978552818298]]
[[0.1523204892873764, 0.21552971005439758, 0.2311241328716278, 0.20846429467201233, 0.19256135821342468]]
[[0.20047877728939056, 0.20025323331356049, 0.1975766122341156, 0.2013891041278839, 0.20030224323272705]]
[[0.20482340455055237, 0.19915154576301575, 0.19683322310447693, 0.19963878393173218, 0.19955305755138397]]
[[0.20443812012672424, 0.19935259222984314, 0.19769655168056488, 0.19908757507801056, 0.1994251161813736]]
hyposthese:
6 pieces , confirmed target muscularis
reference:
6 pieces , up to 8x4mm ; good specimen , minimal adipose
