[[0.17616575956344604, 0.17654642462730408, 0.20015110075473785, 0.2107650488615036, 0.23637163639068604]]
[[0.17109252512454987, 0.18358872830867767, 0.2005532830953598, 0.21602989733219147, 0.22873562574386597]]
[[0.21983790397644043, 0.21474972367286682, 0.19846151769161224, 0.18749648332595825, 0.17945432662963867]]
[[0.24245785176753998, 0.23523353040218353, 0.19929999113082886, 0.1747707575559616, 0.14823785424232483]]
[[0.19433018565177917, 0.19601351022720337, 0.19973017275333405, 0.20481006801128387, 0.2051161229610443]]
[[0.1919764131307602, 0.1929560750722885, 0.19988971948623657, 0.2047477513551712, 0.21043001115322113]]
[[0.1979629099369049, 0.19812846183776855, 0.19943036139011383, 0.20138928294181824, 0.20308896899223328]]
[[0.20963342487812042, 0.20910979807376862, 0.1998676359653473, 0.19409897923469543, 0.18729013204574585]]
[[0.19952821731567383, 0.19929444789886475, 0.20027919113636017, 0.20109744369983673, 0.19980071485042572]]
[[0.1957405060529709, 0.1968286782503128, 0.19897504150867462, 0.20179252326488495, 0.20666328072547913]]
[[0.19834497570991516, 0.1994975358247757, 0.19903570413589478, 0.19986869394779205, 0.20325306057929993]]
hyposthese:
2 pieces , no adherent fat , good clean specimens
reference:
2 pieces ; well trimmed ; no lesions
