[[0.24241280555725098, 0.1768777221441269, 0.2316642552614212, 0.17207956314086914, 0.1769656240940094]]
[[0.22843585908412933, 0.1480572372674942, 0.3034857511520386, 0.14626899361610413, 0.17375212907791138]]
[[0.15930122137069702, 0.23667500913143158, 0.14363877475261688, 0.2398838847875595, 0.22050105035305023]]
[[0.11771595478057861, 0.2778254449367523, 0.08670318871736526, 0.29112040996551514, 0.22663496434688568]]
[[0.20943038165569305, 0.19323475658893585, 0.20728951692581177, 0.19292661547660828, 0.19711878895759583]]
[[0.2107008993625641, 0.18571509420871735, 0.22256068885326385, 0.1833699345588684, 0.19765344262123108]]
[[0.20605213940143585, 0.19378408789634705, 0.20912350714206696, 0.19248826801776886, 0.19855190813541412]]
[[0.20457294583320618, 0.1945515125989914, 0.20972581207752228, 0.193704754114151, 0.19744496047496796]]
[[0.19851651787757874, 0.20345881581306458, 0.19132237136363983, 0.2028501331806183, 0.20385216176509857]]
[[0.20250344276428223, 0.19734591245651245, 0.20392344892024994, 0.19712388515472412, 0.19910326600074768]]
[[0.203009694814682, 0.1972973495721817, 0.2050163447856903, 0.19727003574371338, 0.1974065601825714]]
[[0.20003527402877808, 0.1971173882484436, 0.2072140872478485, 0.19660921394824982, 0.19902412593364716]]
hyposthese:
6 pieces , squamous mucosa is <unk> , ~20-25 % thickness
reference:
4 pieces ; partially sloughed
