[[0.1932039111852646, 0.22195786237716675, 0.21693488955497742, 0.1358720064163208, 0.23203131556510925]]
[[0.18409690260887146, 0.23830954730510712, 0.20098476111888885, 0.10915228724479675, 0.2674565315246582]]
[[0.21094003319740295, 0.1827927827835083, 0.20144134759902954, 0.23744730651378632, 0.1673784852027893]]
[[0.21115316450595856, 0.14497488737106323, 0.18459980189800262, 0.337412029504776, 0.12186013907194138]]
[[0.19834847748279572, 0.20198339223861694, 0.199870303273201, 0.19390541315078735, 0.2058923989534378]]
[[0.19599702954292297, 0.20451733469963074, 0.19868923723697662, 0.18907307088375092, 0.21172335743904114]]
[[0.19836865365505219, 0.20223824679851532, 0.20006680488586426, 0.19468829035758972, 0.20463809370994568]]
[[0.20900170505046844, 0.18777461349964142, 0.20025235414505005, 0.23597337305545807, 0.1669979691505432]]
[[0.1994352638721466, 0.20113670825958252, 0.1994648575782776, 0.197931706905365, 0.20203149318695068]]
[[0.19678626954555511, 0.2014913260936737, 0.1994871199131012, 0.19161123037338257, 0.21062412858009338]]
[[0.19967792928218842, 0.2006782442331314, 0.19912119209766388, 0.1987093687057495, 0.201813206076622]]
[[0.200276181101799, 0.20155929028987885, 0.19925770163536072, 0.1955769807100296, 0.2033298760652542]]
[[0.19961553812026978, 0.20087003707885742, 0.19928288459777832, 0.19901150465011597, 0.2012200951576233]]
hyposthese:
6 pieces , minimal dermal fat ; squamous epithelium is <unk> microns
reference:
6 pieces ; 2 to 4 hair follicles per piece ; well trimmed
