[[0.15990079939365387, 0.23796726763248444, 0.20538991689682007, 0.17707489430904388, 0.21966715157032013]]
[[0.17001008987426758, 0.23326541483402252, 0.20195281505584717, 0.18573564291000366, 0.2090359777212143]]
[[0.233159601688385, 0.164206862449646, 0.19624623656272888, 0.21694114804267883, 0.18944613635540009]]
[[0.25321540236473083, 0.1408451348543167, 0.1987609565258026, 0.23209306597709656, 0.17508545517921448]]
[[0.19375035166740417, 0.20896077156066895, 0.19828857481479645, 0.197649747133255, 0.20135053992271423]]
[[0.1987721025943756, 0.20275840163230896, 0.19913795590400696, 0.1991199404001236, 0.2002115398645401]]
[[0.19326038658618927, 0.2096031904220581, 0.19943867623806, 0.19631774723529816, 0.20138001441955566]]
[[0.19630089402198792, 0.20531103014945984, 0.19961073994636536, 0.19756846129894257, 0.20120885968208313]]
[[0.20594939589500427, 0.18863138556480408, 0.20186607539653778, 0.20513759553432465, 0.19841553270816803]]
[[0.19840866327285767, 0.2017746865749359, 0.2000236213207245, 0.19961799681186676, 0.2001749873161316]]
[[0.19665862619876862, 0.20680251717567444, 0.19844497740268707, 0.1964685022830963, 0.20162539184093475]]
hyposthese:
2 pieces , ~10 % interstitial fat , rep delineated
reference:
2 pieces , minimal fat
