[[0.13958068192005157, 0.1362055540084839, 0.3698493242263794, 0.1592531055212021, 0.19511133432388306]]
[[0.14495566487312317, 0.14176952838897705, 0.35628679394721985, 0.16468529403209686, 0.19230273365974426]]
[[0.23229742050170898, 0.23438414931297302, 0.11296204477548599, 0.22117634117603302, 0.19918005168437958]]
[[0.2575884461402893, 0.261806845664978, 0.05293824523687363, 0.2351113110780716, 0.19255512952804565]]
[[0.211457759141922, 0.21186435222625732, 0.1645362228155136, 0.20994743704795837, 0.2021942138671875]]
[[0.20336459577083588, 0.20323368906974792, 0.1855556070804596, 0.20374363660812378, 0.2041025012731552]]
[[0.1966015249490738, 0.1959066390991211, 0.20740409195423126, 0.1994117647409439, 0.20067591965198517]]
[[0.2048618495464325, 0.20487983524799347, 0.1806338131427765, 0.20474588871002197, 0.20487862825393677]]
[[0.2000928670167923, 0.20006205141544342, 0.1995251625776291, 0.20007389783859253, 0.2002459615468979]]
[[0.20032936334609985, 0.20031803846359253, 0.19849936664104462, 0.2003953903913498, 0.2004578411579132]]
[[0.196451798081398, 0.19623397290706635, 0.2115892916917801, 0.19751641154289246, 0.1982084959745407]]
[[0.19694513082504272, 0.1965990513563156, 0.2088041603565216, 0.1981194019317627, 0.19953224062919617]]
hyposthese:
2 pieces , diffuse macrovesicular steatosis involves ~80 % of parenchyma
reference:
2 pieces ; steatosis , bridging fibrosis , and chronic inflammation ( ? <unk> <unk> )
