[[0.19228601455688477, 0.19304195046424866, 0.2004784345626831, 0.21417848765850067, 0.2000151425600052]]
[[0.19095413386821747, 0.19301091134548187, 0.19681988656520844, 0.22117111086845398, 0.19804389774799347]]
[[0.20864659547805786, 0.20488682389259338, 0.20205308496952057, 0.18343372642993927, 0.20097976922988892]]
[[0.21578723192214966, 0.209790900349617, 0.20526376366615295, 0.16833989322185516, 0.20081816613674164]]
[[0.1968616247177124, 0.19848619401454926, 0.19873832166194916, 0.20587952435016632, 0.20003435015678406]]
[[0.19871123135089874, 0.19918233156204224, 0.19947893917560577, 0.20215098559856415, 0.20047645270824432]]
[[0.19878900051116943, 0.19922477006912231, 0.1994750052690506, 0.2021668553352356, 0.20034442842006683]]
hyposthese:
2 pieces , spermatogenesis is present
reference:
2 pieces , ~9x7mm . spermatogenesis present
