[[0.23054584860801697, 0.18801943957805634, 0.21366658806800842, 0.17672300338745117, 0.1910451352596283]]
[[0.2373480647802353, 0.19261875748634338, 0.2015911489725113, 0.16771218180656433, 0.20072981715202332]]
[[0.17047986388206482, 0.2059277445077896, 0.19626747071743011, 0.225790336728096, 0.20153455436229706]]
[[0.1342042237520218, 0.20923149585723877, 0.187498539686203, 0.26166898012161255, 0.2073967456817627]]
[[0.20380014181137085, 0.2010766565799713, 0.20278920233249664, 0.19129590690135956, 0.20103803277015686]]
[[0.19822829961776733, 0.20192229747772217, 0.20200051367282867, 0.19565723836421967, 0.20219166576862335]]
hyposthese:
6 pieces ; atrophic epithelium
reference:
6 pieces ; epithelium largely detached or sloughed
