[[0.1736077070236206, 0.20010946691036224, 0.1835712343454361, 0.2069506049156189, 0.23576101660728455]]
[[0.18386849761009216, 0.1748848259449005, 0.19383296370506287, 0.17675799131393433, 0.27065569162368774]]
[[0.2224796563386917, 0.20585408806800842, 0.21233946084976196, 0.20501959323883057, 0.15430720150470734]]
[[0.22913303971290588, 0.22174464166164398, 0.21390897035598755, 0.2092287689447403, 0.12598462402820587]]
[[0.19677792489528656, 0.19642026722431183, 0.20021796226501465, 0.19689273834228516, 0.2096910923719406]]
[[0.19246241450309753, 0.19428735971450806, 0.19885635375976562, 0.1968308538198471, 0.21756301820278168]]
[[0.19723379611968994, 0.19844113290309906, 0.1992935985326767, 0.1994057446718216, 0.2056257575750351]]
hyposthese:
2 pieces , minimal ischemic changes
reference:
2 pieces , moderate chronic ischemic changes/interstitial fibrosis
