[[0.14223738014698029, 0.15861541032791138, 0.23070600628852844, 0.2555840313434601, 0.2128571718931198]]
[[0.15126630663871765, 0.15749569237232208, 0.23995335400104523, 0.2564376890659332, 0.19484694302082062]]
[[0.24377259612083435, 0.23507189750671387, 0.16884908080101013, 0.15975415706634521, 0.19255223870277405]]
[[0.26758477091789246, 0.2531547546386719, 0.14620181918144226, 0.13457565009593964, 0.19848299026489258]]
[[0.19714954495429993, 0.1968894749879837, 0.2049270123243332, 0.20184829831123352, 0.19918568432331085]]
[[0.19576101005077362, 0.19742269814014435, 0.2059849351644516, 0.20068500936031342, 0.2001464068889618]]
[[0.17259842157363892, 0.17650096118450165, 0.22029706835746765, 0.23112653195858002, 0.19947700202465057]]
[[0.23664718866348267, 0.23364564776420593, 0.16824883222579956, 0.15818727016448975, 0.20327100157737732]]
hyposthese:
2 pieces , <unk> & <unk> ;
reference:
2 pieces 10x9 & 8x8 mm ; minimal adipose
