[[0.23541118204593658, 0.18733297288417816, 0.18325702846050262, 0.20254634320735931, 0.19145244359970093]]
[[0.2531226873397827, 0.18279686570167542, 0.1827424317598343, 0.1919611096382141, 0.18937693536281586]]
[[0.15077665448188782, 0.21522460877895355, 0.2177213877439499, 0.20554427802562714, 0.2107330858707428]]
[[0.12249813228845596, 0.22625456750392914, 0.2326298952102661, 0.2019101232290268, 0.2167072594165802]]
[[0.22186517715454102, 0.1923591047525406, 0.19260747730731964, 0.19888563454151154, 0.19428256154060364]]
[[0.22805951535701752, 0.19106385111808777, 0.18893462419509888, 0.19856032729148865, 0.19338171184062958]]
hyposthese:
2 pieces , no abnormalities
reference:
2 pieces ~10x7mm
