[[0.20810742676258087, 0.18997502326965332, 0.1778760850429535, 0.24535419046878815, 0.1786872297525406]]
[[0.21918505430221558, 0.18108579516410828, 0.18445882201194763, 0.23154181241989136, 0.18372854590415955]]
[[0.19406738877296448, 0.20535892248153687, 0.2137659788131714, 0.1739344447851181, 0.21287323534488678]]
[[0.17201367020606995, 0.22367006540298462, 0.2299172431230545, 0.14416711032390594, 0.23023192584514618]]
[[0.20112787187099457, 0.20032936334609985, 0.19625401496887207, 0.20470008254051208, 0.19758860766887665]]
[[0.20350220799446106, 0.19815458357334137, 0.19352316856384277, 0.21025380492210388, 0.19456619024276733]]
[[0.2011452317237854, 0.19864293932914734, 0.19802506268024445, 0.20341278612613678, 0.19877393543720245]]
[[0.19456607103347778, 0.20303426682949066, 0.21025608479976654, 0.18356925249099731, 0.2085743099451065]]
[[0.19985798001289368, 0.20022700726985931, 0.1996031552553177, 0.20026138424873352, 0.20005051791667938]]
[[0.20336487889289856, 0.19770768284797668, 0.19715526700019836, 0.2052382528781891, 0.19653385877609253]]
[[0.20096538960933685, 0.19908395409584045, 0.20008011162281036, 0.20104050636291504, 0.19883009791374207]]
hyposthese:
2 pieces , no adherent fat , good clean specimens
reference:
2 pieces , no atherosis , no adherent fat , excellent specimen
