[[0.22696474194526672, 0.18430258333683014, 0.19282636046409607, 0.19661109149456024, 0.199295312166214]]
[[0.23454998433589935, 0.1866515725851059, 0.2147691547870636, 0.17906172573566437, 0.18496756255626678]]
[[0.1844642013311386, 0.20591458678245544, 0.2052633911371231, 0.2027188092470169, 0.20163902640342712]]
[[0.15657873451709747, 0.2300548106431961, 0.19147826731204987, 0.21484200656414032, 0.20704615116119385]]
[[0.20281413197517395, 0.19756054878234863, 0.20089410245418549, 0.19871017336845398, 0.20002107322216034]]
[[0.2047010064125061, 0.19600340723991394, 0.2002125084400177, 0.19879868626594543, 0.20028436183929443]]
[[0.19828678667545319, 0.20074790716171265, 0.2001955509185791, 0.20071521401405334, 0.2000546008348465]]
[[0.1997925341129303, 0.1996530294418335, 0.20015014708042145, 0.20004433393478394, 0.20035995543003082]]
[[0.20077697932720184, 0.19964338839054108, 0.20108172297477722, 0.19880208373069763, 0.1996958702802658]]
hyposthese:
6 pieces , all muscularis , good specimens
reference:
6 pieces ; target muscularis
