[[0.09167678654193878, 0.2774048447608948, 0.27331921458244324, 0.08778204768896103, 0.26981714367866516]]
[[0.10618128627538681, 0.28724974393844604, 0.2654600143432617, 0.10318051278591156, 0.23792842030525208]]
[[0.27228236198425293, 0.14612728357315063, 0.150213360786438, 0.27218449115753174, 0.1591925024986267]]
[[0.35046911239624023, 0.08647553622722626, 0.09505955129861832, 0.3586002290248871, 0.10939556360244751]]
[[0.19687451422214508, 0.20450377464294434, 0.20194528996944427, 0.19461321830749512, 0.20206318795681]]
[[0.19380785524845123, 0.20476001501083374, 0.20304888486862183, 0.1938302218914032, 0.20455312728881836]]
[[0.15365713834762573, 0.24425409734249115, 0.23066206276416779, 0.15267424285411835, 0.21875250339508057]]
[[0.25766944885253906, 0.15163813531398773, 0.1581190675497055, 0.2627209424972534, 0.16985248029232025]]
[[0.2021135687828064, 0.1961655169725418, 0.20023572444915771, 0.20179790258407593, 0.19968733191490173]]
[[0.19342252612113953, 0.20709620416164398, 0.20326626300811768, 0.19324538111686707, 0.20296959578990936]]
[[0.17296208441257477, 0.22291462123394012, 0.21763071417808533, 0.17328087985515594, 0.21321167051792145]]
[[0.19620540738105774, 0.19909638166427612, 0.20214547216892242, 0.19673371315002441, 0.20581907033920288]]
[[0.19864816963672638, 0.20073139667510986, 0.20108383893966675, 0.19837935268878937, 0.20115724205970764]]
hyposthese:
2 pieces , <unk> & <unk> ; <unk> % <unk> , delineated
reference:
2 pieces , few nubbins of <unk> fat up to ~1.5mm , delineated .
