[[0.18862074613571167, 0.18027126789093018, 0.21134723722934723, 0.21692945063114166, 0.20283134281635284]]
[[0.1802743673324585, 0.170319065451622, 0.20977766811847687, 0.25213921070098877, 0.18748970329761505]]
[[0.2131180465221405, 0.21973931789398193, 0.18878543376922607, 0.17343489825725555, 0.20492227375507355]]
[[0.22649335861206055, 0.24022668600082397, 0.173893541097641, 0.1529911309480667, 0.20639526844024658]]
[[0.19706709682941437, 0.1940615177154541, 0.2051001340150833, 0.20610368251800537, 0.19766762852668762]]
[[0.19981056451797485, 0.19914574921131134, 0.20022909343242645, 0.2001114785671234, 0.20070306956768036]]
[[0.1992226094007492, 0.19750410318374634, 0.20103231072425842, 0.20188724994659424, 0.2003537118434906]]
hyposthese:
2 pieces ; spermatogenesis is present
reference:
2 pieces , fragmented ; reduced spermatogenesis
