[[0.18316450715065002, 0.20199193060398102, 0.20897650718688965, 0.1875406801700592, 0.21832630038261414]]
[[0.19325155019760132, 0.20122359693050385, 0.20601069927215576, 0.19638985395431519, 0.20312434434890747]]
[[0.2134716659784317, 0.19879788160324097, 0.18788819015026093, 0.209837406873703, 0.19000490009784698]]
[[0.2161749005317688, 0.1992030143737793, 0.19077803194522858, 0.20896905660629272, 0.18487507104873657]]
[[0.19562695920467377, 0.19950342178344727, 0.20657949149608612, 0.1958274245262146, 0.20246277749538422]]
[[0.195602685213089, 0.19688475131988525, 0.20587357878684998, 0.19504351913928986, 0.20659548044204712]]
hyposthese:
4 pieces , no abnormalities
reference:
4 pieces , no abnormalities
