[[0.1768726110458374, 0.18156442046165466, 0.25190380215644836, 0.2289782017469406, 0.16068091988563538]]
[[0.1593526005744934, 0.1657838523387909, 0.27675825357437134, 0.24791505932807922, 0.15019020438194275]]
[[0.22356052696704865, 0.2188132107257843, 0.15418408811092377, 0.16962137818336487, 0.2338208109140396]]
[[0.24168695509433746, 0.2333231270313263, 0.1155761182308197, 0.14322027564048767, 0.2661935091018677]]
[[0.1922469437122345, 0.1947341114282608, 0.21634376049041748, 0.20855742692947388, 0.18811772763729095]]
[[0.20970506966114044, 0.20734165608882904, 0.18278200924396515, 0.18833905458450317, 0.21183225512504578]]
[[0.19413341581821442, 0.19604453444480896, 0.21122290194034576, 0.2072296440601349, 0.1913694590330124]]
[[0.20615075528621674, 0.20649537444114685, 0.18805573880672455, 0.19344258308410645, 0.20585551857948303]]
[[0.19628314673900604, 0.19748733937740326, 0.20673918724060059, 0.20392397046089172, 0.19556640088558197]]
[[0.19743716716766357, 0.19811072945594788, 0.20285800099372864, 0.2045862376689911, 0.19700784981250763]]
[[0.19833864271640778, 0.19876931607723236, 0.20360711216926575, 0.20133134722709656, 0.19795356690883636]]
[[0.19756565988063812, 0.19784429669380188, 0.20510701835155487, 0.20273487269878387, 0.19674818217754364]]
hyposthese:
2 pieces ; congestion , hemorrhage , edema , and <unk>
reference:
2 pieces 7x6 & 7x5 mm ; moderate venous congestion ; moderate alveolar <unk> ; no pneumonia
