[[0.18113090097904205, 0.2193451225757599, 0.17138174176216125, 0.24836355447769165, 0.17977872490882874]]
[[0.18065312504768372, 0.21532948315143585, 0.17597177624702454, 0.24902041256427765, 0.17902521789073944]]
[[0.21244995296001434, 0.1889091432094574, 0.22147934138774872, 0.16506637632846832, 0.21209511160850525]]
[[0.2307170182466507, 0.16889244318008423, 0.24301107227802277, 0.12537182867527008, 0.23200763761997223]]
[[0.198318749666214, 0.2014305591583252, 0.1953004151582718, 0.20853014290332794, 0.1964200884103775]]
[[0.1951218545436859, 0.20555239915847778, 0.19126583635807037, 0.2137109935283661, 0.19434887170791626]]
[[0.19830891489982605, 0.2013177126646042, 0.19713947176933289, 0.20522207021713257, 0.19801178574562073]]
[[0.20924825966358185, 0.19371378421783447, 0.20975971221923828, 0.17784009873867035, 0.20943807065486908]]
[[0.2004127949476242, 0.20052218437194824, 0.19937705993652344, 0.19965104758739471, 0.20003683865070343]]
[[0.19836245477199554, 0.20142605900764465, 0.19594256579875946, 0.20703916251659393, 0.19722974300384521]]
[[0.19995705783367157, 0.2004167139530182, 0.1989748775959015, 0.20171169936656952, 0.19893959164619446]]
hyposthese:
2 pieces , no adherent fat , good clean specimens
reference:
2 pieces , each 2mm arteries with no sclerosis or adherent adipose [ good clean specimens ]
