[[0.240878626704216, 0.20446401834487915, 0.16338755190372467, 0.17639756202697754, 0.21487225592136383]]
[[0.2444159835577011, 0.19362711906433105, 0.1607333868741989, 0.16736161708831787, 0.23386189341545105]]
[[0.17823904752731323, 0.19666750729084015, 0.22140251100063324, 0.21531857550144196, 0.1883724182844162]]
[[0.14130322635173798, 0.19783011078834534, 0.25539517402648926, 0.2417304813861847, 0.16374103724956512]]
[[0.2004929631948471, 0.19933079183101654, 0.19786152243614197, 0.1988220065832138, 0.20349270105361938]]
[[0.20745350420475006, 0.19866102933883667, 0.19195225834846497, 0.19523611664772034, 0.20669707655906677]]
[[0.19387049973011017, 0.2011295109987259, 0.2042369693517685, 0.2035151720046997, 0.19724783301353455]]
[[0.1997862607240677, 0.20042259991168976, 0.2000380903482437, 0.2003449946641922, 0.19940809905529022]]
[[0.20316343009471893, 0.1983831822872162, 0.1976064145565033, 0.1974283754825592, 0.20341865718364716]]
hyposthese:
6 pieces , all muscularis , good specimens
reference:
6 pieces ; attached small amount of external fat and <unk> tissue and nerves
