[[0.12663593888282776, 0.2540009617805481, 0.13902905583381653, 0.2697913646697998, 0.2105426788330078]]
[[0.12157970666885376, 0.26776766777038574, 0.12532047927379608, 0.2899402379989624, 0.19539187848567963]]
[[0.26255375146865845, 0.15177100896835327, 0.254086434841156, 0.13869453966617584, 0.19289423525333405]]
[[0.3200302720069885, 0.10814647376537323, 0.30476391315460205, 0.09278276562690735, 0.1742766797542572]]
[[0.19104303419589996, 0.208444282412529, 0.19186511635780334, 0.20872358977794647, 0.19992396235466003]]
[[0.18627801537513733, 0.21100223064422607, 0.19027698040008545, 0.2090502232313156, 0.20339252054691315]]
hyposthese:
2 pieces , moderate congestion
reference:
2 pieces ; <unk> by pleura , some <unk> pigment
