[[0.23346082866191864, 0.17614537477493286, 0.22752010822296143, 0.18204878270626068, 0.1808248907327652]]
[[0.2540028989315033, 0.15990741550922394, 0.2555179297924042, 0.1663343459367752, 0.16423742473125458]]
[[0.1552744060754776, 0.23020850121974945, 0.1636103391647339, 0.22506234049797058, 0.2258443981409073]]
[[0.11064114421606064, 0.26755520701408386, 0.11584162712097168, 0.25163525342941284, 0.2543267607688904]]
[[0.21111056208610535, 0.19350849092006683, 0.2077852338552475, 0.19381651282310486, 0.19377918541431427]]
[[0.2173689752817154, 0.18737946450710297, 0.21335375308990479, 0.19169297814369202, 0.19020481407642365]]
[[0.20898504555225372, 0.1934663951396942, 0.2073115110397339, 0.19501501321792603, 0.19522209465503693]]
[[0.21383416652679443, 0.18953175842761993, 0.21414925158023834, 0.19130095839500427, 0.19118386507034302]]
[[0.20726682245731354, 0.19502294063568115, 0.2058866173028946, 0.1959901750087738, 0.19583342969417572]]
[[0.17919376492500305, 0.21557433903217316, 0.17906397581100464, 0.2130032777786255, 0.21316467225551605]]
[[0.20329734683036804, 0.19744829833507538, 0.20368988811969757, 0.19778847694396973, 0.19777601957321167]]
[[0.206192746758461, 0.19564063847064972, 0.2061111330986023, 0.1961548775434494, 0.19590063393115997]]
[[0.20156201720237732, 0.1992657333612442, 0.20105043053627014, 0.19900952279567719, 0.19911226630210876]]
[[0.19940458238124847, 0.20038418471813202, 0.19942021369934082, 0.20034410059452057, 0.20044691860675812]]
[[0.19650134444236755, 0.2030094861984253, 0.19440492987632751, 0.20290742814540863, 0.2031768262386322]]
[[0.20419913530349731, 0.1971701830625534, 0.20367349684238434, 0.1974838376045227, 0.19747337698936462]]
[[0.20619499683380127, 0.1970008909702301, 0.20260940492153168, 0.19689589738845825, 0.1972988396883011]]
hyposthese:
6 pieces , squamous mucosa up to ~0.4mm , submucosal mucus glands present , rep delineated
reference:
6 pieces ; well preserved
