[[0.18984761834144592, 0.18095450103282928, 0.2059585303068161, 0.2106810212135315, 0.2125582993030548]]
[[0.1814357340335846, 0.18767468631267548, 0.1859923154115677, 0.23791681230068207, 0.20698043704032898]]
[[0.20809206366539001, 0.20884515345096588, 0.19940167665481567, 0.18783996999263763, 0.19582116603851318]]
[[0.21658992767333984, 0.2180265635251999, 0.20243306457996368, 0.17477008700370789, 0.1881803423166275]]
[[0.19969399273395538, 0.2031755894422531, 0.19680353999137878, 0.20188555121421814, 0.19844134151935577]]
[[0.19923879206180573, 0.20070038735866547, 0.19913959503173828, 0.20180673897266388, 0.19911445677280426]]
[[0.1980956345796585, 0.19750812649726868, 0.20047736167907715, 0.20331962406635284, 0.20059920847415924]]
hyposthese:
2 pieces ; moderate central congestion
reference:
2 pieces , 8x7 & 8x8mm ; 20 % macrovesicular steatosis
