[[0.1877419799566269, 0.19371801614761353, 0.18417640030384064, 0.20044416189193726, 0.23391950130462646]]
[[0.19016414880752563, 0.20038314163684845, 0.15989959239959717, 0.2018592357635498, 0.24769388139247894]]
[[0.2104351967573166, 0.20145079493522644, 0.22348183393478394, 0.19872504472732544, 0.1659070998430252]]
[[0.2181040197610855, 0.20120327174663544, 0.24099572002887726, 0.19719842076301575, 0.14249862730503082]]
[[0.19735172390937805, 0.20314809679985046, 0.1869817078113556, 0.20105533301830292, 0.211463063955307]]
[[0.19849523901939392, 0.19984076917171478, 0.197489932179451, 0.20004276931285858, 0.20413130521774292]]
[[0.19909919798374176, 0.20005269348621368, 0.19692352414131165, 0.19967564940452576, 0.20424894988536835]]
[[0.1970609575510025, 0.20064334571361542, 0.19412657618522644, 0.20030362904071808, 0.20786546170711517]]
hyposthese:
2 pieces , myometrium , no <unk>
reference:
2 pieces ; mostly myometrium <unk> <unk> of endometrium
