[[0.18652407824993134, 0.17374223470687866, 0.18478502333164215, 0.17809268832206726, 0.2768559753894806]]
[[0.17747579514980316, 0.1634245663881302, 0.17312267422676086, 0.17341911792755127, 0.3125578463077545]]
[[0.21215945482254028, 0.2226143181324005, 0.21606816351413727, 0.21658296883106232, 0.1325751096010208]]
[[0.22330652177333832, 0.2407965362071991, 0.22181391716003418, 0.2242099493741989, 0.08987303078174591]]
[[0.19287380576133728, 0.1921437829732895, 0.19575420022010803, 0.19530650973320007, 0.22392171621322632]]
[[0.2059103548526764, 0.2068977653980255, 0.2066732794046402, 0.20712289214134216, 0.17339569330215454]]
[[0.1953737884759903, 0.19417542219161987, 0.1961614042520523, 0.19573189318180084, 0.2185574620962143]]
[[0.20085370540618896, 0.20089241862297058, 0.20135129988193512, 0.20137690007686615, 0.19552572071552277]]
[[0.19756951928138733, 0.1971926987171173, 0.1982475221157074, 0.19806994497776031, 0.20892035961151123]]
hyposthese:
2 pieces ; congestion , edema , edema
reference:
2 pieces , moderate congestion
