[[0.1859491765499115, 0.22605928778648376, 0.18577197194099426, 0.2152682989835739, 0.18695123493671417]]
[[0.17779836058616638, 0.23809106647968292, 0.17549410462379456, 0.2186555117368698, 0.18996095657348633]]
[[0.2151738554239273, 0.1744697093963623, 0.2113874852657318, 0.18766556680202484, 0.21130333840847015]]
[[0.22078821063041687, 0.16595153510570526, 0.21899570524692535, 0.18102553486824036, 0.21323905885219574]]
[[0.19877566397190094, 0.2016124427318573, 0.19910913705825806, 0.20013701915740967, 0.20036570727825165]]
[[0.1978406310081482, 0.2041221261024475, 0.1984206587076187, 0.2004026621580124, 0.1992138773202896]]
[[0.19134792685508728, 0.21685102581977844, 0.1930588334798813, 0.2037379890680313, 0.1950041502714157]]
[[0.21087506413459778, 0.17909584939479828, 0.2119913548231125, 0.19133584201335907, 0.20670194923877716]]
[[0.20076623558998108, 0.19828686118125916, 0.2011197805404663, 0.19921474158763885, 0.20061232149600983]]
[[0.19851543009281158, 0.20278635621070862, 0.19808663427829742, 0.2010217308998108, 0.19958987832069397]]
[[0.19922910630702972, 0.20182275772094727, 0.19881436228752136, 0.200237438082695, 0.19989627599716187]]
[[0.19988375902175903, 0.20043832063674927, 0.19972914457321167, 0.2001492977142334, 0.19979943335056305]]
hyposthese:
2 pieces , <unk> & <unk> ; no significant ischemic changes
reference:
10x8 mm ;
