[[0.19990624487400055, 0.19660015404224396, 0.22555236518383026, 0.18050074577331543, 0.19744053483009338]]
[[0.21343033015727997, 0.18674345314502716, 0.23171892762184143, 0.16920895874500275, 0.1988983005285263]]
[[0.1992519199848175, 0.20356617867946625, 0.17344389855861664, 0.2215842306613922, 0.20215381681919098]]
[[0.18651247024536133, 0.2126161754131317, 0.1683945208787918, 0.23131059110164642, 0.20116619765758514]]
[[0.2017938494682312, 0.19738340377807617, 0.2042534053325653, 0.1956581026315689, 0.2009112536907196]]
[[0.20072263479232788, 0.2006753385066986, 0.19645555317401886, 0.20118626952171326, 0.20096023380756378]]
[[0.20242564380168915, 0.1984090954065323, 0.20531614124774933, 0.19346097111701965, 0.20038817822933197]]
hyposthese:
1 piece ; adenohypophysis and neurohypophysis
reference:
2 pieces , 50 % neurohypophysis , delineated ; rest adenohypophysis .
