[[0.23014673590660095, 0.19680199027061462, 0.17118646204471588, 0.2298712432384491, 0.17199358344078064]]
[[0.22518353164196014, 0.19532723724842072, 0.16974905133247375, 0.22121387720108032, 0.18852631747722626]]
[[0.1845470517873764, 0.20283332467079163, 0.2179032415151596, 0.1834624707698822, 0.21125391125679016]]
[[0.15317927300930023, 0.21180851757526398, 0.24864058196544647, 0.1570034772157669, 0.22936812043190002]]
[[0.20539315044879913, 0.19853484630584717, 0.19524282217025757, 0.20447859168052673, 0.1963506042957306]]
[[0.20519505441188812, 0.19975118339061737, 0.19557711482048035, 0.2038300484418869, 0.19564656913280487]]
[[0.2146729826927185, 0.197724848985672, 0.18914370238780975, 0.2097252458333969, 0.18873322010040283]]
[[0.18107987940311432, 0.19801001250743866, 0.22187072038650513, 0.1836603283882141, 0.21537905931472778]]
[[0.19635452330112457, 0.20010529458522797, 0.2028822898864746, 0.19831059873104095, 0.2023472636938095]]
[[0.20499181747436523, 0.19989140331745148, 0.19645069539546967, 0.20406430959701538, 0.19460174441337585]]
[[0.20221945643424988, 0.2013295292854309, 0.19775272905826569, 0.20202979445457458, 0.19666849076747894]]
hyposthese:
2 pieces , <unk> & <unk> ; good clean specimens
reference:
2 pieces , 2 mm diameter ; no extraneous fat
