[[0.17288289964199066, 0.2504146099090576, 0.22356538474559784, 0.17313829064369202, 0.17999881505966187]]
[[0.15205247700214386, 0.2834053039550781, 0.25205758213996887, 0.15260830521583557, 0.15987633168697357]]
[[0.21724346280097961, 0.16871564090251923, 0.1849970817565918, 0.21697886288166046, 0.2120649367570877]]
[[0.28014326095581055, 0.08426051586866379, 0.10099473595619202, 0.27935829758644104, 0.25524309277534485]]
[[0.19276569783687592, 0.20697245001792908, 0.2136809080839157, 0.19276218116283417, 0.1938188374042511]]
[[0.19210806488990784, 0.20752070844173431, 0.2133205533027649, 0.1919950693845749, 0.19505555927753448]]
[[0.1910734325647354, 0.21051204204559326, 0.21324604749679565, 0.19094610214233398, 0.19422240555286407]]
[[0.20217269659042358, 0.19365952908992767, 0.19858045876026154, 0.20210319757461548, 0.20348402857780457]]
[[0.19624890387058258, 0.20205819606781006, 0.2084202915430069, 0.19635635614395142, 0.19691631197929382]]
[[0.1943873018026352, 0.20503833889961243, 0.21013370156288147, 0.1935480386018753, 0.1968926638364792]]
[[0.19657215476036072, 0.20430214703083038, 0.2062772959470749, 0.1958647072315216, 0.1969836950302124]]
[[0.2097930759191513, 0.18413273990154266, 0.19002863764762878, 0.20908650755882263, 0.2069590538740158]]
[[0.1984780877828598, 0.20177271962165833, 0.2023962289094925, 0.1985706388950348, 0.1987822949886322]]
[[0.19922363758087158, 0.20291075110435486, 0.19952741265296936, 0.19922390580177307, 0.19911427795886993]]
[[0.1961732804775238, 0.20521104335784912, 0.2037818431854248, 0.19592323899269104, 0.19891054928302765]]
hyposthese:
6 pieces , mucosa well preserved , up to ~1mm , <unk> % thickness
reference:
6 pieces , mucosa remarkably well preserved , 0.4mm , ~10 % thickness
