[[0.23768509924411774, 0.15680146217346191, 0.18302933871746063, 0.19729609787464142, 0.22518791258335114]]
[[0.22591669857501984, 0.172882080078125, 0.1821794956922531, 0.1821119636297226, 0.23690976202487946]]
[[0.17490153014659882, 0.2299615889787674, 0.2198806256055832, 0.2042694091796875, 0.17098687589168549]]
[[0.15980365872383118, 0.2503219246864319, 0.22457453608512878, 0.2104967087507248, 0.15480314195156097]]
[[0.20214299857616425, 0.1971803605556488, 0.19775643944740295, 0.19800478219985962, 0.204915389418602]]
[[0.20622675120830536, 0.19396676123142242, 0.1950754076242447, 0.19696955382823944, 0.20776155591011047]]
[[0.22019249200820923, 0.17904962599277496, 0.18531997501850128, 0.19105292856693268, 0.22438499331474304]]
[[0.17308670282363892, 0.23016393184661865, 0.2162385880947113, 0.20999346673488617, 0.17051737010478973]]
hyposthese:
2 pieces , <unk> & <unk> ;
reference:
2 pieces 7x6 & 8x6mm ; minimal ischemic changes
