[[0.19296643137931824, 0.27210909128189087, 0.20935775339603424, 0.15243017673492432, 0.17313654720783234]]
[[0.1881340593099594, 0.2540743350982666, 0.22613725066184998, 0.15642833709716797, 0.17522607743740082]]
[[0.20536179840564728, 0.1542007327079773, 0.18830929696559906, 0.2323053628206253, 0.21982277929782867]]
[[0.20825769007205963, 0.1141449585556984, 0.15432405471801758, 0.2856512665748596, 0.23762202262878418]]
[[0.19872629642486572, 0.20563486218452454, 0.20316191017627716, 0.19467119872570038, 0.19780570268630981]]
[[0.19699375331401825, 0.21529990434646606, 0.20319204032421112, 0.19113700091838837, 0.1933773308992386]]
[[0.20013120770454407, 0.20143458247184753, 0.2006530463695526, 0.19833792746067047, 0.1994432657957077]]
[[0.20141977071762085, 0.18799397349357605, 0.19696159660816193, 0.20715650916099548, 0.20646816492080688]]
[[0.20003913342952728, 0.20204849541187286, 0.2005237638950348, 0.1978807896375656, 0.19950786232948303]]
hyposthese:
2 pieces , subtotally occlusive atherosis , delineated
reference:
2 pieces ; medial calcific sclerosis
