[[0.24892599880695343, 0.22115592658519745, 0.14151965081691742, 0.1472223550081253, 0.2411760836839676]]
[[0.23606997728347778, 0.22214867174625397, 0.1515933722257614, 0.16079449653625488, 0.22939348220825195]]
[[0.1713547706604004, 0.17900170385837555, 0.24236977100372314, 0.23455561697483063, 0.17271806299686432]]
[[0.12974876165390015, 0.15975983440876007, 0.2931613624095917, 0.2758762240409851, 0.14145387709140778]]
[[0.20952722430229187, 0.20458321273326874, 0.18679866194725037, 0.18877013027668, 0.21032071113586426]]
[[0.22001773118972778, 0.20959345996379852, 0.17571784555912018, 0.17993931472301483, 0.21473164856433868]]
hyposthese:
2 pieces , no abnormalities
reference:
2 pieces , increased interstitial fibrosis
