[[0.19293878972530365, 0.18741227686405182, 0.22697879374027252, 0.20395295321941376, 0.18871714174747467]]
[[0.18205535411834717, 0.18041767179965973, 0.25647690892219543, 0.20017917454242706, 0.18087086081504822]]
[[0.21400374174118042, 0.21949690580368042, 0.15120576322078705, 0.19782830774784088, 0.21746528148651123]]
[[0.21655169129371643, 0.21880711615085602, 0.14834226667881012, 0.19734618067741394, 0.2189527302980423]]
[[0.1965993046760559, 0.19469165802001953, 0.21098114550113678, 0.20215527713298798, 0.1955725997686386]]
[[0.1936219036579132, 0.19212234020233154, 0.21943949162960052, 0.20240601897239685, 0.19241027534008026]]
hyposthese:
2 pieces , no abnormalities
reference:
2 pieces , no abnormalities
