[[0.18810106813907623, 0.1980951428413391, 0.18713870644569397, 0.19658544659614563, 0.23007963597774506]]
[[0.17053978145122528, 0.18727274239063263, 0.1523093283176422, 0.16711068153381348, 0.3227674663066864]]
[[0.20935676991939545, 0.2042328268289566, 0.2232348620891571, 0.20953819155693054, 0.1536373347043991]]
[[0.2230224609375, 0.2045317143201828, 0.25957468152046204, 0.21831169724464417, 0.09455940872430801]]
[[0.19744634628295898, 0.19851984083652496, 0.19376559555530548, 0.19603940844535828, 0.2142288088798523]]
[[0.19549787044525146, 0.1966603398323059, 0.19300276041030884, 0.19511255621910095, 0.21972641348838806]]
[[0.2068878710269928, 0.20341913402080536, 0.20847395062446594, 0.20714810490608215, 0.17407099902629852]]
[[0.19840048253536224, 0.19891129434108734, 0.19583407044410706, 0.1979881078004837, 0.20886601507663727]]
[[0.20153936743736267, 0.20139925181865692, 0.20142152905464172, 0.201701357960701, 0.1939384639263153]]
[[0.19520893692970276, 0.19772188365459442, 0.1927623152732849, 0.19571468234062195, 0.21859213709831238]]
[[0.1985793560743332, 0.19916293025016785, 0.19618742167949677, 0.1987808346748352, 0.20728950202465057]]
hyposthese:
6 pieces ; well trimmed ; 5 % dermal fat
reference:
6 pieces ; well trimmed ; < 5 % dermal fat
