[[0.12371610105037689, 0.1249004527926445, 0.21805830299854279, 0.26245254278182983, 0.2708726227283478]]
[[0.1447303593158722, 0.1518155038356781, 0.22863754630088806, 0.2355453372001648, 0.23927125334739685]]
[[0.24512983858585358, 0.24283422529697418, 0.18445628881454468, 0.16588304936885834, 0.16169655323028564]]
[[0.29749932885169983, 0.294558048248291, 0.15459832549095154, 0.13013063371181488, 0.12321361899375916]]
[[0.1915702372789383, 0.19284555315971375, 0.20232750475406647, 0.2059222012758255, 0.2073344886302948]]
[[0.1844625174999237, 0.18418338894844055, 0.20454975962638855, 0.21168582141399384, 0.21511848270893097]]
[[0.1947631537914276, 0.194906085729599, 0.20149627327919006, 0.20420366525650024, 0.20463082194328308]]
[[0.2239147275686264, 0.2234034389257431, 0.19663766026496887, 0.18104946613311768, 0.17499466240406036]]
[[0.19828583300113678, 0.19861847162246704, 0.20166616141796112, 0.20118871331214905, 0.2002408355474472]]
[[0.19391527771949768, 0.19256548583507538, 0.20062202215194702, 0.20478206872940063, 0.20811514556407928]]
[[0.19798435270786285, 0.19717955589294434, 0.20053359866142273, 0.2014506459236145, 0.20285187661647797]]
hyposthese:
2 pieces , no adherent fat , good clean specimens
reference:
2 ~3mm d aliquots , clean specimens
