[[0.1822851449251175, 0.245808944106102, 0.19371530413627625, 0.2019100785255432, 0.1762804538011551]]
[[0.1739189624786377, 0.23930901288986206, 0.20027440786361694, 0.2052713930606842, 0.18122628331184387]]
[[0.2143252044916153, 0.16816702485084534, 0.20213095843791962, 0.1991204172372818, 0.21625639498233795]]
[[0.23041987419128418, 0.1390327662229538, 0.20319201052188873, 0.19361047446727753, 0.23374490439891815]]
[[0.19706754386425018, 0.20643652975559235, 0.1999950408935547, 0.1998443305492401, 0.19665655493736267]]
[[0.1945180743932724, 0.21271592378616333, 0.19894300401210785, 0.20017559826374054, 0.1936473846435547]]
[[0.1987248808145523, 0.2044607698917389, 0.19913099706172943, 0.1995473951101303, 0.19813592731952667]]
[[0.2079480141401291, 0.17920683324337006, 0.2039322853088379, 0.20105957984924316, 0.2078532725572586]]
[[0.19993139803409576, 0.1998572200536728, 0.20036624372005463, 0.2002274990081787, 0.19961762428283691]]
[[0.19687794148921967, 0.20754751563072205, 0.20014168322086334, 0.19992275536060333, 0.1955101042985916]]
[[0.19871589541435242, 0.20312722027301788, 0.20005206763744354, 0.20067979395389557, 0.1974249929189682]]
hyposthese:
2 pieces , no adherent fat , good clean specimens
reference:
2 pieces ; excellent normal
