[[0.1934501677751541, 0.19090451300144196, 0.1900230050086975, 0.19397138059139252, 0.2316509485244751]]
[[0.2112695723772049, 0.17828553915023804, 0.19055847823619843, 0.19511500000953674, 0.2247714251279831]]
[[0.20271514356136322, 0.20933961868286133, 0.2033565789461136, 0.20299459993839264, 0.18159401416778564]]
[[0.19132684171199799, 0.23468610644340515, 0.21681995689868927, 0.1994154453277588, 0.15775166451931]]
[[0.20137746632099152, 0.19766245782375336, 0.19700299203395844, 0.19981330633163452, 0.20414379239082336]]
[[0.1961580514907837, 0.19530917704105377, 0.1948280781507492, 0.20120568573474884, 0.21249893307685852]]
[[0.20111766457557678, 0.19440169632434845, 0.19499416649341583, 0.1998949646949768, 0.20959153771400452]]
[[0.19433541595935822, 0.22307294607162476, 0.2120845913887024, 0.20803451538085938, 0.16247253119945526]]
[[0.2012467235326767, 0.19870731234550476, 0.19754396378993988, 0.19940324127674103, 0.20309877395629883]]
[[0.2007724791765213, 0.19707733392715454, 0.19883422553539276, 0.19897674024105072, 0.20433920621871948]]
[[0.20122310519218445, 0.20229554176330566, 0.20123904943466187, 0.20035521686077118, 0.19488708674907684]]
[[0.20062454044818878, 0.1998523324728012, 0.1989358514547348, 0.19952045381069183, 0.20106680691242218]]
[[0.20174771547317505, 0.19815845787525177, 0.19853079319000244, 0.19848817586898804, 0.20307478308677673]]
hyposthese:
6 pieces , up to 8x4mm ; all muscularis , good specimens
reference:
6 pieces ; target muscularis
