[[0.15005101263523102, 0.27988868951797485, 0.19033798575401306, 0.16764996945858002, 0.21207231283187866]]
[[0.15231725573539734, 0.301895409822464, 0.1747463494539261, 0.1577063798904419, 0.21333466470241547]]
[[0.23279635608196259, 0.13541507720947266, 0.2126511186361313, 0.2274288833141327, 0.1917085200548172]]
[[0.26767605543136597, 0.09012468159198761, 0.21640156209468842, 0.2483706921339035, 0.1774270236492157]]
[[0.2030431479215622, 0.18735916912555695, 0.2051798701286316, 0.20204994082450867, 0.20236781239509583]]
[[0.19812960922718048, 0.19539648294448853, 0.20196101069450378, 0.1998782902956009, 0.2046346515417099]]
[[0.17192037403583527, 0.25074854493141174, 0.19510886073112488, 0.1801057904958725, 0.20211642980575562]]
[[0.21392954885959625, 0.16730482876300812, 0.2068752646446228, 0.2124704271554947, 0.19941993057727814]]
[[0.20234687626361847, 0.19514241814613342, 0.20141945779323578, 0.2008443921804428, 0.2002468705177307]]
[[0.1906292736530304, 0.21413905918598175, 0.19880624115467072, 0.19494813680648804, 0.20147734880447388]]
[[0.19751721620559692, 0.204141765832901, 0.1995956301689148, 0.19842739403247833, 0.20031802356243134]]
hyposthese:
2 pieces , <unk> & <unk> ; no significant steatosis
reference:
2 pieces , 9x7 & 8x7 mm ; moderate macrovesicular steatosis ; no fibrosis
