[[0.2109193652868271, 0.25018706917762756, 0.2507026791572571, 0.14907018840312958, 0.1391206532716751]]
[[0.20498383045196533, 0.25536611676216125, 0.2592388391494751, 0.14263339340686798, 0.13777782022953033]]
[[0.19827984273433685, 0.1632675975561142, 0.1582220196723938, 0.23728002607822418, 0.2429504245519638]]
[[0.1765696257352829, 0.12017486244440079, 0.11623746901750565, 0.2865852415561676, 0.30043280124664307]]
[[0.20000897347927094, 0.20262916386127472, 0.20741517841815948, 0.1954161375761032, 0.1945304572582245]]
[[0.20055349171161652, 0.20532742142677307, 0.2073744833469391, 0.194457545876503, 0.19228702783584595]]
[[0.2013459950685501, 0.2207237333059311, 0.22438223659992218, 0.17991295456886292, 0.1736350953578949]]
[[0.1941528171300888, 0.16432876884937286, 0.16053159534931183, 0.238258495926857, 0.2427283376455307]]
[[0.1983887106180191, 0.19775886833667755, 0.20042377710342407, 0.20161646604537964, 0.20181219279766083]]
[[0.2002347856760025, 0.20757125318050385, 0.21038037538528442, 0.1925157904624939, 0.1892978399991989]]
[[0.20248976349830627, 0.20736442506313324, 0.20788666605949402, 0.19259630143642426, 0.1896628886461258]]
hyposthese:
2 pieces , <unk> & <unk> ; good clean specimens
reference:
2 pieces , includes ~30 % adipose and loose connective tissue
