[[0.217393696308136, 0.22806668281555176, 0.1900777369737625, 0.18785491585731506, 0.17660699784755707]]
[[0.2287798523902893, 0.2340165078639984, 0.18752293288707733, 0.18809309601783752, 0.1615876406431198]]
[[0.18910013139247894, 0.17363755404949188, 0.20344574749469757, 0.21776428818702698, 0.21605227887630463]]
[[0.15988795459270477, 0.15035264194011688, 0.21682564914226532, 0.2235516905784607, 0.24938206374645233]]
[[0.19675838947296143, 0.20341330766677856, 0.2035379707813263, 0.19239944219589233, 0.20389093458652496]]
[[0.2011154294013977, 0.20130491256713867, 0.20181559026241302, 0.19383010268211365, 0.20193396508693695]]
[[0.21429063379764557, 0.22036203742027283, 0.196234792470932, 0.18283264338970184, 0.18627987802028656]]
[[0.17827977240085602, 0.17630049586296082, 0.20223520696163177, 0.22367936372756958, 0.2195051610469818]]
[[0.19778600335121155, 0.19810479879379272, 0.20142361521720886, 0.20145897567272186, 0.2012266218662262]]
[[0.20266449451446533, 0.2038932889699936, 0.20198480784893036, 0.19294452667236328, 0.19851286709308624]]
[[0.1997923105955124, 0.1950196772813797, 0.19998162984848022, 0.2053043246269226, 0.19990204274654388]]
[[0.19995670020580292, 0.20158445835113525, 0.20058545470237732, 0.19812259078025818, 0.1997508406639099]]
[[0.20240427553653717, 0.1999819576740265, 0.19993539154529572, 0.19877338409423828, 0.19890502095222473]]
[[0.20204274356365204, 0.20258355140686035, 0.2000494748353958, 0.19685816764831543, 0.19846609234809875]]
[[0.20096838474273682, 0.2035127431154251, 0.20037664473056793, 0.19691650569438934, 0.19822578132152557]]
hyposthese:
2 pieces , <unk> & <unk> ; excellent specimen , <unk> % of glands
reference:
6 pieces ; <unk> mm thick squamous epithelium ; many submucosal glands
