[[0.21223393082618713, 0.19761325418949127, 0.21657875180244446, 0.18688786029815674, 0.1866862177848816]]
[[0.20500548183918, 0.1923052966594696, 0.2151341289281845, 0.19673998653888702, 0.19081507623195648]]
[[0.19046832621097565, 0.20169371366500854, 0.19301600754261017, 0.20597071945667267, 0.20885124802589417]]
[[0.18411579728126526, 0.21271993219852448, 0.1810912936925888, 0.20325984060764313, 0.21881315112113953]]
[[0.2040020227432251, 0.19793519377708435, 0.19823196530342102, 0.2022658884525299, 0.19756491482257843]]
[[0.2007267028093338, 0.1992611289024353, 0.19944094121456146, 0.2016947865486145, 0.19887644052505493]]
[[0.2019713968038559, 0.19788073003292084, 0.1997811645269394, 0.2020607590675354, 0.19830594956874847]]
[[0.20044256746768951, 0.20011375844478607, 0.19971664249897003, 0.19974568486213684, 0.19998140633106232]]
[[0.19698046147823334, 0.20150692760944366, 0.1981344372034073, 0.20041435956954956, 0.20296384394168854]]
[[0.2001483142375946, 0.199957013130188, 0.1994095891714096, 0.20043706893920898, 0.20004799962043762]]
[[0.1994326114654541, 0.2012024074792862, 0.202154278755188, 0.1995992213487625, 0.19761145114898682]]
hyposthese:
2 pieces , ~10 % fascia/vascular elements , rep delineated
reference:
2 pieces , ~10 % <unk> tissue , rep. <unk>
