[[0.18696442246437073, 0.22374267876148224, 0.18316558003425598, 0.2123955488204956, 0.19373174011707306]]
[[0.17529305815696716, 0.24721400439739227, 0.17548641562461853, 0.22670061886310577, 0.17530584335327148]]
[[0.2209957391023636, 0.16045235097408295, 0.22325603663921356, 0.17691579461097717, 0.2183801233768463]]
[[0.2318504899740219, 0.13761787116527557, 0.23650896549224854, 0.16357789933681488, 0.2304447442293167]]
[[0.1955777108669281, 0.20842699706554413, 0.19538937509059906, 0.20465293526649475, 0.19595304131507874]]
[[0.19898216426372528, 0.20232830941677094, 0.19896595180034637, 0.2009667605161667, 0.1987568587064743]]
[[0.19516703486442566, 0.20920473337173462, 0.19514156877994537, 0.20483416318893433, 0.19565248489379883]]
[[0.19696679711341858, 0.20625382661819458, 0.19685696065425873, 0.2026766538619995, 0.1972457617521286]]
[[0.20389223098754883, 0.1902334839105606, 0.2040645331144333, 0.19753292202949524, 0.20427685976028442]]
[[0.19891950488090515, 0.201605886220932, 0.19899630546569824, 0.20140521228313446, 0.19907304644584656]]
[[0.19755636155605316, 0.20580078661441803, 0.1977246105670929, 0.2012438178062439, 0.1976744532585144]]
hyposthese:
2 pieces , ~10 % interstitial fat , rep delineated
reference:
2 pieces ; < 5 % internal fat
