[[0.23268668353557587, 0.1166461780667305, 0.2332174926996231, 0.1592624932527542, 0.25818711519241333]]
[[0.23908230662345886, 0.12257995456457138, 0.23619136214256287, 0.1679612547159195, 0.234185129404068]]
[[0.17674972116947174, 0.2542867064476013, 0.17747405171394348, 0.22430972754955292, 0.16717977821826935]]
[[0.14267279207706451, 0.3406118154525757, 0.14120379090309143, 0.24604588747024536, 0.129465714097023]]
[[0.2015097588300705, 0.1916145235300064, 0.20250937342643738, 0.1981683075428009, 0.20619799196720123]]
[[0.20326130092144012, 0.1885361522436142, 0.2042299062013626, 0.19516469538211823, 0.20880797505378723]]
[[0.21016967296600342, 0.16411739587783813, 0.2135290503501892, 0.18356697261333466, 0.22861698269844055]]
[[0.17539803683757782, 0.2622813582420349, 0.17482240498065948, 0.22605951130390167, 0.16143867373466492]]
[[0.1995314210653305, 0.20301014184951782, 0.19812095165252686, 0.20159026980400085, 0.19774729013442993]]
[[0.20705483853816986, 0.1862679421901703, 0.20504288375377655, 0.19195552170276642, 0.20967884361743927]]
[[0.20650261640548706, 0.1876935213804245, 0.20453183352947235, 0.1947246640920639, 0.20654736459255219]]
hyposthese:
2 pieces , <unk> & <unk> ; good clean specimens
reference:
2 pieces , <unk> & <unk> ; up to 20 % internal and extraneous adipose .
