[[0.1838165670633316, 0.1827654391527176, 0.16691234707832336, 0.2358354926109314, 0.23067016899585724]]
[[0.18663589656352997, 0.18328672647476196, 0.15264256298542023, 0.2147258222103119, 0.26270902156829834]]
[[0.2088177353143692, 0.2116931825876236, 0.23185770213603973, 0.1782398521900177, 0.1693914830684662]]
[[0.22687339782714844, 0.22892862558364868, 0.25627028942108154, 0.16684429347515106, 0.12108338624238968]]
[[0.19623862206935883, 0.19597025215625763, 0.19266314804553986, 0.201357901096344, 0.2137700915336609]]
[[0.19399802386760712, 0.19384965300559998, 0.18694829940795898, 0.2050284594297409, 0.22017556428909302]]
hyposthese:
2 pieces , no abnormalities
reference:
2 pieces ; < 5 % internal fat
