[[0.22297246754169464, 0.17926520109176636, 0.2159886211156845, 0.1887979805469513, 0.19297564029693604]]
[[0.2587161660194397, 0.168166384100914, 0.23208937048912048, 0.16731595993041992, 0.1737121045589447]]
[[0.15762627124786377, 0.22820109128952026, 0.17177630960941315, 0.22549384832382202, 0.21690256893634796]]
[[0.1547183394432068, 0.23360927402973175, 0.16841904819011688, 0.22167114913463593, 0.22158211469650269]]
[[0.21306559443473816, 0.1928771734237671, 0.20771516859531403, 0.19029660522937775, 0.19604544341564178]]
[[0.2171337902545929, 0.1892831176519394, 0.20939631760120392, 0.1909397542476654, 0.19324693083763123]]
hyposthese:
2 pieces , no abnormalities
reference:
2 pieces , well-preserved ; no abnormalities
