[[0.2327539324760437, 0.1994122862815857, 0.2018904983997345, 0.18711115419864655, 0.17883218824863434]]
[[0.25494787096977234, 0.19209493696689606, 0.21519802510738373, 0.16713058948516846, 0.17062857747077942]]
[[0.15550561249256134, 0.20648355782032013, 0.19566784799098969, 0.21981507539749146, 0.2225278615951538]]
[[0.1192726269364357, 0.19850872457027435, 0.1784292310476303, 0.25066885352134705, 0.2531205713748932]]
[[0.2122269868850708, 0.1972160041332245, 0.20231632888317108, 0.19397245347499847, 0.19426821172237396]]
[[0.21702593564987183, 0.1992272138595581, 0.20346680283546448, 0.1899542510509491, 0.19032584130764008]]
[[0.20914988219738007, 0.1990698128938675, 0.20094862580299377, 0.19547995924949646, 0.195351704955101]]
[[0.21411551535129547, 0.19877809286117554, 0.20270703732967377, 0.1921902596950531, 0.19220906496047974]]
[[0.20860661566257477, 0.19828592240810394, 0.20014588534832, 0.19676002860069275, 0.19620156288146973]]
[[0.17695096135139465, 0.20174826681613922, 0.19830846786499023, 0.21099817752838135, 0.2119942158460617]]
[[0.20327511429786682, 0.19931736588478088, 0.2007828950881958, 0.1982363611459732, 0.19838818907737732]]
[[0.20049595832824707, 0.19999416172504425, 0.20012573897838593, 0.19956189393997192, 0.19982224702835083]]
[[0.20648933947086334, 0.20021620392799377, 0.20297983288764954, 0.19504322111606598, 0.19527144730091095]]
hyposthese:
6 pieces , squamous mucosa up to ~0.5mm , <unk> % thickness
reference:
6 pieces , squamous mucosa up to ~0.7mm , few submucosal mucus glands noted , rep encircled
