[[0.1921721249818802, 0.2019876390695572, 0.15151989459991455, 0.2678810954093933, 0.18643927574157715]]
[[0.19398070871829987, 0.2087743878364563, 0.1531788557767868, 0.2578829526901245, 0.18618308007717133]]
[[0.20963339507579803, 0.1972263604402542, 0.22422054409980774, 0.15588130056858063, 0.2130383998155594]]
[[0.20758680999279022, 0.1845872700214386, 0.266223669052124, 0.1165330708026886, 0.22506919503211975]]
[[0.19975043833255768, 0.19979166984558105, 0.1943933367729187, 0.20825637876987457, 0.1978081613779068]]
[[0.20199903845787048, 0.2028873860836029, 0.19391998648643494, 0.2053849995136261, 0.19580858945846558]]
[[0.20078244805335999, 0.20166540145874023, 0.19766846299171448, 0.20137031376361847, 0.19851338863372803]]
[[0.20064301788806915, 0.20121176540851593, 0.19793397188186646, 0.20185443758964539, 0.1983567774295807]]
[[0.20036163926124573, 0.20048882067203522, 0.20061305165290833, 0.19870777428150177, 0.19982874393463135]]
[[0.20033255219459534, 0.20035691559314728, 0.19385415315628052, 0.2055748552083969, 0.19988150894641876]]
[[0.19984610378742218, 0.2010394036769867, 0.19125013053417206, 0.20866619050502777, 0.19919811189174652]]
[[0.20045040547847748, 0.19971759617328644, 0.20284833014011383, 0.19807025790214539, 0.1989133507013321]]
[[0.20077261328697205, 0.2004871517419815, 0.20121490955352783, 0.1968388706445694, 0.20068641006946564]]
hyposthese:
2 pieces , gynecomastoid stromal and ductal ( rep delineated ) hyperplasia
reference:
2 pieces , predominantly fibrous stroma with many <unk>
