[[0.18744680285453796, 0.21031436324119568, 0.17174388468265533, 0.1839454025030136, 0.24654950201511383]]
[[0.19881781935691833, 0.21457242965698242, 0.18043924868106842, 0.19067072868347168, 0.21549977362155914]]
[[0.20619358122348785, 0.18950830399990082, 0.22092166543006897, 0.2066425383090973, 0.17673392593860626]]
[[0.20900163054466248, 0.17915977537631989, 0.2420279085636139, 0.21777209639549255, 0.15203857421875]]
[[0.19898825883865356, 0.2025088667869568, 0.1942077875137329, 0.19733723998069763, 0.2069578617811203]]
[[0.1998627632856369, 0.19777049124240875, 0.19979876279830933, 0.19988958537578583, 0.20267841219902039]]
[[0.1984674334526062, 0.20303180813789368, 0.19251888990402222, 0.19545984268188477, 0.21052202582359314]]
[[0.20002539455890656, 0.20074452459812164, 0.19853544235229492, 0.19911891222000122, 0.20157572627067566]]
[[0.20396174490451813, 0.19756364822387695, 0.20488619804382324, 0.20325371623039246, 0.19033466279506683]]
[[0.20055527985095978, 0.2002125382423401, 0.19969488680362701, 0.19984476268291473, 0.1996925324201584]]
[[0.19805166125297546, 0.2011922299861908, 0.1969623863697052, 0.1975448876619339, 0.20624883472919464]]
hyposthese:
2 pieces , ~5-10 % fascia/vascular elements , rep delineated
reference:
2 pieces , ~10 % fibrovascular elements , rep. delineated
