[[0.18901604413986206, 0.22865399718284607, 0.2404722273349762, 0.1630767285823822, 0.17878109216690063]]
[[0.18204332888126373, 0.22694618999958038, 0.2596973478794098, 0.15791432559490204, 0.17339880764484406]]
[[0.20954620838165283, 0.1779394894838333, 0.16596278548240662, 0.23026898503303528, 0.21628256142139435]]
[[0.2195405811071396, 0.16748686134815216, 0.1420617252588272, 0.24265947937965393, 0.2282513678073883]]
[[0.20049138367176056, 0.20129276812076569, 0.20320086181163788, 0.19653208553791046, 0.19848290085792542]]
[[0.19837848842144012, 0.2038758248090744, 0.20258837938308716, 0.19749951362609863, 0.19765770435333252]]
[[0.187494158744812, 0.21756181120872498, 0.23517422378063202, 0.17671410739421844, 0.18305571377277374]]
[[0.21205005049705505, 0.17563554644584656, 0.1625460833311081, 0.22894282639026642, 0.2208254635334015]]
[[0.20141497254371643, 0.1980137974023819, 0.1968308836221695, 0.2019670307636261, 0.20177330076694489]]
[[0.1988038718700409, 0.20498548448085785, 0.20541803538799286, 0.1941058486700058, 0.19668671488761902]]
hyposthese:
2 pieces , <unk> & <unk> ; minimal adipose
reference:
<unk> % muscle , 15 % adipose centrally <unk> .
