[[0.1955622285604477, 0.18622390925884247, 0.2278343141078949, 0.18924261629581451, 0.20113687217235565]]
[[0.1890200525522232, 0.16966697573661804, 0.2592756450176239, 0.18512101471424103, 0.1969163566827774]]
[[0.20989857614040375, 0.2265310287475586, 0.14926733076572418, 0.2133898138999939, 0.2009132355451584]]
[[0.21693404018878937, 0.23765595257282257, 0.11814484000205994, 0.21983575820922852, 0.20742934942245483]]
[[0.19692885875701904, 0.1937709003686905, 0.21349908411502838, 0.19752956926822662, 0.19827155768871307]]
[[0.1989503651857376, 0.1989605575799942, 0.20434461534023285, 0.19887621700763702, 0.1988682746887207]]
[[0.19755209982395172, 0.19280827045440674, 0.21343837678432465, 0.19700133800506592, 0.199199840426445]]
[[0.19844111800193787, 0.1968013197183609, 0.20801152288913727, 0.1977483630180359, 0.1989976167678833]]
[[0.20371529459953308, 0.2048596739768982, 0.18508687615394592, 0.2031744122505188, 0.203163743019104]]
[[0.19914039969444275, 0.19893497228622437, 0.20278318226337433, 0.1993069350719452, 0.19983451068401337]]
[[0.1986238956451416, 0.19830885529518127, 0.20609477162361145, 0.19819596409797668, 0.19877657294273376]]
hyposthese:
2 pieces , ~10 % interstitial fat , rep delineated
reference:
2 pieces ; < 10 % internal fat
