[[0.21854844689369202, 0.20165863633155823, 0.1919146031141281, 0.19480302929878235, 0.1930752843618393]]
[[0.21363884210586548, 0.20142966508865356, 0.1948334276676178, 0.1900651752948761, 0.20003286004066467]]
[[0.18303149938583374, 0.19823408126831055, 0.20751619338989258, 0.20626813173294067, 0.20495007932186127]]
[[0.17033758759498596, 0.19330455362796783, 0.21304166316986084, 0.2136135846376419, 0.20970264077186584]]
[[0.2078559696674347, 0.2021161913871765, 0.19596530497074127, 0.19798268377780914, 0.1960797905921936]]
[[0.21286112070083618, 0.20180948078632355, 0.19333791732788086, 0.19738483428955078, 0.1946066915988922]]
hyposthese:
2 pieces , no abnormalities
reference:
2 pieces
