[[0.23980996012687683, 0.19949865341186523, 0.19343018531799316, 0.14617684483528137, 0.2210843563079834]]
[[0.2355126440525055, 0.21460285782814026, 0.2049553543329239, 0.12831726670265198, 0.21661187708377838]]
[[0.17195647954940796, 0.19383013248443604, 0.20503221452236176, 0.24629491567611694, 0.18288621306419373]]
[[0.1373928040266037, 0.18702152371406555, 0.20327883958816528, 0.31625309586524963, 0.15605378150939941]]
[[0.20272071659564972, 0.20283274352550507, 0.20185720920562744, 0.1889028698205948, 0.2036864310503006]]
[[0.20937079191207886, 0.2069910168647766, 0.20402923226356506, 0.17731216549873352, 0.20229686796665192]]
[[0.20397374033927917, 0.2017335146665573, 0.20111340284347534, 0.19131550192832947, 0.20186389982700348]]
[[0.2045174539089203, 0.20160631835460663, 0.20062169432640076, 0.19179674983024597, 0.20145776867866516]]
[[0.19825591146945953, 0.1997726559638977, 0.2001553326845169, 0.20144020020961761, 0.2003759741783142]]
[[0.19225828349590302, 0.19700081646442413, 0.20034527778625488, 0.2102922797203064, 0.20010331273078918]]
[[0.201326385140419, 0.20086945593357086, 0.20034602284431458, 0.1970643699169159, 0.20039373636245728]]
[[0.20365558564662933, 0.2015020102262497, 0.20113298296928406, 0.19504737854003906, 0.19866202771663666]]
[[0.20209044218063354, 0.20060405135154724, 0.2004886269569397, 0.19542282819747925, 0.20139406621456146]]
hyposthese:
6 pieces , squamous mucosa is <unk> microns , <unk> % thickness
reference:
6 pieces ; partially sloughed epithelium
