[[0.18430057168006897, 0.18606559932231903, 0.2365182489156723, 0.17782415449619293, 0.21529148519039154]]
[[0.17048680782318115, 0.1725040227174759, 0.30149170756340027, 0.15873301029205322, 0.19678443670272827]]
[[0.22368547320365906, 0.21647092700004578, 0.13932016491889954, 0.2306196242570877, 0.18990375101566315]]
[[0.24503299593925476, 0.22740499675273895, 0.08451619744300842, 0.2670956254005432, 0.17595013976097107]]
[[0.19468040764331818, 0.19881625473499298, 0.20976915955543518, 0.19431054592132568, 0.20242363214492798]]
[[0.1901649832725525, 0.1985943466424942, 0.22274881601333618, 0.18501140177249908, 0.20348043739795685]]
[[0.1959822028875351, 0.19872547686100006, 0.21130667626857758, 0.19302955269813538, 0.20095610618591309]]
[[0.19158679246902466, 0.19469808042049408, 0.22269970178604126, 0.18848921358585358, 0.2025262713432312]]
[[0.19532369077205658, 0.19683030247688293, 0.2141864001750946, 0.19347074627876282, 0.20018886029720306]]
[[0.2138105034828186, 0.20957133173942566, 0.15812084078788757, 0.21782952547073364, 0.20066776871681213]]
[[0.19793938100337982, 0.199048712849617, 0.2047162801027298, 0.19758892059326172, 0.20070673525333405]]
[[0.19699251651763916, 0.19799283146858215, 0.20671673119068146, 0.19617588818073273, 0.2021220326423645]]
[[0.19961541891098022, 0.19929243624210358, 0.20161770284175873, 0.19970469176769257, 0.19976972043514252]]
[[0.20093047618865967, 0.20062805712223053, 0.1966940462589264, 0.20099368691444397, 0.20075368881225586]]
[[0.20381011068820953, 0.20289091765880585, 0.18682464957237244, 0.2040242701768875, 0.2024499922990799]]
[[0.19775591790676117, 0.19855782389640808, 0.20566321909427643, 0.1973617523908615, 0.20066124200820923]]
[[0.19630075991153717, 0.19687038660049438, 0.21146097779273987, 0.19590754806995392, 0.19946032762527466]]
hyposthese:
6 pieces , squamous mucosa up to ~0.4mm , submucosal mucus glands present , rep delineated
reference:
6 pieces <unk> . squamous mucosa , well preserved , is ~20 % of thickness . presumed switch with <unk> below .
