[[0.18432454764842987, 0.1923990100622177, 0.19438830018043518, 0.22191403806209564, 0.2069740891456604]]
[[0.17259621620178223, 0.17752742767333984, 0.18118464946746826, 0.2534610331058502, 0.21523067355155945]]
[[0.22508762776851654, 0.2198013812303543, 0.2156684398651123, 0.15768517553806305, 0.1817573606967926]]
[[0.23794402182102203, 0.23218154907226562, 0.22940142452716827, 0.12598709762096405, 0.17448584735393524]]
[[0.19422419369220734, 0.19458916783332825, 0.19501662254333496, 0.21082879602909088, 0.20534129440784454]]
[[0.19884160161018372, 0.1985827535390854, 0.19850081205368042, 0.20300805568695068, 0.2010667473077774]]
[[0.19396144151687622, 0.19517646729946136, 0.19608423113822937, 0.2112625688314438, 0.20351532101631165]]
[[0.19650864601135254, 0.19726546108722687, 0.1976919323205948, 0.20658491551876068, 0.2019490748643875]]
[[0.20420794188976288, 0.20423945784568787, 0.20435558259487152, 0.18853461742401123, 0.1986624300479889]]
[[0.19898031651973724, 0.19918565452098846, 0.19918310642242432, 0.2017599642276764, 0.20089095830917358]]
[[0.19735439121723175, 0.19758552312850952, 0.19774992763996124, 0.2066277116537094, 0.20068247616291046]]
hyposthese:
2 pieces , ~10 % interstitial fat , rep delineated
reference:
2 pieces , 10-20 % interstitial fat , rep foci delineated
