[[0.20249955356121063, 0.185927152633667, 0.20079219341278076, 0.21789629757404327, 0.19288477301597595]]
[[0.2252122312784195, 0.19195184111595154, 0.18618816137313843, 0.21510478854179382, 0.1815430074930191]]
[[0.19353440403938293, 0.20838965475559235, 0.2019941210746765, 0.19019363820552826, 0.20588818192481995]]
[[0.17213495075702667, 0.21684066951274872, 0.21289288997650146, 0.1774277538061142, 0.22070373594760895]]
[[0.20261214673519135, 0.1984044313430786, 0.19893400371074677, 0.20097723603248596, 0.1990721970796585]]
[[0.203919917345047, 0.19722995162010193, 0.19842204451560974, 0.2027399092912674, 0.19768813252449036]]
[[0.19910572469234467, 0.20105460286140442, 0.2000102698802948, 0.1980569064617157, 0.20177246630191803]]
[[0.19985267519950867, 0.19999900460243225, 0.20015622675418854, 0.2001943588256836, 0.19979776442050934]]
[[0.2019323855638504, 0.1988508105278015, 0.19880414009094238, 0.20103776454925537, 0.19937489926815033]]
hyposthese:
6 pieces , all muscularis , good specimens
reference:
6 pieces , confirmed target muscularis
