[[0.19104835391044617, 0.1977303922176361, 0.1858776956796646, 0.19151246547698975, 0.23383109271526337]]
[[0.1833391785621643, 0.20784272253513336, 0.17955978214740753, 0.1992005854845047, 0.2300577312707901]]
[[0.20988169312477112, 0.19977909326553345, 0.21184155344963074, 0.2033330649137497, 0.17516455054283142]]
[[0.22425100207328796, 0.18759088218212128, 0.2313363403081894, 0.20810920000076294, 0.14871260523796082]]
[[0.19698566198349, 0.20122477412223816, 0.19778142869472504, 0.19792737066745758, 0.20608076453208923]]
[[0.19515135884284973, 0.20099055767059326, 0.19652006030082703, 0.19738999009132385, 0.20994797348976135]]
[[0.19843211770057678, 0.1998308300971985, 0.19845443964004517, 0.1996781975030899, 0.2036043405532837]]
[[0.20813781023025513, 0.19828073680400848, 0.20667405426502228, 0.20324896275997162, 0.18365849554538727]]
[[0.19955919682979584, 0.200236976146698, 0.19970203936100006, 0.20009450614452362, 0.20040732622146606]]
[[0.19703997671604156, 0.20073425769805908, 0.19842363893985748, 0.19797389209270477, 0.2058282345533371]]
[[0.20037153363227844, 0.19970610737800598, 0.19979773461818695, 0.1986953765153885, 0.20142920315265656]]
hyposthese:
2 pieces , no adherent fat , good clean specimens
reference:
2 pieces , no significant atherosis or adherent fat
