[[0.19131894409656525, 0.20609958469867706, 0.2014452964067459, 0.19315315783023834, 0.20798301696777344]]
[[0.19834986329078674, 0.2097088247537613, 0.209373340010643, 0.18616828322410583, 0.1963997185230255]]
[[0.2046390026807785, 0.19705578684806824, 0.19684460759162903, 0.20438078045845032, 0.19707976281642914]]
[[0.21565361320972443, 0.18853162229061127, 0.19011227786540985, 0.21267202496528625, 0.1930304914712906]]
[[0.19780763983726501, 0.19833645224571228, 0.20332878828048706, 0.19989454746246338, 0.20063258707523346]]
[[0.1995566487312317, 0.20044730603694916, 0.19943225383758545, 0.20017394423484802, 0.20038984715938568]]
[[0.20014967024326324, 0.20059514045715332, 0.2005283236503601, 0.19965481758117676, 0.19907206296920776]]
[[0.19821859896183014, 0.19925063848495483, 0.2013930380344391, 0.19992977380752563, 0.20120789110660553]]
[[0.19995012879371643, 0.20067556202411652, 0.20111916959285736, 0.19884513318538666, 0.19940996170043945]]
[[0.1982729434967041, 0.20050573348999023, 0.20158398151397705, 0.19910427927970886, 0.20053301751613617]]
[[0.2009979635477066, 0.19988830387592316, 0.19969719648361206, 0.1998046487569809, 0.19961191713809967]]
[[0.20101191103458405, 0.19914117455482483, 0.19957275688648224, 0.20049086213111877, 0.1997833400964737]]
[[0.1992018073797226, 0.1986996978521347, 0.19980017840862274, 0.2012302428483963, 0.2010679990053177]]
[[0.19938641786575317, 0.20075857639312744, 0.2007984220981598, 0.1985045075416565, 0.2005520612001419]]
[[0.2001868337392807, 0.20087556540966034, 0.1995525062084198, 0.19923964142799377, 0.20014546811580658]]
[[0.20133955776691437, 0.1993328183889389, 0.1996171474456787, 0.20030884444713593, 0.19940169155597687]]
hyposthese:
2 pieces , one piece is ~20 % fibrous tissue , no ductal elements noted
reference:
2 pieces ; fibrofatty tissue , no ducts
