[[0.22096885740756989, 0.15757928788661957, 0.2349136918783188, 0.16807876527309418, 0.21845947206020355]]
[[0.20896604657173157, 0.1565772444009781, 0.2929183840751648, 0.16065578162670135, 0.18088258802890778]]
[[0.18885695934295654, 0.23155157268047333, 0.15178628265857697, 0.22907990217208862, 0.19872531294822693]]
[[0.1679856777191162, 0.27492982149124146, 0.10505306720733643, 0.2599257230758667, 0.1921057105064392]]
[[0.2002847045660019, 0.19716985523700714, 0.20529983937740326, 0.1982891708612442, 0.1989564448595047]]
[[0.19963997602462769, 0.19640947878360748, 0.2060343325138092, 0.1985480934381485, 0.19936811923980713]]
[[0.20736806094646454, 0.17780326306819916, 0.22644001245498657, 0.18458417057991028, 0.20380449295043945]]
[[0.19099260866641998, 0.22585463523864746, 0.15926247835159302, 0.22413639724254608, 0.19975386559963226]]
[[0.20008037984371185, 0.2008451372385025, 0.19926348328590393, 0.20075204968452454, 0.19905893504619598]]
[[0.20249933004379272, 0.19232645630836487, 0.20818598568439484, 0.19515715539455414, 0.20183101296424866]]
[[0.20513541996479034, 0.19108060002326965, 0.2073831707239151, 0.19382508099079132, 0.2025756686925888]]
hyposthese:
2 pieces , <unk> & <unk> ; good clean specimens
reference:
4 pieces ; up to 50 % fatty <unk>
