[[0.23097796738147736, 0.20893914997577667, 0.22973787784576416, 0.15145668387413025, 0.17888829112052917]]
[[0.23215341567993164, 0.21557976305484772, 0.24977950751781464, 0.1406940072774887, 0.1617932915687561]]
[[0.1709030419588089, 0.18854069709777832, 0.16457979381084442, 0.2453184723854065, 0.23065799474716187]]
[[0.1373036652803421, 0.16810110211372375, 0.1225367859005928, 0.3116351366043091, 0.2604232728481293]]
[[0.20669709146022797, 0.20249991118907928, 0.20819717645645142, 0.18977555632591248, 0.19283029437065125]]
[[0.21471045911312103, 0.20449452102184296, 0.21521015465259552, 0.17809347808361053, 0.18749143183231354]]
[[0.20985008776187897, 0.20423753559589386, 0.2100411057472229, 0.18369153141975403, 0.19217970967292786]]
hyposthese:
2 pieces , glandular hyperplastic pattern
reference:
2 pieces , 12x10 and <unk> ; mild hyperplasia
