[[0.1755582094192505, 0.18638068437576294, 0.20301803946495056, 0.23874247074127197, 0.19630059599876404]]
[[0.19564078748226166, 0.19810815155506134, 0.19458258152008057, 0.20766252279281616, 0.20400595664978027]]
[[0.2084474265575409, 0.20686626434326172, 0.19692488014698029, 0.1857888251543045, 0.2019725739955902]]
[[0.22460442781448364, 0.21451546251773834, 0.20039460062980652, 0.16417600214481354, 0.19630955159664154]]
[[0.20054763555526733, 0.1978650540113449, 0.20142890512943268, 0.2009539008140564, 0.19920453429222107]]
[[0.19882769882678986, 0.19903622567653656, 0.200150266289711, 0.20175103843212128, 0.2002347707748413]]
[[0.1970582902431488, 0.19740089774131775, 0.20040643215179443, 0.20362241566181183, 0.2015119343996048]]
[[0.19877035915851593, 0.1994141936302185, 0.1995895951986313, 0.20178283751010895, 0.2004430741071701]]
[[0.2047836184501648, 0.2040671706199646, 0.19844405353069305, 0.1924133151769638, 0.20029184222221375]]
[[0.19954679906368256, 0.19969867169857025, 0.20009253919124603, 0.20055493712425232, 0.20010703802108765]]
[[0.1971302479505539, 0.19819721579551697, 0.19940224289894104, 0.20544345676898956, 0.19982688128948212]]
hyposthese:
2 pieces , ~10 % fascia/vascular elements , rep delineated
reference:
2 pieces ; 10 % fibrovascular content
