[[0.19205234944820404, 0.202956423163414, 0.19179166853427887, 0.21780744194984436, 0.19539207220077515]]
[[0.17873409390449524, 0.1990547478199005, 0.18859797716140747, 0.27560412883758545, 0.15800906717777252]]
[[0.20764537155628204, 0.19796288013458252, 0.20551221072673798, 0.17924390733242035, 0.20963554084300995]]
[[0.22047993540763855, 0.1974536031484604, 0.21475337445735931, 0.13443809747695923, 0.23287495970726013]]
[[0.1986112892627716, 0.20143507421016693, 0.19929948449134827, 0.20309129357337952, 0.19756287336349487]]
[[0.19819995760917664, 0.20107941329479218, 0.19812874495983124, 0.20489642024040222, 0.1976955085992813]]
[[0.19921834766864777, 0.20006410777568817, 0.1991835981607437, 0.2029137760400772, 0.19862021505832672]]
[[0.20474374294281006, 0.19975657761096954, 0.20336607098579407, 0.18160714209079742, 0.21052652597427368]]
[[0.19892631471157074, 0.20060299336910248, 0.19899635016918182, 0.2023603469133377, 0.19911400973796844]]
[[0.20026135444641113, 0.20167264342308044, 0.19882088899612427, 0.2010975033044815, 0.19814759492874146]]
[[0.20003317296504974, 0.19976386427879333, 0.19979102909564972, 0.20065045356750488, 0.1997614949941635]]
[[0.19931422173976898, 0.20047464966773987, 0.20052586495876312, 0.2015884816646576, 0.19809678196907043]]
[[0.19943705201148987, 0.19915363192558289, 0.19986562430858612, 0.20203639566898346, 0.19950731098651886]]
hyposthese:
6 pieces , minimal dermal fat ; squamous epithelium is ~50 microns
reference:
6 pieces up to <unk> ; squamous epithelium is is ~1 % of thickness
