[[0.19099490344524384, 0.14969666302204132, 0.24304644763469696, 0.16784067451953888, 0.2484213262796402]]
[[0.19338689744472504, 0.15662167966365814, 0.21626707911491394, 0.17419257760047913, 0.259531706571579]]
[[0.20464394986629486, 0.2400989532470703, 0.17658182978630066, 0.22281013429164886, 0.15586510300636292]]
[[0.20466721057891846, 0.2819405496120453, 0.15448468923568726, 0.2467132955789566, 0.1121942400932312]]
[[0.19856035709381104, 0.18759986758232117, 0.204376220703125, 0.19241492450237274, 0.21704860031604767]]
[[0.19812430441379547, 0.19070760905742645, 0.20211559534072876, 0.19459258019924164, 0.2144598662853241]]
[[0.1978423297405243, 0.18364208936691284, 0.2081306278705597, 0.18951179087162018, 0.220873162150383]]
[[0.19960370659828186, 0.19453060626983643, 0.201885387301445, 0.19696760177612305, 0.20701269805431366]]
hyposthese:
2 pieces , typical post menopausal atrophy
reference:
2 pieces ; atrophic ; corpora albicantia
