[[0.19640015065670013, 0.19376897811889648, 0.1945299208164215, 0.18916402757167816, 0.2261369526386261]]
[[0.18894822895526886, 0.18247416615486145, 0.19264155626296997, 0.1842128336429596, 0.2517232298851013]]
[[0.20022734999656677, 0.2131982296705246, 0.2117861658334732, 0.21799345314502716, 0.15679483115673065]]
[[0.19976040720939636, 0.22516357898712158, 0.2155061662197113, 0.22978931665420532, 0.1297806203365326]]
[[0.20083235204219818, 0.19393017888069153, 0.19225943088531494, 0.19082848727703094, 0.2221495807170868]]
[[0.20171867311000824, 0.19531051814556122, 0.19499915838241577, 0.190419539809227, 0.21755217015743256]]
hyposthese:
2 pieces ; some nodularity
reference:
2 pieces
