[[0.22922547161579132, 0.16446532309055328, 0.20023077726364136, 0.16090983152389526, 0.24516861140727997]]
[[0.23428122699260712, 0.16942988336086273, 0.1931055635213852, 0.17814843356609344, 0.22503487765789032]]
[[0.17519134283065796, 0.22358912229537964, 0.20267070829868317, 0.2236119657754898, 0.17493686079978943]]
[[0.14909327030181885, 0.2551821768283844, 0.20855247974395752, 0.24083329737186432, 0.14633876085281372]]
[[0.20707589387893677, 0.19422520697116852, 0.19894324243068695, 0.1956610232591629, 0.20409461855888367]]
[[0.2116931825876236, 0.1890699714422226, 0.19915300607681274, 0.18934795260429382, 0.21073581278324127]]
[[0.20467843115329742, 0.19661244750022888, 0.19923922419548035, 0.19637542963027954, 0.20309452712535858]]
[[0.18284790217876434, 0.21522343158721924, 0.2003905177116394, 0.21579492092132568, 0.1857433021068573]]
[[0.2003421187400818, 0.19884882867336273, 0.20098046958446503, 0.1990521401166916, 0.20077642798423767]]
[[0.20573017001152039, 0.1963246464729309, 0.1989450752735138, 0.19507496058940887, 0.2039252072572708]]
hyposthese:
2 pieces , no adherent fat , good specimens
reference:
2 pieces ; medial calcific sclerosis , mild atherosclerosis
