[[0.23432591557502747, 0.16535870730876923, 0.25580671429634094, 0.1758008897304535, 0.16870777308940887]]
[[0.2749509811401367, 0.13727882504463196, 0.302336722612381, 0.1470259428024292, 0.13840757310390472]]
[[0.17440971732139587, 0.22447986900806427, 0.1565386950969696, 0.22016431391239166, 0.22440744936466217]]
[[0.08992663770914078, 0.28985002636909485, 0.06997621804475784, 0.2604498565196991, 0.28979724645614624]]
[[0.21040073037147522, 0.19344252347946167, 0.20822475850582123, 0.1945812702178955, 0.19335079193115234]]
[[0.2101612091064453, 0.19223672151565552, 0.2071884274482727, 0.19659757614135742, 0.19381606578826904]]
[[0.21640542149543762, 0.1861259639263153, 0.2196865975856781, 0.19062435626983643, 0.18715767562389374]]
[[0.2092549055814743, 0.19138090312480927, 0.21154992282390594, 0.1952570378780365, 0.19255729019641876]]
[[0.17801091074943542, 0.2195500135421753, 0.16871774196624756, 0.2149379849433899, 0.21878336369991302]]
[[0.2024013251066208, 0.1983838826417923, 0.20266209542751312, 0.19861100614070892, 0.19794166088104248]]
[[0.20070095360279083, 0.1997440755367279, 0.2001132220029831, 0.19975319504737854, 0.19968853890895844]]
[[0.2034088671207428, 0.19333088397979736, 0.2097867727279663, 0.19853290915489197, 0.19494058191776276]]
hyposthese:
6 pieces , mucosa up to ~1mm , <unk> % thickness
reference:
6 pieces , well preserved . mucosa is ~15-20 % thickness
