[[0.23040248453617096, 0.1657124161720276, 0.21740680932998657, 0.16959193348884583, 0.2168862670660019]]
[[0.2180502563714981, 0.1695251166820526, 0.2176545113325119, 0.15943384170532227, 0.2353363186120987]]
[[0.18767429888248444, 0.21258415281772614, 0.19071216881275177, 0.21435773372650146, 0.19467167556285858]]
[[0.16242600977420807, 0.25380492210388184, 0.1695338487625122, 0.2579226493835449, 0.15631259977817535]]
[[0.20258741080760956, 0.19746644794940948, 0.20215445756912231, 0.19725312292575836, 0.20053865015506744]]
[[0.2059781402349472, 0.19364134967327118, 0.20355993509292603, 0.19319050014019012, 0.20363004505634308]]
[[0.1977076530456543, 0.2024623602628708, 0.1987723857164383, 0.20265065133571625, 0.19840694963932037]]
[[0.1993793249130249, 0.1998736560344696, 0.20068976283073425, 0.20006044209003448, 0.19999682903289795]]
[[0.20350444316864014, 0.19739040732383728, 0.2002779096364975, 0.1972620040178299, 0.201565220952034]]
hyposthese:
6 pieces , all muscularis , good specimens
reference:
6 pieces ; well dissected muscle
