[[0.2064884901046753, 0.22422800958156586, 0.18458440899848938, 0.14327894151210785, 0.2414201945066452]]
[[0.1829802542924881, 0.26677200198173523, 0.1739761233329773, 0.14538654685020447, 0.23088502883911133]]
[[0.2030150294303894, 0.16610081493854523, 0.21871379017829895, 0.24389685690402985, 0.16827355325222015]]
[[0.20922896265983582, 0.11686312407255173, 0.23222434520721436, 0.3281420171260834, 0.11354158818721771]]
[[0.19766436517238617, 0.2045889049768448, 0.19726194441318512, 0.19407595694065094, 0.2064088135957718]]
[[0.1978488564491272, 0.20866955816745758, 0.19925539195537567, 0.1843009889125824, 0.20992515981197357]]
[[0.19914846122264862, 0.20185352861881256, 0.19863969087600708, 0.19427567720413208, 0.20608265697956085]]
[[0.19775550067424774, 0.2088267207145691, 0.19633601605892181, 0.18620169162750244, 0.2108801156282425]]
[[0.1992650181055069, 0.20254315435886383, 0.19709140062332153, 0.19353452324867249, 0.20756585896015167]]
[[0.20359881222248077, 0.1809459924697876, 0.20964236557483673, 0.22427089512348175, 0.18154191970825195]]
[[0.19993826746940613, 0.20204691588878632, 0.19918502867221832, 0.19661907851696014, 0.20221073925495148]]
[[0.19941852986812592, 0.2022538185119629, 0.19945475459098816, 0.198025643825531, 0.20084719359874725]]
[[0.19930709898471832, 0.20414581894874573, 0.19950367510318756, 0.19454753398895264, 0.20249585807323456]]
hyposthese:
6 pieces , squamous mucosa up to ~0.4mm , <unk> % thickness
reference:
6 pieces <unk> . squamous mucosa is ~10-15 % of thickness
