[[0.23477056622505188, 0.20351512730121613, 0.22922109067440033, 0.16382870078086853, 0.1686645746231079]]
[[0.2976551651954651, 0.18867379426956177, 0.2585035562515259, 0.12475448101758957, 0.1304129660129547]]
[[0.15860089659690857, 0.2048334777355194, 0.1736750602722168, 0.23410093784332275, 0.22878962755203247]]
[[0.10392965376377106, 0.19681069254875183, 0.1278064101934433, 0.2912646532058716, 0.2801886200904846]]
[[0.21312351524829865, 0.199354350566864, 0.2056567370891571, 0.1909905970096588, 0.19087481498718262]]
[[0.2173321545124054, 0.1981608122587204, 0.2046842873096466, 0.19003760814666748, 0.18978512287139893]]
[[0.17605169117450714, 0.20600543916225433, 0.18979358673095703, 0.21416857838630676, 0.21398065984249115]]
[[0.20828260481357574, 0.19959694147109985, 0.20439700782299042, 0.19377747178077698, 0.1939459592103958]]
[[0.1909431666135788, 0.20389960706233978, 0.19479189813137054, 0.20534753799438477, 0.2050178050994873]]
[[0.21636511385440826, 0.19877590239048004, 0.20537389814853668, 0.18952788412570953, 0.1899571716785431]]
[[0.20730960369110107, 0.19908708333969116, 0.20253023505210876, 0.19540219008922577, 0.19567088782787323]]
hyposthese:
6 pieces ; well trimmed ; 10 % dermal fat
reference:
6 pieces ; well trimmed ; fragmented dermis ; 3 have 20 % dermal fat ; 3 have 10 % dermal fat
