[[0.20486368238925934, 0.22447530925273895, 0.2204822152853012, 0.1736968457698822, 0.17648200690746307]]
[[0.2078808695077896, 0.2353275716304779, 0.25782451033592224, 0.14394646883010864, 0.1550205945968628]]
[[0.20131665468215942, 0.1904756873846054, 0.18542687594890594, 0.2092142254114151, 0.21356655657291412]]
[[0.19573764503002167, 0.16042481362819672, 0.1446400135755539, 0.2511307895183563, 0.2480667233467102]]
[[0.20009201765060425, 0.1998368203639984, 0.19986304640769958, 0.198898583650589, 0.20130948722362518]]
[[0.20153488218784332, 0.20754973590373993, 0.20850536227226257, 0.19006161391735077, 0.19234836101531982]]
[[0.19897420704364777, 0.20855359733104706, 0.20789609849452972, 0.1911611258983612, 0.19341495633125305]]
[[0.19346648454666138, 0.1787494421005249, 0.172165185213089, 0.2322579175233841, 0.22336100041866302]]
[[0.20015591382980347, 0.20014232397079468, 0.19997136294841766, 0.1998620182275772, 0.1998683661222458]]
[[0.198359414935112, 0.20164845883846283, 0.20138175785541534, 0.19859175384044647, 0.20001855492591858]]
[[0.19984318315982819, 0.20033760368824005, 0.19973395764827728, 0.19980616867542267, 0.2002791464328766]]
[[0.19966307282447815, 0.2017432302236557, 0.20112092792987823, 0.19838346540927887, 0.19908931851387024]]
[[0.19988973438739777, 0.20104488730430603, 0.20160597562789917, 0.19846111536026, 0.19899828732013702]]
[[0.20030561089515686, 0.2015497386455536, 0.20135794579982758, 0.19769813120365143, 0.19908864796161652]]
hyposthese:
6 pieces , up to <unk> ; squamous epithelium is ~1 % thickness
reference:
6 pieces up to 7x3 mm ; up to 1.5 mm subcutaneous adipose in 3 pieces
