[[0.198258638381958, 0.19375573098659515, 0.20375880599021912, 0.17560197412967682, 0.22862491011619568]]
[[0.17029081284999847, 0.18767672777175903, 0.1776823252439499, 0.16493700444698334, 0.2994130849838257]]
[[0.22015181183815002, 0.20432119071483612, 0.19931945204734802, 0.22512534260749817, 0.15108224749565125]]
[[0.23324042558670044, 0.20955462753772736, 0.20694372057914734, 0.2518289387226105, 0.09843228757381439]]
[[0.19585154950618744, 0.19789978861808777, 0.19908224046230316, 0.19197356700897217, 0.21519280970096588]]
[[0.19626623392105103, 0.19854190945625305, 0.19857002794742584, 0.18874505162239075, 0.21787673234939575]]
[[0.2064945250749588, 0.20347964763641357, 0.20444227755069733, 0.20747201144695282, 0.17811158299446106]]
[[0.19802837073802948, 0.1999678611755371, 0.19981171190738678, 0.1946716606616974, 0.20752039551734924]]
[[0.20195132493972778, 0.20189015567302704, 0.20120184123516083, 0.20190925896167755, 0.1930474191904068]]
[[0.19676131010055542, 0.1981722116470337, 0.19855964183807373, 0.19255763292312622, 0.21394917368888855]]
[[0.19801603257656097, 0.19949142634868622, 0.19921338558197021, 0.1960972100496292, 0.20718185603618622]]
hyposthese:
2 pieces ; well trimmed ; 10 % internal fat
reference:
2 pieces ; 1 piece has small partial rim of fat
