[[0.185926154255867, 0.20770901441574097, 0.1753661036491394, 0.23360900580883026, 0.19738978147506714]]
[[0.1752285361289978, 0.19333218038082123, 0.1705513298511505, 0.2643719017505646, 0.19651605188846588]]
[[0.21945586800575256, 0.19565646350383759, 0.2221076935529709, 0.16256725788116455, 0.2002127319574356]]
[[0.23596404492855072, 0.1981503665447235, 0.24983283877372742, 0.11818257719278336, 0.1978701651096344]]
[[0.19595152139663696, 0.1994260996580124, 0.19250553846359253, 0.21120209991931915, 0.20091478526592255]]
[[0.1957063525915146, 0.20074661076068878, 0.18966573476791382, 0.21277961134910583, 0.20110169053077698]]
[[0.20381344854831696, 0.20199407637119293, 0.20496489107608795, 0.1873944103717804, 0.20183315873146057]]
[[0.1972029060125351, 0.19978734850883484, 0.19452881813049316, 0.20701996982097626, 0.20146095752716064]]
[[0.2012578696012497, 0.20012080669403076, 0.20134517550468445, 0.19686077535152435, 0.20041538774967194]]
[[0.19582121074199677, 0.1987699419260025, 0.19231157004833221, 0.2121170461177826, 0.20098024606704712]]
[[0.19793815910816193, 0.19899016618728638, 0.19660155475139618, 0.20584900677204132, 0.200621098279953]]
hyposthese:
2 pieces ; well trimmed ; 10 % internal fat
reference:
2 pieces ; attached and internal fat up to 25 %
