[[0.20264604687690735, 0.1941368281841278, 0.19112351536750793, 0.20479647815227509, 0.2072971612215042]]
[[0.2237038016319275, 0.13421687483787537, 0.14590290188789368, 0.23010340332984924, 0.26607298851013184]]
[[0.19172368943691254, 0.22333194315433502, 0.2187463939189911, 0.1880323886871338, 0.1781655251979828]]
[[0.1665695756673813, 0.28636491298675537, 0.2714363634586334, 0.14953729510307312, 0.126091867685318]]
[[0.2022458165884018, 0.19453787803649902, 0.19452233612537384, 0.20289742946624756, 0.20579653978347778]]
[[0.20957495272159576, 0.17494235932826996, 0.17984870076179504, 0.21398845314979553, 0.22164560854434967]]
[[0.20854973793029785, 0.18366971611976624, 0.18592581152915955, 0.20798584818840027, 0.2138688713312149]]
[[0.1775057017803192, 0.24609437584877014, 0.23767486214637756, 0.17517252266407013, 0.16355255246162415]]
[[0.20094504952430725, 0.1994098424911499, 0.19952811300754547, 0.20083951950073242, 0.19927749037742615]]
[[0.20481155812740326, 0.18262933194637299, 0.1843940168619156, 0.21179161965847015, 0.2163734883069992]]
[[0.19907060265541077, 0.20196694135665894, 0.20058274269104004, 0.1998087465763092, 0.19857095181941986]]
hyposthese:
6 pieces , up to 8x3mm ; well trimmed .
reference:
6 pieces , atherosis up to ~0.4mm <unk>
