[[0.271675169467926, 0.1349818855524063, 0.2691080570220947, 0.207798570394516, 0.11643631011247635]]
[[0.2563878297805786, 0.14399853348731995, 0.27288272976875305, 0.19612058997154236, 0.13061031699180603]]
[[0.15331628918647766, 0.2475443035364151, 0.14809581637382507, 0.19663646817207336, 0.2544071674346924]]
[[0.11936314404010773, 0.27994197607040405, 0.10311677306890488, 0.20232011377811432, 0.2952579855918884]]
[[0.20740152895450592, 0.19227275252342224, 0.21111226081848145, 0.19832205772399902, 0.19089139997959137]]
[[0.19224996864795685, 0.2086527794599533, 0.18717162311077118, 0.20283497869968414, 0.2090906947851181]]
[[0.21064861118793488, 0.18840378522872925, 0.21415668725967407, 0.20177336037158966, 0.18501751124858856]]
hyposthese:
1 piece ; adenohypophysis and neurohypophysis
reference:
2 pieces , adenohypophysis and neurohypophysis
