[[0.25047793984413147, 0.19785630702972412, 0.2009359896183014, 0.1840989589691162, 0.166630819439888]]
[[0.296205073595047, 0.1628120243549347, 0.21285106241703033, 0.172780379652977, 0.1553514450788498]]
[[0.1440667361021042, 0.21664412319660187, 0.19540779292583466, 0.2149091511964798, 0.22897222638130188]]
[[0.0965239629149437, 0.2288711667060852, 0.1864512413740158, 0.2288418561220169, 0.2593117952346802]]
[[0.21564249694347382, 0.19543449580669403, 0.20005406439304352, 0.19663192331790924, 0.1922370046377182]]
[[0.21868719160556793, 0.1948968470096588, 0.20240193605422974, 0.19462850689888, 0.18938559293746948]]
[[0.1750708371400833, 0.20537380874156952, 0.20559243857860565, 0.20713327825069427, 0.20682957768440247]]
[[0.20792458951473236, 0.19733650982379913, 0.2013007402420044, 0.19840112328529358, 0.19503700733184814]]
[[0.19088639318943024, 0.2026480883359909, 0.200992614030838, 0.20270848274230957, 0.2027643918991089]]
[[0.21367955207824707, 0.19615322351455688, 0.20008933544158936, 0.19692380726337433, 0.19315406680107117]]
[[0.20744936168193817, 0.19796833395957947, 0.2003885954618454, 0.19830794632434845, 0.1958857625722885]]
hyposthese:
2 pieces ; well trimmed ; 10 % internal fat
reference:
2 pieces : 30 % external fat on 1
