[[0.19178122282028198, 0.1941770613193512, 0.21138888597488403, 0.20315682888031006, 0.1994960755109787]]
[[0.1878400593996048, 0.20183095335960388, 0.2116224318742752, 0.20339582860469818, 0.19531074166297913]]
[[0.21406583487987518, 0.19915686547756195, 0.18692165613174438, 0.19451124966144562, 0.20534443855285645]]
[[0.22453433275222778, 0.19968236982822418, 0.17433705925941467, 0.18935680389404297, 0.2120894342660904]]
[[0.18951907753944397, 0.20184342563152313, 0.2095935344696045, 0.20297375321388245, 0.19607022404670715]]
[[0.18816569447517395, 0.2015092372894287, 0.2111882120370865, 0.20323637127876282, 0.19590047001838684]]
hyposthese:
4 pieces , no abnormalities
reference:
4 pieces ; small fragment of meninges ( outlined )
