[[0.18260416388511658, 0.17532944679260254, 0.19501857459545135, 0.22938691079616547, 0.21766093373298645]]
[[0.20972293615341187, 0.15878251194953918, 0.18848559260368347, 0.21251271665096283, 0.23049622774124146]]
[[0.20580968260765076, 0.21693164110183716, 0.20056778192520142, 0.19209840893745422, 0.18459245562553406]]
[[0.20631131529808044, 0.2553153932094574, 0.20492419600486755, 0.16702565550804138, 0.16642343997955322]]
[[0.19855941832065582, 0.19942423701286316, 0.20180298388004303, 0.19845615327358246, 0.20175720751285553]]
[[0.19825468957424164, 0.19465431571006775, 0.2004525363445282, 0.20171672105789185, 0.20492179691791534]]
[[0.20044158399105072, 0.20134401321411133, 0.2012137919664383, 0.19895698130130768, 0.19804362952709198]]
[[0.1993863731622696, 0.2001388520002365, 0.20069321990013123, 0.19972561299800873, 0.20005592703819275]]
[[0.2004600167274475, 0.19761528074741364, 0.199209064245224, 0.20048047602176666, 0.2022351622581482]]
hyposthese:
6 pieces , all muscularis , good specimens
reference:
6 pieces , confirmed target muscularis
