[[0.21975372731685638, 0.21781279146671295, 0.2111726552248001, 0.17883504927158356, 0.1724257916212082]]
[[0.20004937052726746, 0.19811582565307617, 0.22716781497001648, 0.18804728984832764, 0.18661978840827942]]
[[0.19131937623023987, 0.1912117302417755, 0.18920202553272247, 0.21201185882091522, 0.2162550985813141]]
[[0.1792244017124176, 0.18355435132980347, 0.16706964373588562, 0.2363377958536148, 0.23381389677524567]]
[[0.20222501456737518, 0.20514731109142303, 0.1998201310634613, 0.19704626500606537, 0.1957612782716751]]
[[0.20205006003379822, 0.2044227570295334, 0.1992080807685852, 0.19743187725543976, 0.19688721001148224]]
[[0.20119833946228027, 0.2027188390493393, 0.19945871829986572, 0.19887974858283997, 0.19774429500102997]]
[[0.20054301619529724, 0.20051999390125275, 0.19430863857269287, 0.20133791863918304, 0.20329046249389648]]
[[0.20148982107639313, 0.2029843032360077, 0.19927047193050385, 0.1985720843076706, 0.19768331944942474]]
[[0.2000056654214859, 0.20064543187618256, 0.1992989331483841, 0.20017099380493164, 0.1998790204524994]]
hyposthese:
6 pieces ; mucosa largely autolyzed ; muscle intact
reference:
6 pieces ; mucosa autolyzed ; muscularis preserved
