[[0.26822352409362793, 0.1363121122121811, 0.1822085976600647, 0.152274489402771, 0.2609812617301941]]
[[0.2671326994895935, 0.13202695548534393, 0.16238774359226227, 0.14158634841442108, 0.2968662679195404]]
[[0.1697068214416504, 0.22618308663368225, 0.222076877951622, 0.2239520400762558, 0.15808114409446716]]
[[0.08772647380828857, 0.309558629989624, 0.24077913165092468, 0.2885189950466156, 0.07341673225164413]]
[[0.20581217110157013, 0.19379769265651703, 0.1961158812046051, 0.19461777806282043, 0.20965653657913208]]
[[0.22229580581188202, 0.1706209033727646, 0.194044828414917, 0.17568542063236237, 0.23735311627388]]
[[0.2178409993648529, 0.17623092234134674, 0.19740678369998932, 0.18358753621578217, 0.2249337136745453]]
[[0.1441163867712021, 0.26248830556869507, 0.22311605513095856, 0.25193682312965393, 0.11834243685007095]]
[[0.1990809142589569, 0.2010965198278427, 0.2003283053636551, 0.19991451501846313, 0.19957968592643738]]
[[0.203312948346138, 0.1945396214723587, 0.19819942116737366, 0.19630596041679382, 0.207642063498497]]
[[0.2093942016363144, 0.18733979761600494, 0.19751913845539093, 0.18935464322566986, 0.21639224886894226]]
hyposthese:
6 pieces , up to <unk> ; mucosa moderately autolyzed
reference:
6 pieces , up to 8x2mm ; ~60 % muscle , delineated
