[[0.2150120884180069, 0.16534310579299927, 0.18406173586845398, 0.21624955534934998, 0.21933352947235107]]
[[0.20348121225833893, 0.1557515412569046, 0.17164675891399384, 0.24390809237957, 0.22521238029003143]]
[[0.1915823072195053, 0.2193102240562439, 0.21436156332492828, 0.1850384771823883, 0.1897074431180954]]
[[0.17553682625293732, 0.2715796232223511, 0.23479042947292328, 0.15728923678398132, 0.1608039289712906]]
[[0.20089860260486603, 0.19624225795269012, 0.19842873513698578, 0.20189586281776428, 0.2025344967842102]]
[[0.20076881349086761, 0.18581199645996094, 0.19570858776569366, 0.20845668017864227, 0.2092539370059967]]
[[0.20489446818828583, 0.18721789121627808, 0.19425158202648163, 0.20615039765834808, 0.2074856460094452]]
[[0.18631865084171295, 0.24808014929294586, 0.23067648708820343, 0.16567809879779816, 0.16924668848514557]]
[[0.20084673166275024, 0.19855035841464996, 0.19924777746200562, 0.20021459460258484, 0.20114053785800934]]
[[0.20145118236541748, 0.19576703011989594, 0.1957104653120041, 0.20330645143985748, 0.20376482605934143]]
[[0.19997777044773102, 0.20468072593212128, 0.20428983867168427, 0.19527138769626617, 0.19578024744987488]]
[[0.2005181610584259, 0.1992708444595337, 0.19973810017108917, 0.200021892786026, 0.20045106112957]]
[[0.20178033411502838, 0.1955881267786026, 0.19433914124965668, 0.20450454950332642, 0.20378786325454712]]
hyposthese:
6 pieces , up to 8x4mm ; all muscularis , good specimens
reference:
6 pieces up to 8x3 mm ; good clean muscular specimens
