[[0.21746592223644257, 0.17970944941043854, 0.18936511874198914, 0.23500245809555054, 0.17845705151557922]]
[[0.1902587115764618, 0.16371671855449677, 0.17882581055164337, 0.2994585633277893, 0.16774018108844757]]
[[0.19813014566898346, 0.21782992780208588, 0.21231094002723694, 0.14684425294399261, 0.22488468885421753]]
[[0.189240962266922, 0.24115705490112305, 0.220697820186615, 0.10420630872249603, 0.24469777941703796]]
[[0.2001839578151703, 0.19519923627376556, 0.19834931194782257, 0.2104455679655075, 0.19582189619541168]]
[[0.2025308907032013, 0.18995651602745056, 0.19554734230041504, 0.22082547843456268, 0.19113978743553162]]
[[0.2016896903514862, 0.19231873750686646, 0.1984814703464508, 0.21327678859233856, 0.19423335790634155]]
hyposthese:
2 pieces , glandular hyperplastic pattern
reference:
2 pieces , glandular elements with advanced autolysis
