[[0.17159266769886017, 0.21013204753398895, 0.2039993703365326, 0.20243297517299652, 0.2118428647518158]]
[[0.16318897902965546, 0.23898184299468994, 0.17587389051914215, 0.20303048193454742, 0.21892477571964264]]
[[0.22313261032104492, 0.18033403158187866, 0.20547334849834442, 0.19781415164470673, 0.19324587285518646]]
[[0.25354334712028503, 0.16895252466201782, 0.20706620812416077, 0.18965406715869904, 0.18078383803367615]]
[[0.19699491560459137, 0.2059551626443863, 0.19561909139156342, 0.20300081372261047, 0.19843009114265442]]
[[0.2096850872039795, 0.19512449204921722, 0.20090220868587494, 0.20097923278808594, 0.19330905377864838]]
[[0.19649752974510193, 0.20499074459075928, 0.19711145758628845, 0.20194827020168304, 0.19945202767848969]]
[[0.21384170651435852, 0.1937558501958847, 0.20067931711673737, 0.1998227834701538, 0.19190040230751038]]
[[0.19768354296684265, 0.2035316824913025, 0.1978214979171753, 0.201042041182518, 0.19992122054100037]]
[[0.19638051092624664, 0.20410822331905365, 0.1976432055234909, 0.20131000876426697, 0.20055799186229706]]
hyposthese:
2 pieces ; emphysema , fibrosis , pigmented macrophages
reference:
2 pieces ; <unk> , emphysema , fibrosis , <unk>
