[[0.1773746907711029, 0.23459994792938232, 0.21276222169399261, 0.18186599016189575, 0.1933971494436264]]
[[0.17866629362106323, 0.2692550718784332, 0.18817777931690216, 0.1728614866733551, 0.19103938341140747]]
[[0.21036656200885773, 0.1767536699771881, 0.1973525732755661, 0.20868177711963654, 0.20684541761875153]]
[[0.22228363156318665, 0.13815785944461823, 0.18843628466129303, 0.2461351603269577, 0.20498709380626678]]
[[0.19881528615951538, 0.20512832701206207, 0.20400279760360718, 0.19634345173835754, 0.1957101821899414]]
[[0.19578903913497925, 0.22137142717838287, 0.2016589194536209, 0.18713434040546417, 0.1940462589263916]]
[[0.1952505260705948, 0.21805955469608307, 0.20414970815181732, 0.18865656852722168, 0.19388367235660553]]
[[0.216521218419075, 0.1561054289340973, 0.19634148478507996, 0.2257077693939209, 0.20532409846782684]]
[[0.2009548395872116, 0.19861912727355957, 0.200825497508049, 0.20001819729804993, 0.19958238303661346]]
[[0.19710694253444672, 0.2077597677707672, 0.20098207890987396, 0.19692718982696533, 0.1972239762544632]]
[[0.20064808428287506, 0.19512967765331268, 0.2006479799747467, 0.20236264169216156, 0.20121154189109802]]
[[0.2002674788236618, 0.20012877881526947, 0.20089340209960938, 0.19920217990875244, 0.19950808584690094]]
[[0.19647307693958282, 0.2077426016330719, 0.19920596480369568, 0.19855594635009766, 0.19802245497703552]]
hyposthese:
6 pieces , up to 9x4mm ; all muscularis , good specimens
reference:
6 pieces ~7x3mm , all muscularis
