[[0.22522993385791779, 0.22203688323497772, 0.18375596404075623, 0.18086785078048706, 0.1881093680858612]]
[[0.2818923890590668, 0.2865605652332306, 0.1474066972732544, 0.14117471873760223, 0.142965629696846]]
[[0.1686088591814041, 0.1682397872209549, 0.22125661373138428, 0.2213248908519745, 0.22056984901428223]]
[[0.11681513488292694, 0.11589060723781586, 0.253585547208786, 0.2599169611930847, 0.2537917494773865]]
[[0.20892749726772308, 0.20778098702430725, 0.19427625834941864, 0.19457153975963593, 0.19444377720355988]]
[[0.2097788006067276, 0.20814332365989685, 0.19391627609729767, 0.19398942589759827, 0.19417214393615723]]
[[0.18474042415618896, 0.1857934594154358, 0.21013067662715912, 0.2096710056066513, 0.2096644639968872]]
[[0.20578338205814362, 0.20545117557048798, 0.19621746242046356, 0.1963113397359848, 0.19623665511608124]]
[[0.19487179815769196, 0.1946348398923874, 0.20338723063468933, 0.20360898971557617, 0.20349714159965515]]
[[0.20905058085918427, 0.20868654549121857, 0.194623202085495, 0.1937432885169983, 0.19389641284942627]]
[[0.2043100893497467, 0.20354847609996796, 0.19752661883831024, 0.197267085313797, 0.19734777510166168]]
hyposthese:
6 pieces ; well trimmed ; 10 % dermal fat
reference:
6 pieces ; well trimmed
