[[0.20014294981956482, 0.21579724550247192, 0.1805773228406906, 0.18200898170471191, 0.22147350013256073]]
[[0.1558767855167389, 0.2321871817111969, 0.16149555146694183, 0.17508696019649506, 0.2753535211086273]]
[[0.22162097692489624, 0.17544341087341309, 0.22786355018615723, 0.2215123325586319, 0.15355975925922394]]
[[0.23802818357944489, 0.16058479249477386, 0.2574460506439209, 0.2333391308784485, 0.11060184240341187]]
[[0.1931622326374054, 0.20659862458705902, 0.19229504466056824, 0.194703608751297, 0.21324051916599274]]
[[0.18866080045700073, 0.21141880750656128, 0.18579614162445068, 0.1921507865190506, 0.2219734638929367]]
[[0.19588959217071533, 0.20499227941036224, 0.1935078203678131, 0.1965656876564026, 0.20904462039470673]]
[[0.19626878201961517, 0.20269392430782318, 0.19522537291049957, 0.19699136912822723, 0.20882061123847961]]
[[0.20215681195259094, 0.19960063695907593, 0.201600581407547, 0.2023920863866806, 0.19424986839294434]]
[[0.19870483875274658, 0.20132814347743988, 0.19770020246505737, 0.19874511659145355, 0.2035217136144638]]
[[0.19983921945095062, 0.20003348588943481, 0.19909340143203735, 0.20016992092132568, 0.2008640021085739]]
[[0.19843070209026337, 0.20080360770225525, 0.19739152491092682, 0.1988474577665329, 0.20452669262886047]]
hyposthese:
6 pieces , squamous mucosa is <unk> , <unk> % thickness
reference:
6 pieces
