[[0.14229212701320648, 0.17886477708816528, 0.19742682576179504, 0.2383715659379959, 0.24304470419883728]]
[[0.14696626365184784, 0.17274536192417145, 0.1724204272031784, 0.2467879056930542, 0.2610800564289093]]
[[0.24318036437034607, 0.2178560048341751, 0.21398505568504333, 0.1673329472541809, 0.1576455682516098]]
[[0.27171868085861206, 0.2222938984632492, 0.2205744981765747, 0.15080024302005768, 0.13461272418498993]]
[[0.20252834260463715, 0.20560194551944733, 0.2015082836151123, 0.19598735868930817, 0.19437409937381744]]
[[0.19875793159008026, 0.19975295662879944, 0.20098665356636047, 0.19832292199134827, 0.20217952132225037]]
[[0.1708969622850418, 0.1879548877477646, 0.1936635971069336, 0.21911920607089996, 0.22836539149284363]]
[[0.2242584079504013, 0.21222741901874542, 0.20766890048980713, 0.18190091848373413, 0.173944354057312]]
[[0.20334748923778534, 0.20177988708019257, 0.20209559798240662, 0.19763512909412384, 0.19514191150665283]]
[[0.19160757958889008, 0.19798500835895538, 0.19951128959655762, 0.20446240901947021, 0.20643368363380432]]
[[0.19712966680526733, 0.1992558389902115, 0.1994478851556778, 0.20171688497066498, 0.2024497091770172]]
hyposthese:
2 pieces , <unk> & <unk> ; no significant steatosis
reference:
2 pieces ~8x7mm . minimal steatosis
