[[0.12738166749477386, 0.29149580001831055, 0.16193784773349762, 0.13697578012943268, 0.28220894932746887]]
[[0.13096091151237488, 0.2770167291164398, 0.1601531207561493, 0.13360238075256348, 0.29826685786247253]]
[[0.24919037520885468, 0.14058917760849, 0.22814464569091797, 0.24125102162361145, 0.1408248245716095]]
[[0.29839375615119934, 0.09320728480815887, 0.2407667487859726, 0.2779017686843872, 0.08973042666912079]]
[[0.19359365105628967, 0.20914970338344574, 0.1965716928243637, 0.19604481756687164, 0.20464015007019043]]
[[0.20255765318870544, 0.19618593156337738, 0.20456750690937042, 0.20356357097625732, 0.19312532246112823]]
hyposthese:
2 pieces ; moderate congestion
reference:
2 pieces ; thick fibrous <unk>
