[[0.19630910456180573, 0.19706346094608307, 0.20454922318458557, 0.20256268978118896, 0.1995154768228531]]
[[0.16613271832466125, 0.1761566698551178, 0.207957923412323, 0.272467702627182, 0.17728501558303833]]
[[0.21448487043380737, 0.20881523191928864, 0.19526569545269012, 0.17574277520179749, 0.20569147169589996]]
[[0.23387588560581207, 0.22351516783237457, 0.18709269165992737, 0.13889338076114655, 0.21662293374538422]]
[[0.19734233617782593, 0.19775909185409546, 0.200668066740036, 0.20618534088134766, 0.19804508984088898]]
[[0.1860789954662323, 0.19024674594402313, 0.2049475908279419, 0.22711081802845, 0.19161587953567505]]
[[0.19267362356185913, 0.19459687173366547, 0.20258553326129913, 0.2140994668006897, 0.19604453444480896]]
[[0.2231423705816269, 0.214431494474411, 0.19146382808685303, 0.15909677743911743, 0.21186554431915283]]
[[0.1998610496520996, 0.2001447230577469, 0.20051242411136627, 0.19932575523853302, 0.20015603303909302]]
[[0.19242921471595764, 0.19378957152366638, 0.2015620619058609, 0.21759609878063202, 0.19462303817272186]]
[[0.2021281123161316, 0.20076806843280792, 0.1998792439699173, 0.19697600603103638, 0.200248584151268]]
hyposthese:
6 pieces , up to 8x3mm ; well trimmed .
reference:
6 <unk> pieces
