[[0.09776188433170319, 0.27924758195877075, 0.28662753105163574, 0.22554264962673187, 0.11082034558057785]]
[[0.11243899911642075, 0.24912665784358978, 0.29693084955215454, 0.22308140993118286, 0.11842206120491028]]
[[0.24056336283683777, 0.16922549903392792, 0.1491561233997345, 0.2023993581533432, 0.23865558207035065]]
[[0.3719727098941803, 0.09231169521808624, 0.06659646332263947, 0.12060785293579102, 0.3485111892223358]]
[[0.1900542676448822, 0.2042062133550644, 0.20652976632118225, 0.20900335907936096, 0.19020633399486542]]
[[0.1868308186531067, 0.20572984218597412, 0.20955510437488556, 0.2081669420003891, 0.18971732258796692]]
[[0.17945794761180878, 0.2091355174779892, 0.22408275306224823, 0.20573590695858002, 0.18158788979053497]]
[[0.18803969025611877, 0.203212171792984, 0.21530850231647491, 0.2032308727502823, 0.19020873308181763]]
[[0.22775325179100037, 0.1818230301141739, 0.15969477593898773, 0.204336017370224, 0.226392924785614]]
[[0.19625939428806305, 0.20171494781970978, 0.2044253647327423, 0.20107930898666382, 0.19652092456817627]]
[[0.19985133409500122, 0.20107319951057434, 0.1990395188331604, 0.2002197951078415, 0.19981618225574493]]
[[0.19054405391216278, 0.2022060751914978, 0.2109694927930832, 0.2018354833126068, 0.1944449543952942]]
hyposthese:
6 pieces , mucosa up to ~1mm , <unk> % thickness
reference:
6 pieces , well dissected
