[[0.15445682406425476, 0.1776227355003357, 0.22011734545230865, 0.22994555532932281, 0.2178574949502945]]
[[0.14719060063362122, 0.1687704175710678, 0.2315923124551773, 0.23394085466861725, 0.21850591897964478]]
[[0.23012398183345795, 0.21474167704582214, 0.1801839917898178, 0.18184049427509308, 0.19310981035232544]]
[[0.27733534574508667, 0.23797373473644257, 0.15758156776428223, 0.14681260287761688, 0.18029671907424927]]
[[0.1970706433057785, 0.19690784811973572, 0.20372800529003143, 0.20211853086948395, 0.20017501711845398]]
[[0.19040344655513763, 0.19350242614746094, 0.2059829980134964, 0.20808753371238708, 0.20202364027500153]]
[[0.20472905039787292, 0.20368357002735138, 0.19648796319961548, 0.1917293667793274, 0.20337004959583282]]
[[0.20012162625789642, 0.20012636482715607, 0.1998603492975235, 0.19969598948955536, 0.20019567012786865]]
[[0.19717717170715332, 0.1976657211780548, 0.20131853222846985, 0.2053188681602478, 0.19851969182491302]]
hyposthese:
6 pieces , all muscularis , good specimens
reference:
6 pieces
