[[0.18806864321231842, 0.19518058001995087, 0.21618269383907318, 0.21054989099502563, 0.1900181919336319]]
[[0.17244963347911835, 0.14928779006004333, 0.32658281922340393, 0.20506598055362701, 0.14661377668380737]]
[[0.20923472940921783, 0.21689102053642273, 0.158890500664711, 0.1959141194820404, 0.21906960010528564]]
[[0.2200694978237152, 0.2451886236667633, 0.10162889957427979, 0.18331384658813477, 0.24979917705059052]]
[[0.19811232388019562, 0.1951155662536621, 0.2108342945575714, 0.20139306783676147, 0.1945447325706482]]
[[0.19688042998313904, 0.1954527646303177, 0.2115531712770462, 0.2011793851852417, 0.1949341893196106]]
[[0.20583656430244446, 0.2068314105272293, 0.18112416565418243, 0.1987764537334442, 0.20743146538734436]]
[[0.19909948110580444, 0.19688943028450012, 0.2066849172115326, 0.20055782794952393, 0.19676834344863892]]
[[0.202341690659523, 0.20237185060977936, 0.19098052382469177, 0.201973557472229, 0.20233239233493805]]
[[0.19854237139225006, 0.1946064829826355, 0.20943476259708405, 0.2037111222743988, 0.19370527565479279]]
[[0.1998368352651596, 0.19753512740135193, 0.2049155831336975, 0.20051570236682892, 0.19719670712947845]]
hyposthese:
6 pieces ; well trimmed ; 10 % dermal fat
reference:
6 pieces , minimal adherent dermal fat , squamous epithelium is ~70 microns
