[[0.17710930109024048, 0.17884892225265503, 0.23555250465869904, 0.16736115515232086, 0.24112817645072937]]
[[0.20145469903945923, 0.18504126369953156, 0.19918978214263916, 0.17070822417736053, 0.24360603094100952]]
[[0.20818394422531128, 0.2122054249048233, 0.19644233584403992, 0.22396770119667053, 0.1592005044221878]]
[[0.213857039809227, 0.22298288345336914, 0.1863851100206375, 0.23799878358840942, 0.13877613842487335]]
[[0.20137712359428406, 0.19540105760097504, 0.19591444730758667, 0.1930142194032669, 0.21429312229156494]]
[[0.19857165217399597, 0.1960214078426361, 0.20170004665851593, 0.19339360296726227, 0.21031324565410614]]
[[0.19416028261184692, 0.19245238602161407, 0.2104252427816391, 0.18904933333396912, 0.21391281485557556]]
[[0.19849124550819397, 0.19742242991924286, 0.20292580127716064, 0.19616618752479553, 0.2049943208694458]]
hyposthese:
2 pieces , typical post menopausal atrophy
reference:
2 pieces
