[[0.18202130496501923, 0.2175450176000595, 0.20943772792816162, 0.18307244777679443, 0.2079235017299652]]
[[0.1909002810716629, 0.2089688926935196, 0.19762951135635376, 0.19161544740200043, 0.2108859121799469]]
[[0.2182626873254776, 0.18424265086650848, 0.19923225045204163, 0.2117341309785843, 0.1865282654762268]]
[[0.22460180521011353, 0.17095117270946503, 0.20159243047237396, 0.22059258818626404, 0.18226203322410583]]
[[0.1926191747188568, 0.20342257618904114, 0.19963029026985168, 0.1946822851896286, 0.20964571833610535]]
[[0.1899258941411972, 0.20776531100273132, 0.19792203605175018, 0.19394922256469727, 0.2104375958442688]]
hyposthese:
4 pieces , no abnormalities
reference:
4 pieces
