[[0.19844436645507812, 0.1895846277475357, 0.2099752426147461, 0.1910940706729889, 0.21090173721313477]]
[[0.19170288741588593, 0.18572869896888733, 0.2099447101354599, 0.20481467247009277, 0.20780904591083527]]
[[0.20495370030403137, 0.21282538771629333, 0.19143521785736084, 0.20558778941631317, 0.1851978600025177]]
[[0.2092726230621338, 0.22415900230407715, 0.18272393941879272, 0.2074163556098938, 0.17642812430858612]]
[[0.19643300771713257, 0.19486036896705627, 0.20246177911758423, 0.19593961536884308, 0.21030525863170624]]
[[0.19820527732372284, 0.19206984341144562, 0.20522776246070862, 0.19373548030853271, 0.2107616811990738]]
hyposthese:
2 pieces , no abnormalities
reference:
2 pieces , <unk> adenomatoid nodule , ~2mm , delineated
