[[0.17131373286247253, 0.2422424852848053, 0.19114097952842712, 0.1713828444480896, 0.22391994297504425]]
[[0.1499892920255661, 0.262161523103714, 0.17242348194122314, 0.1278012990951538, 0.28762441873550415]]
[[0.22249774634838104, 0.17389793694019318, 0.20753125846385956, 0.22422857582569122, 0.1718445122241974]]
[[0.25486135482788086, 0.11748156696557999, 0.22508570551872253, 0.2837594747543335, 0.11881186813116074]]
[[0.19680455327033997, 0.2055826336145401, 0.19835804402828217, 0.1940239667892456, 0.20523078739643097]]
[[0.19492362439632416, 0.2078504115343094, 0.19760262966156006, 0.19378609955310822, 0.20583727955818176]]
[[0.2098878175020218, 0.18718786537647247, 0.20545236766338348, 0.20950116217136383, 0.18797075748443604]]
[[0.198518306016922, 0.20493003726005554, 0.1977168768644333, 0.19533947110176086, 0.20349521934986115]]
[[0.20316362380981445, 0.19509471952915192, 0.20378683507442474, 0.2034241259098053, 0.1945306360721588]]
[[0.19568973779678345, 0.20851503312587738, 0.1982441544532776, 0.19173561036586761, 0.20581552386283875]]
[[0.1988840401172638, 0.20310749113559723, 0.19932463765144348, 0.19589126110076904, 0.20279258489608765]]
hyposthese:
6 pieces ; well trimmed ; 10 % dermal fat
reference:
6 pieces , 2 with ~20 % attached fat
