[[0.2240253984928131, 0.20160676538944244, 0.20151185989379883, 0.18681363761425018, 0.18604236841201782]]
[[0.26526740193367004, 0.23607343435287476, 0.16322354972362518, 0.1603771299123764, 0.175058513879776]]
[[0.1780259609222412, 0.1892886608839035, 0.20810461044311523, 0.21188661456108093, 0.21269415318965912]]
[[0.13072562217712402, 0.16887405514717102, 0.22568146884441376, 0.24110352993011475, 0.23361532390117645]]
[[0.20326168835163116, 0.20320887863636017, 0.19823101162910461, 0.1977221518754959, 0.1975763589143753]]
[[0.2033187448978424, 0.20419172942638397, 0.19775131344795227, 0.19765540957450867, 0.19708283245563507]]
[[0.20410317182540894, 0.2014884352684021, 0.19871670007705688, 0.19796328246593475, 0.1977284550666809]]
[[0.20590399205684662, 0.20155200362205505, 0.1988874226808548, 0.19706787168979645, 0.1965886950492859]]
[[0.20139922201633453, 0.19969584047794342, 0.19987155497074127, 0.19960731267929077, 0.1994260996580124]]
[[0.18599234521389008, 0.19768089056015015, 0.20472921431064606, 0.20577676594257355, 0.2058207392692566]]
[[0.20168913900852203, 0.20133757591247559, 0.1994400918483734, 0.19882109761238098, 0.19871211051940918]]
[[0.20544224977493286, 0.20284944772720337, 0.1983051896095276, 0.19688914716243744, 0.19651398062705994]]
[[0.2034863829612732, 0.20185841619968414, 0.19901306927204132, 0.19807061553001404, 0.1975715309381485]]
hyposthese:
6 pieces , squamous epithelium is ~50 microns , minimal dermal fat
reference:
6 pieces , includes up to 50 % predominantly attached adipose tissue , <unk> identified , <unk> <unk>
