[[0.1562020480632782, 0.2341589629650116, 0.19780392944812775, 0.22414518892765045, 0.1876898854970932]]
[[0.1693015843629837, 0.2225923240184784, 0.20317164063453674, 0.21881289780139923, 0.18612152338027954]]
[[0.23125702142715454, 0.176213800907135, 0.20726418495178223, 0.17707136273384094, 0.2081936150789261]]
[[0.26370713114738464, 0.15147802233695984, 0.19958561658859253, 0.16165344417095184, 0.22357575595378876]]
[[0.19134393334388733, 0.20689019560813904, 0.19619542360305786, 0.2057255655527115, 0.19984492659568787]]
[[0.18761904537677765, 0.21219918131828308, 0.1968325525522232, 0.20825695991516113, 0.19509221613407135]]
hyposthese:
2 pieces , no abnormalities
reference:
2 pieces ~12x7mm
