[[0.16832146048545837, 0.1688189059495926, 0.17099794745445251, 0.25955334305763245, 0.23230834305286407]]
[[0.16455078125, 0.16340932250022888, 0.1662156879901886, 0.2737729251384735, 0.23205126821994781]]
[[0.2247604876756668, 0.22104837000370026, 0.2220216989517212, 0.1533561795949936, 0.17881324887275696]]
[[0.24667124450206757, 0.23885615170001984, 0.23883181810379028, 0.11775067448616028, 0.15789003670215607]]
[[0.19852571189403534, 0.19793307781219482, 0.19802901148796082, 0.20304206013679504, 0.20247019827365875]]
[[0.1973257213830948, 0.19684599339962006, 0.19780127704143524, 0.20337030291557312, 0.2046566754579544]]
[[0.18253792822360992, 0.18241821229457855, 0.18331539630889893, 0.24145613610744476, 0.21027234196662903]]
[[0.2300197333097458, 0.22238057851791382, 0.2247372269630432, 0.14660073816776276, 0.176261767745018]]
[[0.20320692658424377, 0.20151129364967346, 0.20267502963542938, 0.1926119327545166, 0.19999472796916962]]
[[0.19738316535949707, 0.1972263753414154, 0.19726945459842682, 0.20798781514167786, 0.20013320446014404]]
hyposthese:
2 pieces , <unk> & <unk> ; patchy emphysema
reference:
mild congestion
