[[0.18292027711868286, 0.20902130007743835, 0.17921730875968933, 0.2325465977191925, 0.19629451632499695]]
[[0.18763509392738342, 0.20422089099884033, 0.19010749459266663, 0.22570541501045227, 0.19233109056949615]]
[[0.21453382074832916, 0.1913566142320633, 0.21497303247451782, 0.1703551709651947, 0.2087813764810562]]
[[0.2209075391292572, 0.19047947227954865, 0.22102507948875427, 0.1558629870414734, 0.2117249071598053]]
[[0.19148308038711548, 0.20289403200149536, 0.19231870770454407, 0.2199847549200058, 0.1933194249868393]]
[[0.18995022773742676, 0.20360112190246582, 0.19106760621070862, 0.22344109416007996, 0.19193994998931885]]
hyposthese:
4 pieces , no abnormalities
reference:
reasonably well-preserved
