[[0.2588866949081421, 0.11024483293294907, 0.08956959843635559, 0.279829740524292, 0.26146915555000305]]
[[0.26798784732818604, 0.12251176685094833, 0.10939088463783264, 0.2354382872581482, 0.2646711766719818]]
[[0.1759444773197174, 0.2411823719739914, 0.24255478382110596, 0.16892948746681213, 0.17138881981372833]]
[[0.08922139555215836, 0.3335462212562561, 0.38771742582321167, 0.09659810364246368, 0.09291690587997437]]
[[0.20483160018920898, 0.19068804383277893, 0.1891811043024063, 0.21084053814411163, 0.20445877313613892]]
[[0.20589037239551544, 0.1901741325855255, 0.18869905173778534, 0.20998850464820862, 0.20524796843528748]]
[[0.21422778069972992, 0.18292684853076935, 0.18076078593730927, 0.21083444356918335, 0.2112501710653305]]
[[0.20569978654384613, 0.19195087254047394, 0.18893346190452576, 0.20990900695323944, 0.20350685715675354]]
[[0.18096716701984406, 0.22427572309970856, 0.2239917516708374, 0.18411943316459656, 0.18664593994617462]]
[[0.20179778337478638, 0.19747264683246613, 0.19612400233745575, 0.20307159423828125, 0.2015339881181717]]
[[0.20187968015670776, 0.19833128154277802, 0.19848453998565674, 0.19961388409137726, 0.20169052481651306]]
[[0.2082088440656662, 0.1934778392314911, 0.19112816452980042, 0.2028287649154663, 0.2043563574552536]]
hyposthese:
6 pieces , mucosa up to ~1mm , <unk> % thickness
reference:
6 pieces up to 6x4 mm ; good mucosal <unk> ; full thickness wall
