[[0.1718742698431015, 0.17412379384040833, 0.19848689436912537, 0.24137623608112335, 0.21413882076740265]]
[[0.1879815012216568, 0.18331260979175568, 0.20857106149196625, 0.21057645976543427, 0.2095583826303482]]
[[0.21206171810626984, 0.21744289994239807, 0.1993943750858307, 0.17783865332603455, 0.19326239824295044]]
[[0.2404303401708603, 0.23362721502780914, 0.19576077163219452, 0.1563851684331894, 0.17379653453826904]]
[[0.1966773420572281, 0.19513766467571259, 0.19996008276939392, 0.20376640558242798, 0.20445853471755981]]
[[0.19297721982002258, 0.1922048181295395, 0.19991344213485718, 0.2090878039598465, 0.20581673085689545]]
[[0.20575721561908722, 0.20666168630123138, 0.19930481910705566, 0.19170495867729187, 0.19657133519649506]]
[[0.19974572956562042, 0.19775807857513428, 0.20067422091960907, 0.20138072967529297, 0.20044122636318207]]
[[0.1956941783428192, 0.19582784175872803, 0.19860202074050903, 0.205588698387146, 0.20428726077079773]]
hyposthese:
2 pieces , all myometrium , no <unk>
reference:
2 pieces , all myometrium ; no abnormalities
