[[0.2034616470336914, 0.19755356013774872, 0.1961705982685089, 0.1990404576063156, 0.20377372205257416]]
[[0.20042380690574646, 0.1995578557252884, 0.20182709395885468, 0.19903089106082916, 0.19916033744812012]]
[[0.19835878908634186, 0.20204471051692963, 0.1993088722229004, 0.20092761516571045, 0.1993599832057953]]
[[0.19591869413852692, 0.20147906243801117, 0.1987038552761078, 0.20327308773994446, 0.20062534511089325]]
[[0.20061451196670532, 0.20040136575698853, 0.20120051503181458, 0.19895939528942108, 0.19882424175739288]]
[[0.20063653588294983, 0.19991283118724823, 0.20023126900196075, 0.1992776244878769, 0.1999417096376419]]
[[0.20064394176006317, 0.2000579833984375, 0.2000027447938919, 0.1991998255252838, 0.200095534324646]]
hyposthese:
2 pieces , spermatogenesis is present
reference:
2 pieces spermatogenesis appears <unk>
