[[0.23732148110866547, 0.1555757075548172, 0.16610680520534515, 0.20905624330043793, 0.2319398671388626]]
[[0.2043883204460144, 0.15962259471416473, 0.15636266767978668, 0.2259954810142517, 0.2536309063434601]]
[[0.18387620151042938, 0.23029781877994537, 0.22804445028305054, 0.1855243295431137, 0.17225724458694458]]
[[0.17341656982898712, 0.24571986496448517, 0.24938982725143433, 0.1765991896390915, 0.1548745185136795]]
[[0.1995803415775299, 0.19515617191791534, 0.1945739984512329, 0.20391759276390076, 0.2067718505859375]]
[[0.19934706389904022, 0.19523856043815613, 0.19281814992427826, 0.20573411881923676, 0.20686207711696625]]
[[0.1977863609790802, 0.2033553570508957, 0.20285522937774658, 0.20218785107135773, 0.193815216422081]]
[[0.1991969496011734, 0.20125934481620789, 0.1995081603527069, 0.20104537904262543, 0.1989901214838028]]
[[0.19939886033535004, 0.19980187714099884, 0.19838841259479523, 0.20144511759281158, 0.20096571743488312]]
hyposthese:
1 piece ; mostly anterior ; posterior <unk>
reference:
2 pieces ; larger is anterior , smaller is posterior
