[[0.18809594213962555, 0.2001173347234726, 0.18340861797332764, 0.19740495085716248, 0.23097313940525055]]
[[0.18821346759796143, 0.19753240048885345, 0.19082523882389069, 0.2035757452249527, 0.21985310316085815]]
[[0.21123646199703217, 0.19880566000938416, 0.21257130801677704, 0.19892969727516174, 0.17845690250396729]]
[[0.21549923717975616, 0.20013272762298584, 0.21639804542064667, 0.19986730813980103, 0.1681026667356491]]
[[0.19762155413627625, 0.20049169659614563, 0.19778227806091309, 0.20064795017242432, 0.2034565955400467]]
[[0.19790014624595642, 0.1997728943824768, 0.19786207377910614, 0.20028695464134216, 0.20417797565460205]]
[[0.19227108359336853, 0.19674713909626007, 0.19188320636749268, 0.20248429477214813, 0.2166142612695694]]
[[0.21421721577644348, 0.20086044073104858, 0.21269242465496063, 0.1932814121246338, 0.1789485365152359]]
[[0.200750470161438, 0.1997338831424713, 0.20055848360061646, 0.20029626786708832, 0.19866086542606354]]
[[0.2001567929983139, 0.2000572830438614, 0.1999749094247818, 0.19994793832302094, 0.19986306130886078]]
[[0.19986850023269653, 0.2002958506345749, 0.19962701201438904, 0.20011019706726074, 0.20009848475456238]]
hyposthese:
2 pieces , <unk> & <unk> ; spermatogenesis is present
reference:
2 pieces
