[[0.14634865522384644, 0.2212999314069748, 0.11542405188083649, 0.2449134737253189, 0.2720138430595398]]
[[0.1577100306749344, 0.2124754786491394, 0.11847151815891266, 0.24943222105503082, 0.2619107663631439]]
[[0.23473088443279266, 0.1807076781988144, 0.2626369595527649, 0.16724202036857605, 0.154682457447052]]
[[0.26568204164505005, 0.16806237399578094, 0.3380010724067688, 0.12222898006439209, 0.10602554678916931]]
[[0.19424250721931458, 0.19884829223155975, 0.19107156991958618, 0.2067008912563324, 0.20913667976856232]]
[[0.19370485842227936, 0.198089599609375, 0.18845458328723907, 0.20679828524589539, 0.21295271813869476]]
[[0.17848844826221466, 0.19685256481170654, 0.16617919504642487, 0.2215285301208496, 0.23695124685764313]]
[[0.23669882118701935, 0.19101300835609436, 0.26132017374038696, 0.16505002975463867, 0.14591795206069946]]
[[0.20146465301513672, 0.20171669125556946, 0.20213580131530762, 0.19820436835289001, 0.1964784860610962]]
[[0.19272300601005554, 0.1989487111568451, 0.18547633290290833, 0.2077959179878235, 0.21505600214004517]]
[[0.19525392353534698, 0.2003796100616455, 0.18624360859394073, 0.20657271146774292, 0.21155010163784027]]
hyposthese:
2 pieces , <unk> & <unk> ; good clean specimens
reference:
2 pieces ~4mm d. excellent clean specimens .
