[[0.22410155832767487, 0.1890152096748352, 0.18994897603988647, 0.22352832555770874, 0.17340591549873352]]
[[0.2512562870979309, 0.17494380474090576, 0.16679693758487701, 0.2591836154460907, 0.14781935513019562]]
[[0.16708159446716309, 0.21030528843402863, 0.2182677686214447, 0.16461099684238434, 0.23973441123962402]]
[[0.1281348317861557, 0.22749020159244537, 0.23095975816249847, 0.12641136348247528, 0.28700384497642517]]
[[0.20886380970478058, 0.19641795754432678, 0.19461596012115479, 0.20907491445541382, 0.19102737307548523]]
[[0.21459601819515228, 0.19583572447299957, 0.19247914850711823, 0.21755866706371307, 0.17953050136566162]]
[[0.2078646421432495, 0.19773343205451965, 0.19598543643951416, 0.2085791975259781, 0.18983735144138336]]
[[0.20689988136291504, 0.19660794734954834, 0.19590814411640167, 0.20777925848960876, 0.19280479848384857]]
[[0.1982341706752777, 0.20272381603717804, 0.20240578055381775, 0.19559447467327118, 0.20104168355464935]]
[[0.20206178724765778, 0.19915565848350525, 0.19858312606811523, 0.2031531035900116, 0.19704632461071014]]
[[0.20009277760982513, 0.1999625563621521, 0.19986727833747864, 0.20135582983493805, 0.1987215131521225]]
[[0.20271027088165283, 0.19898256659507751, 0.19844400882720947, 0.20446337759494781, 0.19539976119995117]]
hyposthese:
6 pieces , squamous mucosa is <unk> , <unk> % thickness
reference:
6 pieces
