[[0.2189553827047348, 0.21240681409835815, 0.17969931662082672, 0.18926188349723816, 0.19967655837535858]]
[[0.23330768942832947, 0.21143293380737305, 0.1714213490486145, 0.17312821745872498, 0.21070979535579681]]
[[0.1854843646287918, 0.19431091845035553, 0.21850745379924774, 0.20790281891822815, 0.1937943547964096]]
[[0.16916151344776154, 0.18937616050243378, 0.23794955015182495, 0.218674898147583, 0.18483786284923553]]
[[0.20131458342075348, 0.20082518458366394, 0.19967037439346313, 0.1966623216867447, 0.20152758061885834]]
[[0.19993966817855835, 0.20017153024673462, 0.20023655891418457, 0.19979441165924072, 0.19985787570476532]]
[[0.20113196969032288, 0.199947789311409, 0.19905735552310944, 0.19929753243923187, 0.20056535303592682]]
[[0.2001321166753769, 0.20034031569957733, 0.2000364363193512, 0.19975247979164124, 0.19973865151405334]]
[[0.20062121748924255, 0.20047059655189514, 0.19945719838142395, 0.1989973485469818, 0.20045365393161774]]
[[0.20231680572032928, 0.20053112506866455, 0.19852951169013977, 0.19729076325893402, 0.2013317495584488]]
hyposthese:
2 pieces ; <unk> <unk> <unk> , lymphocytic infiltrate
reference:
2 aliquots , ~7x6mm , diffuse <unk> 's thyroiditis with prominent regressive changes
