[[0.23217949271202087, 0.14989642798900604, 0.14218847453594208, 0.24742114543914795, 0.22831450402736664]]
[[0.2300882786512375, 0.18463760614395142, 0.14752638339996338, 0.22008028626441956, 0.21766749024391174]]
[[0.1774897277355194, 0.2242439240217209, 0.24187473952770233, 0.16891154646873474, 0.18748003244400024]]
[[0.1494920402765274, 0.2374810427427292, 0.29838281869888306, 0.15566863119602203, 0.15897543728351593]]
[[0.20587362349033356, 0.19603373110294342, 0.1905280351638794, 0.20650149881839752, 0.2010631561279297]]
[[0.20837265253067017, 0.19345510005950928, 0.1887262761592865, 0.20610825717449188, 0.20333769917488098]]
[[0.2153097689151764, 0.18072156608104706, 0.17733387649059296, 0.2174461930990219, 0.20918864011764526]]
[[0.1773516684770584, 0.22102133929729462, 0.24198707938194275, 0.17497387528419495, 0.1846660077571869]]
[[0.1965896040201187, 0.20397725701332092, 0.20452092587947845, 0.19805115461349487, 0.19686107337474823]]
[[0.20712167024612427, 0.19030047953128815, 0.1913314014673233, 0.20682717859745026, 0.20441928505897522]]
[[0.2024560421705246, 0.19626232981681824, 0.19724543392658234, 0.20160417258739471, 0.20243202149868011]]
hyposthese:
2 pieces , <unk> & <unk> ; good clean specimens
reference:
2 pieces ; atherosis
