[[0.1688910573720932, 0.16728420555591583, 0.2317853569984436, 0.2287783920764923, 0.20326101779937744]]
[[0.16447457671165466, 0.1591786891222, 0.25508347153663635, 0.23077940940856934, 0.19048389792442322]]
[[0.23090918362140656, 0.23120111227035522, 0.16288702189922333, 0.17250584065914154, 0.20249684154987335]]
[[0.2623341679573059, 0.2654849588871002, 0.11798430234193802, 0.14576038718223572, 0.20843616127967834]]
[[0.19078686833381653, 0.19061022996902466, 0.2123267501592636, 0.210199236869812, 0.196076899766922]]
[[0.18460015952587128, 0.18359442055225372, 0.2222740799188614, 0.21360701322555542, 0.19592437148094177]]
hyposthese:
2 pieces , no abnormalities
reference:
2 pieces , no abnormalities
