[[0.20852862298488617, 0.1820649951696396, 0.22709554433822632, 0.1957636922597885, 0.18654708564281464]]
[[0.20547544956207275, 0.20481251180171967, 0.21320873498916626, 0.18823760747909546, 0.18826569616794586]]
[[0.1945829838514328, 0.20705291628837585, 0.1857711374759674, 0.20558883249759674, 0.20700408518314362]]
[[0.1929919719696045, 0.20054323971271515, 0.1736462563276291, 0.20623356103897095, 0.22658489644527435]]
[[0.1977730244398117, 0.20064762234687805, 0.20323672890663147, 0.20267610251903534, 0.19566649198532104]]
[[0.19841353595256805, 0.20106305181980133, 0.20104220509529114, 0.20057931542396545, 0.19890181720256805]]
[[0.19884322583675385, 0.20112758874893188, 0.2025846242904663, 0.20074252784252167, 0.19670206308364868]]
[[0.19946885108947754, 0.19994302093982697, 0.2008296549320221, 0.20032982528209686, 0.19942860305309296]]
[[0.2003745585680008, 0.20197588205337524, 0.1945442110300064, 0.20088236033916473, 0.20222295820713043]]
[[0.1996346265077591, 0.20024067163467407, 0.2001011222600937, 0.20048116147518158, 0.19954247772693634]]
[[0.20015843212604523, 0.19836735725402832, 0.20190975069999695, 0.19982698559761047, 0.19973750412464142]]
hyposthese:
2 pieces , ~10 % fascia/vascular elements , rep delineated
reference:
2 pieces ; approximately 20 % fibrovascular tissue and nerve present
