[[0.13124506175518036, 0.13655662536621094, 0.20370858907699585, 0.25019919872283936, 0.2782905101776123]]
[[0.1297799050807953, 0.13049206137657166, 0.17071011662483215, 0.25567135214805603, 0.3133465349674225]]
[[0.24838955700397491, 0.24681484699249268, 0.2098177969455719, 0.16000248491764069, 0.1349753737449646]]
[[0.30154934525489807, 0.30013734102249146, 0.21166987717151642, 0.11060277372598648, 0.07604071497917175]]
[[0.19396688044071198, 0.19360284507274628, 0.19800269603729248, 0.20768319070339203, 0.20674443244934082]]
[[0.19368989765644073, 0.19322443008422852, 0.20218738913536072, 0.21019130945205688, 0.20070698857307434]]
[[0.17155978083610535, 0.17136821150779724, 0.19034765660762787, 0.22353221476078033, 0.24319212138652802]]
[[0.23374120891094208, 0.23406755924224854, 0.2156148999929428, 0.1669646054506302, 0.149611696600914]]
[[0.20131908357143402, 0.20125718414783478, 0.20269805192947388, 0.19630075991153717, 0.19842487573623657]]
[[0.19354908168315887, 0.19274583458900452, 0.20186536014080048, 0.20552681386470795, 0.206312894821167]]
[[0.20825032889842987, 0.20847564935684204, 0.20747748017311096, 0.19111843407154083, 0.1846780627965927]]
[[0.19693642854690552, 0.19679418206214905, 0.19832397997379303, 0.20283325016498566, 0.20511215925216675]]
[[0.1974913626909256, 0.19765278697013855, 0.19874925911426544, 0.20370441675186157, 0.20240212976932526]]
[[0.19322945177555084, 0.1925973743200302, 0.19944645464420319, 0.20703960955142975, 0.2076871544122696]]
[[0.19237326085567474, 0.19213390350341797, 0.19994737207889557, 0.20659807324409485, 0.20894742012023926]]
hyposthese:
2 pieces , <unk> & <unk> ; all cortex , <unk> % of specimen
reference:
2 pieces ; 1 with 1 mm fibrofatty capsule
