[[0.19420933723449707, 0.18622572720050812, 0.19013208150863647, 0.20682543516159058, 0.22260738909244537]]
[[0.18681183457374573, 0.17279860377311707, 0.17424333095550537, 0.21391956508159637, 0.25222668051719666]]
[[0.21255631744861603, 0.22090984880924225, 0.21699564158916473, 0.18705816566944122, 0.16248008608818054]]
[[0.21849724650382996, 0.23325781524181366, 0.22836793959140778, 0.18621355295181274, 0.13366341590881348]]
[[0.19742505252361298, 0.19604940712451935, 0.19725100696086884, 0.20213040709495544, 0.20714421570301056]]
[[0.19929105043411255, 0.1996229887008667, 0.19955335557460785, 0.19951686263084412, 0.20201566815376282]]
[[0.1975477933883667, 0.19580765068531036, 0.19731958210468292, 0.20156563818454742, 0.20775939524173737]]
[[0.1990184336900711, 0.1976429671049118, 0.19785428047180176, 0.20105266571044922, 0.20443163812160492]]
[[0.20222897827625275, 0.20227375626564026, 0.20203162729740143, 0.20072951912879944, 0.19273608922958374]]
[[0.19970504939556122, 0.1990245282649994, 0.1990395337343216, 0.20012477040290833, 0.20210610330104828]]
[[0.19893236458301544, 0.19861657917499542, 0.19867072999477386, 0.19974224269390106, 0.2040381282567978]]
hyposthese:
2 pieces , ~10 % interstitial fat , rep delineated
reference:
2 <unk> aliquots . interstitial fat ~10 % of specimens
