[[0.23346103727817535, 0.22223839163780212, 0.1795593649148941, 0.1541866511106491, 0.21055452525615692]]
[[0.23471127450466156, 0.23440085351467133, 0.17221926152706146, 0.17076082527637482, 0.18790778517723083]]
[[0.17895810306072235, 0.1824166625738144, 0.21206475794315338, 0.2297079712152481, 0.19685250520706177]]
[[0.14587506651878357, 0.15322564542293549, 0.23053638637065887, 0.278756707906723, 0.19160620868206024]]
[[0.20458021759986877, 0.20177780091762543, 0.19873477518558502, 0.1954888105392456, 0.19941839575767517]]
[[0.21031546592712402, 0.20406419038772583, 0.1955225169658661, 0.19057835638523102, 0.19951947033405304]]
[[0.1942043900489807, 0.19941316545009613, 0.20255936682224274, 0.2024177461862564, 0.2014053463935852]]
[[0.1997896134853363, 0.19964252412319183, 0.2002057135105133, 0.1998036801815033, 0.20055846869945526]]
[[0.20578862726688385, 0.20108389854431152, 0.19832105934619904, 0.1952202171087265, 0.1995861977338791]]
hyposthese:
6 pieces , all muscularis , good specimens
reference:
6 pieces ; well trimmed
