[[0.19044850766658783, 0.19168871641159058, 0.20938797295093536, 0.21728475391864777, 0.19119003415107727]]
[[0.1652073860168457, 0.13879622519016266, 0.25232619047164917, 0.26169729232788086, 0.1819729506969452]]
[[0.21546778082847595, 0.22394700348377228, 0.18124085664749146, 0.17047230899333954, 0.20887205004692078]]
[[0.23990726470947266, 0.27224430441856384, 0.13777922093868256, 0.12834890186786652, 0.22172032296657562]]
[[0.19692397117614746, 0.1957104206085205, 0.2062029391527176, 0.20201116800308228, 0.19915147125720978]]
[[0.18784251809120178, 0.1749473214149475, 0.22402839362621307, 0.21776804327964783, 0.1954137086868286]]
[[0.19181795418262482, 0.18415193259716034, 0.21506071090698242, 0.2124679982662201, 0.19650140404701233]]
[[0.2189677655696869, 0.24604427814483643, 0.16297364234924316, 0.1642441600561142, 0.20777016878128052]]
[[0.1999458372592926, 0.1994483917951584, 0.20091179013252258, 0.19882667064666748, 0.20086731016635895]]
[[0.19132360816001892, 0.1851610243320465, 0.21517683565616608, 0.21345865726470947, 0.1948799043893814]]
[[0.20029592514038086, 0.20142242312431335, 0.1985444724559784, 0.1991824358701706, 0.200554758310318]]
hyposthese:
6 pieces , up to 8x3mm ; well trimmed .
reference:
6 pieces ; no lesions ; loose fibrous adventitia , 1mm thick
