[[0.2600882053375244, 0.1788759082555771, 0.24289099872112274, 0.07062475383281708, 0.24752017855644226]]
[[0.2549932301044464, 0.19126488268375397, 0.2337656468153, 0.09208045154809952, 0.22789573669433594]]
[[0.1548706293106079, 0.21009080111980438, 0.1711137741804123, 0.2915169894695282, 0.1724078208208084]]
[[0.10700009018182755, 0.19834491610527039, 0.12365547567605972, 0.4470471739768982, 0.12395241111516953]]
[[0.20530743896961212, 0.1941077560186386, 0.2092747837305069, 0.18376608192920685, 0.20754395425319672]]
[[0.21392782032489777, 0.19375385344028473, 0.2108820676803589, 0.1714734435081482, 0.2099628448486328]]
[[0.23876021802425385, 0.17801533639431, 0.2252604216337204, 0.1325264424085617, 0.22543759644031525]]
[[0.14428888261318207, 0.20853549242019653, 0.16366884112358093, 0.3173571527004242, 0.16614964604377747]]
[[0.1931210458278656, 0.20072384178638458, 0.19902919232845306, 0.2067887932062149, 0.20033712685108185]]
[[0.19527876377105713, 0.20317168533802032, 0.1994098275899887, 0.20108914375305176, 0.20105059444904327]]
[[0.20424048602581024, 0.19928669929504395, 0.2023724615573883, 0.19198915362358093, 0.20211119949817657]]
[[0.2037573605775833, 0.1994350254535675, 0.20197783410549164, 0.1935657262802124, 0.20126405358314514]]
[[0.20909661054611206, 0.1983969807624817, 0.20764251053333282, 0.17955565452575684, 0.2053082436323166]]
[[0.20143020153045654, 0.20014697313308716, 0.20190292596817017, 0.1971810758113861, 0.19933876395225525]]
hyposthese:
2 pieces , <unk> & <unk> ; atrophic tdlus , rep ones delineated
reference:
2 pieces , one with prominent fibrocystic change ( ensquared ) , prominent focus of apocrine metaplasia ( delineated )
