[[0.21739822626113892, 0.19617079198360443, 0.19894161820411682, 0.18921014666557312, 0.1982792317867279]]
[[0.33127710223197937, 0.18478983640670776, 0.1617843359708786, 0.15968981385231018, 0.16245891153812408]]
[[0.1616368442773819, 0.20542311668395996, 0.21144093573093414, 0.2112361490726471, 0.21026299893856049]]
[[0.09853470325469971, 0.2110517919063568, 0.22862817347049713, 0.23800985515117645, 0.2237754613161087]]
[[0.2122325748205185, 0.19772428274154663, 0.19638663530349731, 0.19643110036849976, 0.19722546637058258]]
[[0.21164502203464508, 0.19742120802402496, 0.1968754082918167, 0.19657987356185913, 0.1974785178899765]]
[[0.17943835258483887, 0.2042769342660904, 0.2053983360528946, 0.20577611029148102, 0.20511028170585632]]
[[0.20831449329853058, 0.19853833317756653, 0.19757160544395447, 0.1976255178451538, 0.19795003533363342]]
[[0.1903771013021469, 0.20156849920749664, 0.20255440473556519, 0.20278488099575043, 0.20271509885787964]]
[[0.21432115137577057, 0.19757428765296936, 0.1962066888809204, 0.1950942724943161, 0.19680358469486237]]
[[0.20596086978912354, 0.19885408878326416, 0.19854483008384705, 0.1979956030845642, 0.19864459335803986]]
hyposthese:
6 pieces ; well trimmed ; 10 % dermal fat
reference:
6 <unk> ; many sweat and <unk> glands ; tissue tears
