[[0.2117028832435608, 0.19433937966823578, 0.2063991129398346, 0.20031066238880157, 0.18724799156188965]]
[[0.19726544618606567, 0.20658418536186218, 0.20512281358242035, 0.20057852566242218, 0.19044901430606842]]
[[0.1976395845413208, 0.2005673199892044, 0.19397377967834473, 0.19870653748512268, 0.20911270380020142]]
[[0.19460949301719666, 0.20356209576129913, 0.19273579120635986, 0.1975260078907013, 0.21156653761863708]]
[[0.20180842280387878, 0.19578135013580322, 0.20046529173851013, 0.19885827600955963, 0.20308668911457062]]
[[0.20144051313400269, 0.19738657772541046, 0.20070646703243256, 0.20023170113563538, 0.20023475587368011]]
[[0.20788003504276276, 0.19846323132514954, 0.20065899193286896, 0.19810621440410614, 0.1948915421962738]]
[[0.19679799675941467, 0.20321916043758392, 0.19793453812599182, 0.19948892295360565, 0.20255938172340393]]
hyposthese:
2 pieces , <unk> & <unk> ;
reference:
2 pieces ; predominantly fat with fibrous tissue with rare duct
