[[0.2288263440132141, 0.1745702028274536, 0.19047212600708008, 0.1843051165342331, 0.22182618081569672]]
[[0.22427836060523987, 0.18703822791576385, 0.189862459897995, 0.18927131593227386, 0.2095496654510498]]
[[0.1806858479976654, 0.2133399248123169, 0.20863233506679535, 0.20826098322868347, 0.1890808492898941]]
[[0.16315658390522003, 0.2184513360261917, 0.21936386823654175, 0.22541475296020508, 0.17361342906951904]]
[[0.20344184339046478, 0.20277656614780426, 0.1958620399236679, 0.19558697938919067, 0.20233257114887238]]
[[0.20415611565113068, 0.20292265713214874, 0.19470563530921936, 0.19472451508045197, 0.20349109172821045]]
[[0.20399120450019836, 0.20118050277233124, 0.19592934846878052, 0.1953473687171936, 0.2035515159368515]]
hyposthese:
6 pieces , confirmed target muscularis
reference:
6 pieces ; target muscularis , some residual attached <unk> vessels
