[[0.22337563335895538, 0.12019704282283783, 0.22362731397151947, 0.16437111794948578, 0.26842889189720154]]
[[0.21914251148700714, 0.147086501121521, 0.2084629088640213, 0.17644833028316498, 0.2488596886396408]]
[[0.19330504536628723, 0.2472769320011139, 0.18463172018527985, 0.21663351356983185, 0.15815280377864838]]
[[0.18520355224609375, 0.27755045890808105, 0.1731129288673401, 0.23700058460235596, 0.12713247537612915]]
[[0.20054247975349426, 0.187827929854393, 0.20749779045581818, 0.19748616218566895, 0.20664557814598083]]
[[0.1989395022392273, 0.1942165642976761, 0.2051357626914978, 0.19985929131507874, 0.2018488496541977]]
[[0.2109849452972412, 0.14635959267616272, 0.21553857624530792, 0.17324526607990265, 0.2538716495037079]]
[[0.18340584635734558, 0.25365838408470154, 0.18161645531654358, 0.22202157974243164, 0.15929776430130005]]
[[0.19519013166427612, 0.22627973556518555, 0.19348253309726715, 0.2152242660522461, 0.16982336342334747]]
[[0.19914859533309937, 0.20034585893154144, 0.20024685561656952, 0.20132610201835632, 0.19893261790275574]]
[[0.20308563113212585, 0.18541131913661957, 0.20466679334640503, 0.19178052246570587, 0.21505574882030487]]
hyposthese:
2 pieces , <unk> & <unk> mm ; no endometrium
reference:
2 pieces , <unk> & <unk> ; a few <unk> follicles ; probable old <unk>
