[[0.16221211850643158, 0.20391936600208282, 0.22043055295944214, 0.21230271458625793, 0.2011352926492691]]
[[0.17917385697364807, 0.2130766212940216, 0.21659792959690094, 0.20338398218154907, 0.18776759505271912]]
[[0.22570113837718964, 0.19514675438404083, 0.18428225815296173, 0.19057674705982208, 0.20429310202598572]]
[[0.2303471714258194, 0.18712960183620453, 0.17886964976787567, 0.19804894924163818, 0.20560456812381744]]
[[0.19735094904899597, 0.19995661079883575, 0.20285069942474365, 0.19874641299247742, 0.2010953277349472]]
[[0.20002339780330658, 0.20015999674797058, 0.1999758929014206, 0.20018631219863892, 0.19965438544750214]]
[[0.197575181722641, 0.20135371387004852, 0.20177201926708221, 0.19899456202983856, 0.20030450820922852]]
[[0.19965168833732605, 0.20002713799476624, 0.20047935843467712, 0.20020616054534912, 0.19963562488555908]]
[[0.20417539775371552, 0.19945980608463287, 0.1948973834514618, 0.19839604198932648, 0.20307134091854095]]
[[0.20089681446552277, 0.1992286741733551, 0.1996406614780426, 0.19949285686016083, 0.2007409930229187]]
[[0.19889260828495026, 0.1997661590576172, 0.20106619596481323, 0.20044346153736115, 0.19983157515525818]]
hyposthese:
2 pieces , ~10 % fascia/vascular elements , rep delineated
reference:
2 pieces ; ducts in fibrous stroma with 60 & 80 % fat
