[[0.205154687166214, 0.19435632228851318, 0.18024931848049164, 0.22492200136184692, 0.19531776010990143]]
[[0.21567223966121674, 0.20567399263381958, 0.14577320218086243, 0.273807555437088, 0.15907302498817444]]
[[0.19902141392230988, 0.19827453792095184, 0.21955113112926483, 0.17289291322231293, 0.21025998890399933]]
[[0.1859154999256134, 0.19583161175251007, 0.26437607407569885, 0.12556374073028564, 0.2283131331205368]]
[[0.20020729303359985, 0.2017204761505127, 0.19394716620445251, 0.20675501227378845, 0.19737005233764648]]
[[0.20057062804698944, 0.2007492333650589, 0.19382604956626892, 0.2072395533323288, 0.19761447608470917]]
[[0.19931893050670624, 0.1995178908109665, 0.20763921737670898, 0.18695251643657684, 0.20657147467136383]]
[[0.19987201690673828, 0.20097123086452484, 0.19579559564590454, 0.20530074834823608, 0.19806045293807983]]
[[0.2009197324514389, 0.20150911808013916, 0.2024608850479126, 0.19248273968696594, 0.20262756943702698]]
[[0.2005441039800644, 0.20133842527866364, 0.1926116794347763, 0.20820190012454987, 0.1973038911819458]]
[[0.2003951072692871, 0.19999681413173676, 0.1968422830104828, 0.20349909365177155, 0.1992666870355606]]
hyposthese:
6 pieces ; well trimmed ; 10 % dermal fat
reference:
6 pieces ; well trimmed ; up to 10 % dermal fat
