[[0.1794712245464325, 0.18451498448848724, 0.22719725966453552, 0.2063731849193573, 0.20244328677654266]]
[[0.1674697995185852, 0.168895423412323, 0.2624826729297638, 0.20096951723098755, 0.20018255710601807]]
[[0.2222725749015808, 0.22056321799755096, 0.16513773798942566, 0.19776786863803864, 0.19425861537456512]]
[[0.24825602769851685, 0.2458629310131073, 0.1260896772146225, 0.19123254716396332, 0.18855880200862885]]
[[0.19241933524608612, 0.19288688898086548, 0.21191196143627167, 0.20011761784553528, 0.20266425609588623]]
[[0.19935831427574158, 0.19992907345294952, 0.19921377301216125, 0.2008550465106964, 0.20064373314380646]]
[[0.19692125916481018, 0.1975671499967575, 0.20413349568843842, 0.20048163831233978, 0.20089644193649292]]
hyposthese:
2 pieces ; spermatogenesis is present
reference:
2 <unk> pieces , good <unk> <unk> evident
