[[0.179436594247818, 0.1904282569885254, 0.18390512466430664, 0.2505388855934143, 0.19569112360477448]]
[[0.17634424567222595, 0.19581764936447144, 0.1849898099899292, 0.25220468640327454, 0.19064363837242126]]
[[0.21925511956214905, 0.20340488851070404, 0.21350154280662537, 0.15686430037021637, 0.20697414875030518]]
[[0.2274489402770996, 0.2053159475326538, 0.22056575119495392, 0.13664214313030243, 0.21002720296382904]]
[[0.19646605849266052, 0.1996484398841858, 0.19601786136627197, 0.21106618642807007, 0.19680140912532806]]
[[0.1963178813457489, 0.20096811652183533, 0.1975073516368866, 0.20702306926250458, 0.19818353652954102]]
[[0.19322246313095093, 0.19858554005622864, 0.19438405334949493, 0.21589088439941406, 0.19791705906391144]]
[[0.19713318347930908, 0.19995610415935516, 0.1978035271167755, 0.20613797008991241, 0.19896924495697021]]
hyposthese:
2 pieces , typical post menopausal atrophy
reference:
2 pieces , <unk> & <unk> mm ; ova and corpora
