[[0.21990172564983368, 0.17870517075061798, 0.19651325047016144, 0.19480319321155548, 0.21007663011550903]]
[[0.20776598155498505, 0.1918976902961731, 0.19998089969158173, 0.19680501520633698, 0.2035503387451172]]
[[0.18489693105220795, 0.21549224853515625, 0.20304977893829346, 0.20586314797401428, 0.19069787859916687]]
[[0.17864200472831726, 0.21873222291469574, 0.20451593399047852, 0.20695139467716217, 0.1911584883928299]]
[[0.2088714987039566, 0.19374921917915344, 0.19775566458702087, 0.19548235833644867, 0.2041412591934204]]
[[0.20910073816776276, 0.19577546417713165, 0.19695740938186646, 0.1949208676815033, 0.20324546098709106]]
hyposthese:
4 pieces , no abnormalities
reference:
4 pieces ; mild to moderate autolysis
