[[0.17335176467895508, 0.17048922181129456, 0.21601267158985138, 0.2194570004940033, 0.22068941593170166]]
[[0.17135557532310486, 0.1718771904706955, 0.21600191295146942, 0.22209897637367249, 0.21866631507873535]]
[[0.23213128745555878, 0.23408763110637665, 0.18177799880504608, 0.17753857374191284, 0.17446449398994446]]
[[0.25741684436798096, 0.2616860568523407, 0.1676810383796692, 0.15682333707809448, 0.15639275312423706]]
[[0.1861013025045395, 0.18328067660331726, 0.20988641679286957, 0.21027250587940216, 0.2104591280221939]]
[[0.1815474033355713, 0.1788499653339386, 0.2117922306060791, 0.21367022395133972, 0.2141401320695877]]
hyposthese:
2 pieces , no abnormalities
reference:
2 pieces , no abnormalities
