[[0.1962559074163437, 0.2172715961933136, 0.11083526164293289, 0.2269439995288849, 0.24869318306446075]]
[[0.19825099408626556, 0.21338815987110138, 0.13759170472621918, 0.2328818142414093, 0.21788737177848816]]
[[0.20104418694972992, 0.19230544567108154, 0.263888955116272, 0.1772688776254654, 0.16549254953861237]]
[[0.1979617476463318, 0.16674724221229553, 0.3460811972618103, 0.13833105564117432, 0.15087881684303284]]
[[0.197796031832695, 0.19917680323123932, 0.18328127264976501, 0.20968200266361237, 0.2100639045238495]]
[[0.19884780049324036, 0.2037292867898941, 0.16512568295001984, 0.21624310314655304, 0.21605415642261505]]
hyposthese:
2 pieces , no abnormalities
reference:
2 pieces
