[[0.19545379281044006, 0.19230866432189941, 0.2124718725681305, 0.2077372521162033, 0.19202841818332672]]
[[0.19088323414325714, 0.19618403911590576, 0.21092753112316132, 0.1995754987001419, 0.20242971181869507]]
[[0.2106940895318985, 0.20611438155174255, 0.18487313389778137, 0.19717827439308167, 0.20114018023014069]]
[[0.2144450843334198, 0.20971567928791046, 0.17152680456638336, 0.1990397870540619, 0.20527255535125732]]
[[0.19221122562885284, 0.1957107037305832, 0.21124795079231262, 0.20054949820041656, 0.20028060674667358]]
[[0.19169126451015472, 0.19457706809043884, 0.21310578286647797, 0.20158526301383972, 0.19904066622257233]]
hyposthese:
4 pieces , no abnormalities
reference:
4 pieces
