[[0.2131475955247879, 0.1988714635372162, 0.1830892413854599, 0.20776468515396118, 0.19712702929973602]]
[[0.28659722208976746, 0.1691914200782776, 0.22359035909175873, 0.16841965913772583, 0.1522013545036316]]
[[0.173869788646698, 0.21268399059772491, 0.19498085975646973, 0.2048707753419876, 0.21359463036060333]]
[[0.12208512425422668, 0.2332247793674469, 0.19305671751499176, 0.21107174456119537, 0.24056164920330048]]
[[0.20784573256969452, 0.1962636560201645, 0.20260296761989594, 0.19792480766773224, 0.19536279141902924]]
[[0.2112990915775299, 0.19524884223937988, 0.20097245275974274, 0.19754083454608917, 0.19493883848190308]]
[[0.19050133228302002, 0.20488157868385315, 0.19536864757537842, 0.20438621938228607, 0.20486222207546234]]
[[0.20488038659095764, 0.19765061140060425, 0.20139092206954956, 0.19887173175811768, 0.19720637798309326]]
[[0.19588595628738403, 0.2012234777212143, 0.2003311961889267, 0.2013808786869049, 0.20117846131324768]]
[[0.2083263248205185, 0.1966196596622467, 0.20092521607875824, 0.19901512563228607, 0.19511368870735168]]
[[0.20439356565475464, 0.19797569513320923, 0.20015963912010193, 0.19959129393100739, 0.1978798508644104]]
hyposthese:
6 pieces ; well trimmed ; 10 % dermal fat
reference:
6 pieces . squamous epithelium is <unk> % of thickness . minimal dermal fat
