[[0.17828546464443207, 0.23458042740821838, 0.24151332676410675, 0.17008225619792938, 0.17553852498531342]]
[[0.14812664687633514, 0.28136053681373596, 0.25783923268318176, 0.15453694760799408, 0.15813662111759186]]
[[0.230972021818161, 0.1430661678314209, 0.15731382369995117, 0.23904815316200256, 0.22959984838962555]]
[[0.26781025528907776, 0.09085433185100555, 0.10032813996076584, 0.2828373312950134, 0.25816991925239563]]
[[0.196533665060997, 0.20586252212524414, 0.2055044025182724, 0.19519133865833282, 0.19690805673599243]]
[[0.19135591387748718, 0.2159063071012497, 0.2109614759683609, 0.1868916153907776, 0.19488471746444702]]
[[0.19525204598903656, 0.20956285297870636, 0.20526981353759766, 0.19299229979515076, 0.19692295789718628]]
[[0.1958087682723999, 0.20892150700092316, 0.20401304960250854, 0.1947648823261261, 0.19649174809455872]]
[[0.20266179740428925, 0.19327837228775024, 0.19869105517864227, 0.20251645147800446, 0.202852264046669]]
[[0.19857560098171234, 0.2031584233045578, 0.2023438811302185, 0.19755059480667114, 0.1983715146780014]]
[[0.19751252233982086, 0.2024332731962204, 0.2047802209854126, 0.1975822001695633, 0.19769175350666046]]
[[0.1986692249774933, 0.20185047388076782, 0.20246590673923492, 0.1978449672460556, 0.19916938245296478]]
hyposthese:
6 pieces , squamous mucosa is <unk> , ~20-25 % thickness
reference:
5 pieces , squamous mucosa up <unk>
