[[0.15695121884346008, 0.21870608627796173, 0.24594850838184357, 0.1459065079689026, 0.23248767852783203]]
[[0.15986181795597076, 0.2167150229215622, 0.23982229828834534, 0.1554219275712967, 0.2281789481639862]]
[[0.2301364690065384, 0.1856253296136856, 0.16704736649990082, 0.2410144954919815, 0.17617638409137726]]
[[0.261158287525177, 0.16995961964130402, 0.14111614227294922, 0.26966026425361633, 0.15810568630695343]]
[[0.19159269332885742, 0.20475995540618896, 0.20919330418109894, 0.18969112634658813, 0.2047630101442337]]
[[0.2065315693616867, 0.1968555450439453, 0.19341732561588287, 0.20861811935901642, 0.1945774108171463]]
[[0.19225557148456573, 0.20393411815166473, 0.2076457142829895, 0.19197741150856018, 0.20418722927570343]]
[[0.1974409520626068, 0.20141373574733734, 0.2031850516796112, 0.19683563709259033, 0.20112460851669312]]
hyposthese:
2 pieces ; 10 % external fat
reference:
2 pieces , excellent clean specimens
