[[0.1980770379304886, 0.1947576254606247, 0.19975949823856354, 0.20724491775035858, 0.20016099512577057]]
[[0.19369351863861084, 0.20080365240573883, 0.201730877161026, 0.20780682563781738, 0.19596517086029053]]
[[0.20779603719711304, 0.204929918050766, 0.19695262610912323, 0.18749089539051056, 0.20283055305480957]]
[[0.21408440172672272, 0.20898714661598206, 0.19596247375011444, 0.17536896467208862, 0.20559701323509216]]
[[0.19416263699531555, 0.19948509335517883, 0.20220911502838135, 0.20754091441631317, 0.19660228490829468]]
[[0.19414693117141724, 0.19763128459453583, 0.20250819623470306, 0.20954732596874237, 0.1961662471294403]]
hyposthese:
4 pieces , no abnormalities
reference:
4 pieces , up to 6x4mm ;
