[[0.21529994904994965, 0.19466502964496613, 0.1695794314146042, 0.19507679343223572, 0.22537879645824432]]
[[0.23530736565589905, 0.1739441305398941, 0.17851285636425018, 0.20639626681804657, 0.2058393359184265]]
[[0.18270055949687958, 0.2086566686630249, 0.21899017691612244, 0.20380736887454987, 0.18584519624710083]]
[[0.16635315120220184, 0.2291559875011444, 0.24420113861560822, 0.18417134881019592, 0.1761184185743332]]
[[0.2011086642742157, 0.19816814363002777, 0.19590605795383453, 0.2023155242204666, 0.20250162482261658]]
[[0.20271693170070648, 0.1978011429309845, 0.19482330977916718, 0.20230935513973236, 0.2023492306470871]]
[[0.19589653611183167, 0.20435971021652222, 0.20587478578090668, 0.19929619133472443, 0.19457277655601501]]
[[0.20013415813446045, 0.19927141070365906, 0.19836851954460144, 0.20147816836833954, 0.2007477879524231]]
[[0.19792985916137695, 0.200626403093338, 0.2016391158103943, 0.20107704401016235, 0.1987275779247284]]
[[0.20143243670463562, 0.1983037292957306, 0.19561058282852173, 0.20114760100841522, 0.20350559055805206]]
[[0.20095287263393402, 0.198966383934021, 0.19751998782157898, 0.2010319083929062, 0.20152881741523743]]
hyposthese:
2 pieces ; well trimmed ; 10 % internal fat
reference:
2 pieces ; 10 % external fat , 5 % internal fat
