[[0.1911541074514389, 0.19952009618282318, 0.19229845702648163, 0.21055828034877777, 0.2064691036939621]]
[[0.1817769706249237, 0.2109246701002121, 0.17803208529949188, 0.2168184518814087, 0.21244783699512482]]
[[0.21213877201080322, 0.19507555663585663, 0.2126743346452713, 0.18903453648090363, 0.1910768300294876]]
[[0.21481578052043915, 0.19318485260009766, 0.22034017741680145, 0.1846022754907608, 0.18705688416957855]]
[[0.19824393093585968, 0.20132599771022797, 0.19708773493766785, 0.20129701495170593, 0.20204533636569977]]
[[0.2000124156475067, 0.19993534684181213, 0.20001362264156342, 0.19990727305412292, 0.20013129711151123]]
[[0.19776228070259094, 0.20082566142082214, 0.19611287117004395, 0.2027950882911682, 0.20250406861305237]]
[[0.1984497606754303, 0.20072436332702637, 0.19844767451286316, 0.20143365859985352, 0.20094451308250427]]
[[0.20044955611228943, 0.19955886900424957, 0.20114514231681824, 0.19933678209781647, 0.19950968027114868]]
[[0.1992766559123993, 0.20045040547847748, 0.19927194714546204, 0.20047178864479065, 0.20052923262119293]]
[[0.19955642521381378, 0.20025919377803802, 0.19986888766288757, 0.20019808411598206, 0.20011742413043976]]
hyposthese:
2 pieces , ~10 % interstitial fat , rep delineated
reference:
2 pieces
