[[0.23714658617973328, 0.12819567322731018, 0.23301760852336884, 0.14246317744255066, 0.25917696952819824]]
[[0.24306607246398926, 0.15787248313426971, 0.21630124747753143, 0.16663822531700134, 0.21612191200256348]]
[[0.17117583751678467, 0.24186494946479797, 0.1821458786725998, 0.23237231373786926, 0.17244096100330353]]
[[0.13480854034423828, 0.2955045998096466, 0.15500755608081818, 0.2772519290447235, 0.13742737472057343]]
[[0.21079082787036896, 0.1889718472957611, 0.2046586126089096, 0.19112299382686615, 0.20445573329925537]]
[[0.20877283811569214, 0.19215352833271027, 0.2031729519367218, 0.19242988526821136, 0.20347078144550323]]
hyposthese:
2 pieces , myometrium only
reference:
2 pieces ; myometrium and one piece with <unk> ( outlined ) ;
