[[0.17754703760147095, 0.17510363459587097, 0.20059692859649658, 0.2446526437997818, 0.2020997256040573]]
[[0.175353541970253, 0.16964936256408691, 0.21200425922870636, 0.25236544013023376, 0.19062736630439758]]
[[0.22167788445949554, 0.2272329479455948, 0.19097404181957245, 0.15816688537597656, 0.2019481509923935]]
[[0.24571505188941956, 0.248159259557724, 0.17775113880634308, 0.11811219155788422, 0.21026238799095154]]
[[0.19276627898216248, 0.1933015137910843, 0.20130175352096558, 0.21505461633205414, 0.1975758671760559]]
[[0.20450347661972046, 0.20481739938259125, 0.19884157180786133, 0.19077007472515106, 0.20106744766235352]]
[[0.19535191357135773, 0.19490958750247955, 0.20026671886444092, 0.21076072752475739, 0.19871105253696442]]
[[0.19658517837524414, 0.19580066204071045, 0.2016795426607132, 0.20719677209854126, 0.19873784482479095]]
hyposthese:
2 pieces ; 10 % internal fat
reference:
2 pieces ; atrophy with 50 % fibrous and fatty <unk> in 1 , 30 % in other
