[[0.17514288425445557, 0.21275965869426727, 0.2020680159330368, 0.23867692053318024, 0.17135249078273773]]
[[0.16584917902946472, 0.2227879762649536, 0.20261922478675842, 0.24499954283237457, 0.1637440025806427]]
[[0.22381295263767242, 0.18446552753448486, 0.1955256313085556, 0.1685810685157776, 0.22761473059654236]]
[[0.2510730028152466, 0.16611771285533905, 0.19118325412273407, 0.1354943811893463, 0.25613167881965637]]
[[0.19324207305908203, 0.2047988623380661, 0.19945938885211945, 0.20855045318603516, 0.19394917786121368]]
[[0.18926465511322021, 0.20552223920822144, 0.20071813464164734, 0.2165161669254303, 0.18797878921031952]]
hyposthese:
2 pieces , no abnormalities
reference:
2 pieces
