[[0.1962657868862152, 0.16119404137134552, 0.17477039992809296, 0.26843133568763733, 0.19933848083019257]]
[[0.1897054761648178, 0.16137813031673431, 0.1888166218996048, 0.2574528157711029, 0.20264694094657898]]
[[0.20362205803394318, 0.21779552102088928, 0.21554943919181824, 0.16400203108787537, 0.19903098046779633]]
[[0.1940871626138687, 0.26904433965682983, 0.22861075401306152, 0.11677875369787216, 0.19147896766662598]]
[[0.2014152705669403, 0.1966140866279602, 0.19991931319236755, 0.202857106924057, 0.19919417798519135]]
[[0.19820906221866608, 0.18533335626125336, 0.19304490089416504, 0.22777307033538818, 0.19563961029052734]]
[[0.1995149552822113, 0.18416842818260193, 0.19342441856861115, 0.2255418747663498, 0.1973503828048706]]
[[0.2041730135679245, 0.24347715079784393, 0.22174473106861115, 0.12688203155994415, 0.20372314751148224]]
[[0.19946488738059998, 0.1986021250486374, 0.19959360361099243, 0.20366084575653076, 0.19867856800556183]]
[[0.1989302635192871, 0.19617697596549988, 0.1962915062904358, 0.20993201434612274, 0.19866928458213806]]
[[0.20300936698913574, 0.20521795749664307, 0.20408639311790466, 0.18513578176498413, 0.2025504857301712]]
[[0.20045466721057892, 0.19941851496696472, 0.19938044250011444, 0.20112809538841248, 0.19961827993392944]]
[[0.1989637017250061, 0.19688069820404053, 0.19571256637573242, 0.21018445491790771, 0.198258638381958]]
hyposthese:
6 pieces , up to 8x4mm ; all muscularis , good specimens
reference:
6 pieces ; well trimmed
