[[0.18925294280052185, 0.19602568447589874, 0.2381497025489807, 0.16674362123012543, 0.20982803404331207]]
[[0.19319958984851837, 0.18590010702610016, 0.23652715981006622, 0.16243326663970947, 0.22193986177444458]]
[[0.20703569054603577, 0.20691163837909698, 0.1780344694852829, 0.216579407453537, 0.19143880903720856]]
[[0.2134173959493637, 0.2067323476076126, 0.1482967734336853, 0.2564351558685303, 0.1751183569431305]]
[[0.20294597744941711, 0.19868183135986328, 0.20074312388896942, 0.19687947630882263, 0.20074953138828278]]
[[0.19991716742515564, 0.2007596492767334, 0.2019498646259308, 0.1978377103805542, 0.1995355784893036]]
[[0.19690728187561035, 0.20124255120754242, 0.2107173651456833, 0.18776942789554596, 0.20336340367794037]]
[[0.2062990367412567, 0.20229065418243408, 0.1756565123796463, 0.2229587286710739, 0.1927950084209442]]
[[0.20154288411140442, 0.19890600442886353, 0.19929684698581696, 0.20003776252269745, 0.20021651685237885]]
[[0.19615055620670319, 0.19923922419548035, 0.20776961743831635, 0.19624081254005432, 0.200599804520607]]
[[0.19664689898490906, 0.20021171867847443, 0.20487074553966522, 0.1965622901916504, 0.20170839130878448]]
hyposthese:
2 pieces , <unk> & <unk> ; good clean specimens
reference:
4 pieces , each includes ~30 % attached and internal fat
