[[0.19452659785747528, 0.2022354006767273, 0.18499256670475006, 0.19365648925304413, 0.224589005112648]]
[[0.17903389036655426, 0.201568603515625, 0.17529812455177307, 0.1893760859966278, 0.25472334027290344]]
[[0.20532555878162384, 0.2019900232553482, 0.20656535029411316, 0.20315831899642944, 0.18296073377132416]]
[[0.21907024085521698, 0.18141353130340576, 0.23193396627902985, 0.22328999638557434, 0.14429235458374023]]
[[0.19844159483909607, 0.20219698548316956, 0.19975347816944122, 0.19514669477939606, 0.2044612616300583]]
[[0.1962445229291916, 0.20231476426124573, 0.19712944328784943, 0.1947249472141266, 0.20958632230758667]]
[[0.20299190282821655, 0.20094050467014313, 0.201909601688385, 0.20090267062187195, 0.19325527548789978]]
[[0.2002936601638794, 0.19981800019741058, 0.2006182074546814, 0.19968903064727783, 0.1995811015367508]]
[[0.1988360583782196, 0.1989615112543106, 0.19723382592201233, 0.1979992687702179, 0.20696929097175598]]
hyposthese:
6 pieces , all muscularis , good specimens
reference:
6 pieces , all target muscularis ; incidental mucus gland noted , delineated
