[[0.2308088093996048, 0.17484265565872192, 0.178926020860672, 0.17800700664520264, 0.23741553723812103]]
[[0.24244853854179382, 0.1729089319705963, 0.17220543324947357, 0.1757878214120865, 0.2366492748260498]]
[[0.17892307043075562, 0.2158530205488205, 0.2155192792415619, 0.21277910470962524, 0.17692552506923676]]
[[0.14397382736206055, 0.2394808530807495, 0.2377827912569046, 0.23862013220787048, 0.14014244079589844]]
[[0.20510578155517578, 0.1971885710954666, 0.19673842191696167, 0.19762565195560455, 0.20334164798259735]]
[[0.205557718873024, 0.19501398503780365, 0.19485020637512207, 0.1966833919286728, 0.20789474248886108]]
[[0.20244355499744415, 0.19858840107917786, 0.1980631798505783, 0.1986568421125412, 0.2022479921579361]]
[[0.20170442759990692, 0.19919997453689575, 0.19881203770637512, 0.19933728873729706, 0.20094624161720276]]
[[0.19939428567886353, 0.20054243505001068, 0.2004786878824234, 0.2009545862674713, 0.19862999022006989]]
[[0.2009899616241455, 0.1982225477695465, 0.1982439011335373, 0.19941917061805725, 0.20312440395355225]]
[[0.2043081372976303, 0.1960149109363556, 0.19683080911636353, 0.19671174883842468, 0.2061343789100647]]
[[0.19722554087638855, 0.20282934606075287, 0.2018023133277893, 0.20132751762866974, 0.19681531190872192]]
[[0.1992933452129364, 0.20095747709274292, 0.20050100982189178, 0.20112329721450806, 0.19812487065792084]]
hyposthese:
2 pieces , gynecomastoid stromal and ductal ( rep delineated ) hyperplasia
reference:
2 pieces ~ 10x8mm . large <unk> ductal units , fibrotic stroma
