[[0.20638629794120789, 0.18959495425224304, 0.18549419939517975, 0.22902213037014008, 0.18950235843658447]]
[[0.20120173692703247, 0.18390271067619324, 0.1954541653394699, 0.23886020481586456, 0.18058116734027863]]
[[0.19817087054252625, 0.20708027482032776, 0.20929355919361115, 0.17844632267951965, 0.20700892806053162]]
[[0.19433142244815826, 0.2206120491027832, 0.2060195654630661, 0.1524266004562378, 0.22661036252975464]]
[[0.19918301701545715, 0.19898296892642975, 0.20133769512176514, 0.2029942274093628, 0.19750210642814636]]
[[0.19877716898918152, 0.19731156527996063, 0.19966095685958862, 0.20899474620819092, 0.1952556073665619]]
[[0.20080958306789398, 0.20061075687408447, 0.1999884694814682, 0.19677093625068665, 0.2018202543258667]]
[[0.1999218612909317, 0.20010961592197418, 0.20032329857349396, 0.19945070147514343, 0.20019453763961792]]
[[0.20026801526546478, 0.19771364331245422, 0.19942209124565125, 0.20465320348739624, 0.19794300198554993]]
hyposthese:
6 pieces , all muscularis , good specimens
reference:
6 pieces up to <unk>
