[[0.20198141038417816, 0.2062428593635559, 0.18075455725193024, 0.20133419334888458, 0.2096869796514511]]
[[0.19634701311588287, 0.20277194678783417, 0.1925792098045349, 0.19870951771736145, 0.2095923125743866]]
[[0.20311884582042694, 0.19499419629573822, 0.2149769812822342, 0.20227478444576263, 0.18463516235351562]]
[[0.204148530960083, 0.19773833453655243, 0.21919386088848114, 0.20284393429756165, 0.17607533931732178]]
[[0.19647687673568726, 0.20143009722232819, 0.19394077360630035, 0.19807946681976318, 0.21007278561592102]]
[[0.19687891006469727, 0.2019248902797699, 0.1941332072019577, 0.19534526765346527, 0.2117176651954651]]
hyposthese:
4 pieces , no abnormalities
reference:
4 pieces , edematous , unusually autolyzed
