[[0.12435662001371384, 0.1369287073612213, 0.29517629742622375, 0.1664719581604004, 0.2770664691925049]]
[[0.11809344589710236, 0.11756976693868637, 0.2999035716056824, 0.1372181475162506, 0.32721513509750366]]
[[0.2554158568382263, 0.25393837690353394, 0.12592852115631104, 0.23757681250572205, 0.12714044749736786]]
[[0.31151050329208374, 0.30427086353302, 0.06647375971078873, 0.25441980361938477, 0.06332508474588394]]
[[0.19815918803215027, 0.19648867845535278, 0.20053569972515106, 0.19966015219688416, 0.20515622198581696]]
[[0.19590285420417786, 0.19681796431541443, 0.2011360228061676, 0.2017008513212204, 0.20444226264953613]]
[[0.16338437795639038, 0.16536776721477509, 0.24411392211914062, 0.1762344092130661, 0.2508995532989502]]
[[0.24440166354179382, 0.2447543889284134, 0.14129486680030823, 0.23284627497196198, 0.13670286536216736]]
[[0.20202815532684326, 0.2020399570465088, 0.1967933475971222, 0.2031061202287674, 0.19603238999843597]]
[[0.19364677369594574, 0.19376030564308167, 0.20437541604042053, 0.19973929226398468, 0.20847821235656738]]
[[0.1790514439344406, 0.17979677021503448, 0.22313524782657623, 0.188559427857399, 0.2294570952653885]]
[[0.21488942205905914, 0.21513019502162933, 0.18018309772014618, 0.21121779084205627, 0.17857950925827026]]
[[0.19720935821533203, 0.19734607636928558, 0.20327109098434448, 0.19822628796100616, 0.20394723117351532]]
[[0.1957477480173111, 0.19617274403572083, 0.20512540638446808, 0.19707414507865906, 0.20587994158267975]]
[[0.19211851060390472, 0.19305600225925446, 0.20757757127285004, 0.19733332097530365, 0.20991457998752594]]
[[0.192360520362854, 0.19310785830020905, 0.2085401564836502, 0.196753591299057, 0.20923790335655212]]
hyposthese:
2 pieces , <unk> & <unk> ; <unk> % cortex , <unk> % of specimen
reference:
2 pieces , <unk> mm ; ~10 % adipose ; very small medulla
