[[0.18528978526592255, 0.18307183682918549, 0.19296473264694214, 0.21075093746185303, 0.2279227375984192]]
[[0.19203345477581024, 0.18640930950641632, 0.1961958110332489, 0.20557953417301178, 0.21978189051151276]]
[[0.20976464450359344, 0.21291731297969818, 0.20611000061035156, 0.1914016753435135, 0.17980632185935974]]
[[0.21248382329940796, 0.2187972068786621, 0.20171691477298737, 0.19302111864089966, 0.1739809513092041]]
[[0.19995269179344177, 0.1998973935842514, 0.2005181908607483, 0.19914290308952332, 0.20048877596855164]]
[[0.1977040320634842, 0.196978360414505, 0.1994398683309555, 0.20011448860168457, 0.20576319098472595]]
[[0.19880683720111847, 0.19850753247737885, 0.19926875829696655, 0.20024415850639343, 0.20317266881465912]]
hyposthese:
2 pieces , minimal ischemic changes
reference:
2 pieces , myocyte hypertrophy
