[[0.1947280913591385, 0.19288985431194305, 0.22078126668930054, 0.18246543407440186, 0.20913533866405487]]
[[0.17739541828632355, 0.1986939013004303, 0.21175536513328552, 0.19670356810092926, 0.2154516875743866]]
[[0.21193258464336395, 0.19916832447052002, 0.19274887442588806, 0.2080838531255722, 0.18806633353233337]]
[[0.22668583691120148, 0.20057590305805206, 0.17202652990818024, 0.22219444811344147, 0.17851726710796356]]
[[0.19259321689605713, 0.2039455622434616, 0.20499922335147858, 0.19264499843120575, 0.20581698417663574]]
[[0.19586804509162903, 0.20135852694511414, 0.2066042721271515, 0.19226671755313873, 0.20390240848064423]]
[[0.18825958669185638, 0.20111587643623352, 0.21789762377738953, 0.18417930603027344, 0.20854759216308594]]
[[0.21543549001216888, 0.1947024017572403, 0.18805085122585297, 0.21158209443092346, 0.190229132771492]]
hyposthese:
2 pieces , <unk> & <unk> ;
reference:
2 pieces ; 30-40 % is fibrovascular tissue and nerve
