[[0.19267576932907104, 0.18188980221748352, 0.17859815061092377, 0.2406305968761444, 0.20620563626289368]]
[[0.172030970454216, 0.16763441264629364, 0.165192112326622, 0.29919102787971497, 0.19595147669315338]]
[[0.21813741326332092, 0.21906036138534546, 0.22203800082206726, 0.14364658296108246, 0.1971176564693451]]
[[0.23036368191242218, 0.23411260545253754, 0.24805790185928345, 0.09754794836044312, 0.18991786241531372]]
[[0.19480028748512268, 0.1955544352531433, 0.19287653267383575, 0.21512825787067413, 0.2016405165195465]]
[[0.1978446990251541, 0.19819995760917664, 0.19700336456298828, 0.20640148222446442, 0.20055046677589417]]
[[0.1979270875453949, 0.19822491705417633, 0.19692768156528473, 0.20623242855072021, 0.2006879597902298]]
hyposthese:
2 pieces , spermatogenesis is present
reference:
2 pieces , 9x7 and 6x5mm ; well preserved , spermatogenesis is present
