[[0.1943732053041458, 0.24650537967681885, 0.13625840842723846, 0.2566070854663849, 0.16625593602657318]]
[[0.15345992147922516, 0.28994205594062805, 0.1202918067574501, 0.30509331822395325, 0.13121287524700165]]
[[0.21522434055805206, 0.16926681995391846, 0.23343941569328308, 0.15512625873088837, 0.2269432097673416]]
[[0.23667903244495392, 0.08075164258480072, 0.32892200350761414, 0.0709642693400383, 0.28268301486968994]]
[[0.19629813730716705, 0.20927204191684723, 0.19283753633499146, 0.2075439691543579, 0.19404833018779755]]
[[0.1982891708612442, 0.20960243046283722, 0.19066578149795532, 0.20801253616809845, 0.1934300810098648]]
[[0.19339051842689514, 0.21934084594249725, 0.18217070400714874, 0.2189561426639557, 0.18614183366298676]]
[[0.21713364124298096, 0.16822493076324463, 0.2301236242055893, 0.16310040652751923, 0.22141732275485992]]
[[0.19844043254852295, 0.20441105961799622, 0.19533465802669525, 0.20430877804756165, 0.19750504195690155]]
[[0.19462433457374573, 0.20870856940746307, 0.19257871806621552, 0.21007350087165833, 0.19401481747627258]]
[[0.2055722326040268, 0.1927158683538437, 0.20579519867897034, 0.1908528357744217, 0.20506387948989868]]
[[0.19995006918907166, 0.20058928430080414, 0.19950175285339355, 0.20086470246315002, 0.19909414649009705]]
[[0.1955571472644806, 0.20766474306583405, 0.19344210624694824, 0.2088439017534256, 0.19449210166931152]]
[[0.19793128967285156, 0.2038876712322235, 0.19654321670532227, 0.20437568426132202, 0.19726218283176422]]
[[0.20882371068000793, 0.18709395825862885, 0.2098752111196518, 0.185032919049263, 0.2091742604970932]]
[[0.19865508377552032, 0.20316682755947113, 0.19714684784412384, 0.20304842293262482, 0.19798284769058228]]
[[0.19890636205673218, 0.19992366433143616, 0.19940444827079773, 0.20280788838863373, 0.1989576518535614]]
[[0.19916310906410217, 0.20176909863948822, 0.19798579812049866, 0.20196567475795746, 0.19911633431911469]]
hyposthese:
6 pieces , mucosa and submucosa , well preserved mucosa up to ~0.4mm , 15-20 % thickness
reference:
6 pieces , <unk> . mucosa reasonably well preserved , <unk> % of thickness
