[[0.22266286611557007, 0.16240012645721436, 0.18755073845386505, 0.2093917429447174, 0.21799449622631073]]
[[0.2553247809410095, 0.1752568632364273, 0.18240298330783844, 0.20256739854812622, 0.18444792926311493]]
[[0.16677798330783844, 0.22274701297283173, 0.21451722085475922, 0.19670526683330536, 0.19925254583358765]]
[[0.1296825408935547, 0.24518927931785583, 0.23408454656600952, 0.19069917500019073, 0.200344517827034]]
[[0.2091282457113266, 0.1945537030696869, 0.19730858504772186, 0.2006794959306717, 0.19833001494407654]]
[[0.21663479506969452, 0.18949206173419952, 0.19208602607250214, 0.20153971016407013, 0.2002473920583725]]
[[0.18587088584899902, 0.20696374773979187, 0.20301510393619537, 0.202107772231102, 0.20204250514507294]]
[[0.20195354521274567, 0.19943740963935852, 0.19918031990528107, 0.19929245114326477, 0.20013627409934998]]
[[0.206403449177742, 0.19362424314022064, 0.19747917354106903, 0.20036129653453827, 0.2021317481994629]]
hyposthese:
2 pieces , no atherosis , clean specimens
reference:
2 pieces , clean specimen , no atherosis
