[[0.20229783654212952, 0.20767517387866974, 0.18571293354034424, 0.18285532295703888, 0.22145876288414001]]
[[0.18012598156929016, 0.18440966308116913, 0.22008399665355682, 0.19810190796852112, 0.21727843582630157]]
[[0.20344208180904388, 0.20320773124694824, 0.20447605848312378, 0.20964978635311127, 0.1792243868112564]]
[[0.21030518412590027, 0.20351558923721313, 0.19931189715862274, 0.212021142244339, 0.17484614253044128]]
[[0.19866842031478882, 0.1991458386182785, 0.20105554163455963, 0.20009185373783112, 0.2010383903980255]]
[[0.19647665321826935, 0.19872963428497314, 0.201690211892128, 0.19840149581432343, 0.2047019898891449]]
[[0.19866837561130524, 0.199756920337677, 0.2002228945493698, 0.19960564374923706, 0.20174618065357208]]
hyposthese:
2 pieces , minimal ischemic changes
reference:
2 <unk> aliquots , early ischemic changes ( contraction bands )
