[[0.23452332615852356, 0.14326457679271698, 0.28010597825050354, 0.14881786704063416, 0.19328828155994415]]
[[0.24058514833450317, 0.1442604959011078, 0.278138667345047, 0.14526434242725372, 0.1917513608932495]]
[[0.17505241930484772, 0.23513901233673096, 0.1512620896100998, 0.23262310028076172, 0.2059234082698822]]
[[0.14421361684799194, 0.27278146147727966, 0.10847125947475433, 0.2674730122089386, 0.20706066489219666]]
[[0.20380714535713196, 0.19602850079536438, 0.20749875903129578, 0.1969071924686432, 0.19575843214988708]]
[[0.20110821723937988, 0.2015947550535202, 0.19312961399555206, 0.20173077285289764, 0.20243659615516663]]
hyposthese:
2 pieces ; moderate congestion
reference:
2 pieces
