[[0.1946348398923874, 0.1849345713853836, 0.20401634275913239, 0.23194971680641174, 0.1844644546508789]]
[[0.16397245228290558, 0.1681562066078186, 0.24385540187358856, 0.2712249159812927, 0.15279102325439453]]
[[0.21538811922073364, 0.21832850575447083, 0.186256542801857, 0.15910889208316803, 0.22091789543628693]]
[[0.23767760396003723, 0.2436307668685913, 0.14647693932056427, 0.11436022818088531, 0.2578544020652771]]
[[0.1981220692396164, 0.1966482251882553, 0.2025904655456543, 0.20646816492080688, 0.1961711198091507]]
[[0.19533775746822357, 0.19353419542312622, 0.2056024968624115, 0.21243737637996674, 0.19308815896511078]]
[[0.19923913478851318, 0.1988917738199234, 0.20075315237045288, 0.20159024000167847, 0.1995256543159485]]
[[0.20450979471206665, 0.2041972428560257, 0.1977194845676422, 0.18873237073421478, 0.20484112203121185]]
[[0.1991065889596939, 0.19915008544921875, 0.20099855959415436, 0.2016017735004425, 0.19914302229881287]]
hyposthese:
2 pieces , subtotally occlusive atherosis , delineated
reference:
2 pieces 20-50 % occlusive atherosis ( delineated ) , focally <unk>
