[[0.1820390224456787, 0.17117729783058167, 0.20400576293468475, 0.2567581236362457, 0.18601977825164795]]
[[0.1771385669708252, 0.17436842620372772, 0.20002637803554535, 0.2424127459526062, 0.20605386793613434]]
[[0.2153220772743225, 0.22481296956539154, 0.1910061091184616, 0.16497725248336792, 0.2038816213607788]]
[[0.2206045687198639, 0.23687104880809784, 0.19807414710521698, 0.14019623398780823, 0.20425397157669067]]
[[0.19991299510002136, 0.19718164205551147, 0.19988305866718292, 0.20250588655471802, 0.20051643252372742]]
[[0.1980770230293274, 0.19546031951904297, 0.19867604970932007, 0.20777387917041779, 0.2000127136707306]]
[[0.1896200031042099, 0.18194568157196045, 0.19726362824440002, 0.23800510168075562, 0.19316551089286804]]
[[0.21487975120544434, 0.21921268105506897, 0.1988106667995453, 0.16086383163928986, 0.20623305439949036]]
hyposthese:
2 pieces , <unk> & <unk> ;
reference:
2 pieces , patchy remote <unk> , rep. encircled
