[[0.181889146566391, 0.19511525332927704, 0.1960129588842392, 0.221104234457016, 0.20587840676307678]]
[[0.1758107841014862, 0.20898321270942688, 0.16831830143928528, 0.28017666935920715, 0.1667110174894333]]
[[0.21020302176475525, 0.19583158195018768, 0.21107305586338043, 0.1756746470928192, 0.20721769332885742]]
[[0.22763830423355103, 0.19090062379837036, 0.23444324731826782, 0.12907299399375916, 0.21794481575489044]]
[[0.19880686700344086, 0.2015499323606491, 0.19680887460708618, 0.2060103863477707, 0.19682393968105316]]
[[0.1975119560956955, 0.20105549693107605, 0.19771596789360046, 0.20552384853363037, 0.19819268584251404]]
[[0.20322979986667633, 0.19888770580291748, 0.20375405251979828, 0.19058381021022797, 0.20354457199573517]]
[[0.19998827576637268, 0.20011310279369354, 0.19830942153930664, 0.20367488265037537, 0.19791433215141296]]
[[0.20111553370952606, 0.20061305165290833, 0.20206128060817719, 0.19445890188217163, 0.20175117254257202]]
[[0.19709739089012146, 0.20131570100784302, 0.19704927504062653, 0.2071378231048584, 0.19739976525306702]]
[[0.20003001391887665, 0.20027287304401398, 0.19831876456737518, 0.20247142016887665, 0.19890691339969635]]
hyposthese:
6 pieces ; well trimmed ; 10 % dermal fat
reference:
6 pieces ; well trimmed , epidermis measures <unk> microns
