[[0.20325163006782532, 0.18927407264709473, 0.22090747952461243, 0.18437418341636658, 0.20219269394874573]]
[[0.22310703992843628, 0.1584053635597229, 0.27903515100479126, 0.1699882447719574, 0.16946420073509216]]
[[0.19061392545700073, 0.21382103860378265, 0.17387668788433075, 0.21332791447639465, 0.20836040377616882]]
[[0.17826150357723236, 0.23936374485492706, 0.1306014209985733, 0.2362545132637024, 0.2155187427997589]]
[[0.2030286341905594, 0.1963631510734558, 0.20610518753528595, 0.1969578117132187, 0.19754520058631897]]
[[0.20168498158454895, 0.1964041143655777, 0.20673136413097382, 0.19693800806999207, 0.19824153184890747]]
[[0.1977989822626114, 0.20417676866054535, 0.18999454379081726, 0.20412085950374603, 0.20390881597995758]]
[[0.2016982138156891, 0.19745223224163055, 0.2045101523399353, 0.19809195399284363, 0.19824744760990143]]
[[0.20028817653656006, 0.20127345621585846, 0.1955219805240631, 0.2014426290988922, 0.20147374272346497]]
[[0.20335660874843597, 0.19526751339435577, 0.20745226740837097, 0.19625990092754364, 0.19766366481781006]]
[[0.20146597921848297, 0.1979099065065384, 0.20256999135017395, 0.19878387451171875, 0.19927018880844116]]
hyposthese:
6 pieces ; well trimmed ; 10 % dermal fat
reference:
6 pieces , minimal dermal fat ; squamous epithelium is <unk> microns
