[[0.17713162302970886, 0.16854886710643768, 0.16913160681724548, 0.2438172847032547, 0.24137061834335327]]
[[0.15803126990795135, 0.1523982435464859, 0.1527668535709381, 0.2551451027393341, 0.2816585302352905]]
[[0.22435645759105682, 0.2323688566684723, 0.23143896460533142, 0.15871797502040863, 0.15311773121356964]]
[[0.24786199629306793, 0.26361867785453796, 0.2645152807235718, 0.1166732981801033, 0.1073307916522026]]
[[0.1908828765153885, 0.1892540156841278, 0.18914203345775604, 0.21470850706100464, 0.21601255238056183]]
[[0.20143631100654602, 0.201001837849617, 0.20111538469791412, 0.19943755865097046, 0.19700887799263]]
[[0.1966303437948227, 0.19580961763858795, 0.19595865905284882, 0.20513111352920532, 0.2064703106880188]]
hyposthese:
2 pieces ; spermatogenesis is present
reference:
2 pieces ; active spermatogenesis
