[[0.2286081612110138, 0.18191422522068024, 0.215310737490654, 0.17198273539543152, 0.20218421518802643]]
[[0.22104822099208832, 0.17487278580665588, 0.2432100623846054, 0.1676076203584671, 0.1932612955570221]]
[[0.18116892874240875, 0.2163294106721878, 0.17999941110610962, 0.22293485701084137, 0.19956736266613007]]
[[0.1622695028781891, 0.23997312784194946, 0.14054185152053833, 0.26343998312950134, 0.19377556443214417]]
[[0.20129652321338654, 0.1979975402355194, 0.20298904180526733, 0.19633615016937256, 0.20138075947761536]]
[[0.20166806876659393, 0.19791367650032043, 0.20270289480686188, 0.19630743563175201, 0.20140792429447174]]
[[0.214884415268898, 0.1911444067955017, 0.2118275761604309, 0.1808858960866928, 0.20125775039196014]]
[[0.1809253990650177, 0.21873539686203003, 0.17748592793941498, 0.22289209067821503, 0.19996118545532227]]
[[0.19930391013622284, 0.20051248371601105, 0.19877290725708008, 0.20193590223789215, 0.19947482645511627]]
[[0.20256537199020386, 0.19875338673591614, 0.20241931080818176, 0.19432833790779114, 0.20193356275558472]]
[[0.20412442088127136, 0.1972671002149582, 0.20444715023040771, 0.1926286369562149, 0.20153270661830902]]
hyposthese:
2 pieces , <unk> & <unk> ; good clean specimens
reference:
4 pieces ; ~5-10 % internal and external fat
