[[0.1280469447374344, 0.19338491559028625, 0.20076899230480194, 0.2525869309902191, 0.22521215677261353]]
[[0.14019758999347687, 0.18491393327713013, 0.18682025372982025, 0.2486237734556198, 0.23944441974163055]]
[[0.2493414431810379, 0.20449721813201904, 0.2098088264465332, 0.1634996086359024, 0.17285297811031342]]
[[0.310122013092041, 0.20884449779987335, 0.21045204997062683, 0.13202202320098877, 0.13855943083763123]]
[[0.18496985733509064, 0.1966787874698639, 0.1980741024017334, 0.20991936326026917, 0.2103578895330429]]
[[0.2191729098558426, 0.2025703638792038, 0.20394070446491241, 0.18429897725582123, 0.19001710414886475]]
[[0.18683414161205292, 0.19774356484413147, 0.19669057428836823, 0.20939695835113525, 0.2093348205089569]]
[[0.19183221459388733, 0.19823862612247467, 0.19739575684070587, 0.2070906162261963, 0.20544278621673584]]
hyposthese:
2 pieces ; emphysema ; patchy fibrosis
reference:
2 pieces , moderate congestion
