[[0.17701132595539093, 0.19030742347240448, 0.2048700451850891, 0.21001797914505005, 0.2177932858467102]]
[[0.1786476969718933, 0.1931847482919693, 0.17089897394180298, 0.16216889023780823, 0.2950996458530426]]
[[0.21431714296340942, 0.202846959233284, 0.20479103922843933, 0.20945608615875244, 0.16858872771263123]]
[[0.2361706793308258, 0.20792771875858307, 0.21050240099430084, 0.22567567229270935, 0.11972349882125854]]
[[0.19766157865524292, 0.19904117286205292, 0.1981811821460724, 0.19592289626598358, 0.20919311046600342]]
[[0.19610761106014252, 0.19845834374427795, 0.19817578792572021, 0.19646339118480682, 0.21079480648040771]]
[[0.20293103158473969, 0.2022666335105896, 0.20361323654651642, 0.20389707386493683, 0.18729203939437866]]
[[0.19887523353099823, 0.1986740529537201, 0.1989804059267044, 0.19797652959823608, 0.20549380779266357]]
[[0.20034818351268768, 0.20032009482383728, 0.20054779946804047, 0.20010453462600708, 0.19867932796478271]]
[[0.19565339386463165, 0.19890300929546356, 0.19855834543704987, 0.19638173282146454, 0.210503488779068]]
[[0.19858874380588531, 0.19919268786907196, 0.1994403451681137, 0.1984461396932602, 0.2043321132659912]]
hyposthese:
6 pieces ; well trimmed ; 5 % dermal fat
reference:
6 pieces , no dermal fat ; squamous epithelium is ~40 microns
