[[0.22235439717769623, 0.169142946600914, 0.2585371434688568, 0.10711213946342468, 0.24285338819026947]]
[[0.24530015885829926, 0.15297923982143402, 0.2517285645008087, 0.1059732511639595, 0.2440187633037567]]
[[0.19017797708511353, 0.21752987802028656, 0.16691666841506958, 0.24930177628993988, 0.17607365548610687]]
[[0.1225944384932518, 0.24684056639671326, 0.10354557633399963, 0.4134676158428192, 0.11355186253786087]]
[[0.20199395716190338, 0.19252005219459534, 0.20687660574913025, 0.19303783774375916, 0.20557159185409546]]
[[0.19727696478366852, 0.20437587797641754, 0.19730597734451294, 0.20130938291549683, 0.19973181188106537]]
[[0.1973443329334259, 0.20329469442367554, 0.1953854262828827, 0.20461513102054596, 0.1993604153394699]]
[[0.21046888828277588, 0.18449662625789642, 0.2187625914812088, 0.17234273254871368, 0.2139292061328888]]
[[0.1983715444803238, 0.2023109495639801, 0.19880834221839905, 0.1997004598379135, 0.20080873370170593]]
[[0.19237497448921204, 0.21194447576999664, 0.18457220494747162, 0.2199811190366745, 0.19112718105316162]]
[[0.20102234184741974, 0.1972588300704956, 0.20403382182121277, 0.19453856348991394, 0.20314645767211914]]
[[0.20433451235294342, 0.19122454524040222, 0.21143923699855804, 0.18457990884780884, 0.2084217518568039]]
hyposthese:
6 pieces ; glomeruli present in all sections , no <unk>
reference:
6 pieces ; no active or chronic lesions
