[[0.1986193060874939, 0.23017585277557373, 0.18923132121562958, 0.189223513007164, 0.1927500218153]]
[[0.2012484073638916, 0.26630696654319763, 0.1763155162334442, 0.18028709292411804, 0.1758420318365097]]
[[0.19143617153167725, 0.15886813402175903, 0.218084454536438, 0.2161114513874054, 0.21549983322620392]]
[[0.1887306421995163, 0.1034332737326622, 0.2382192313671112, 0.23496335744857788, 0.23465345799922943]]
[[0.2069583386182785, 0.21943670511245728, 0.1907029002904892, 0.1920609474182129, 0.19084109365940094]]
[[0.2055760771036148, 0.2306993305683136, 0.1871972233057022, 0.1890682876110077, 0.18745912611484528]]
hyposthese:
4 pieces , no abnormalities
reference:
4 pieces , includes adherent meninges
