[[0.19304364919662476, 0.21767117083072662, 0.16034796833992004, 0.14146272838115692, 0.28747451305389404]]
[[0.21255722641944885, 0.19394312798976898, 0.15369343757629395, 0.13538400828838348, 0.30442219972610474]]
[[0.19723252952098846, 0.1957973688840866, 0.22971706092357635, 0.24563747644424438, 0.13161565363407135]]
[[0.18179862201213837, 0.18032188713550568, 0.2571222484111786, 0.28967347741127014, 0.09108379483222961]]
[[0.20237837731838226, 0.19998136162757874, 0.19761651754379272, 0.19613903760910034, 0.20388470590114594]]
[[0.20326678454875946, 0.20231841504573822, 0.20324362814426422, 0.20332282781600952, 0.18784835934638977]]
[[0.20540763437747955, 0.20517824590206146, 0.19471387565135956, 0.18707945942878723, 0.2076207995414734]]
[[0.20102010667324066, 0.20049725472927094, 0.19857469201087952, 0.19732819497585297, 0.20257976651191711]]
hyposthese:
2 pieces ; 10 % internal fat
reference:
2 pieces , adherent/interstitial fat is <unk> % , delineated ; islets well visualized ; rep encircled
