[[0.19224292039871216, 0.1756824553012848, 0.24906054139137268, 0.17021216452121735, 0.21280193328857422]]
[[0.20498192310333252, 0.17464172840118408, 0.2612374722957611, 0.17693714797496796, 0.18220177292823792]]
[[0.203132763504982, 0.2190820574760437, 0.15139617025852203, 0.22919008135795593, 0.19719892740249634]]
[[0.20044729113578796, 0.22975751757621765, 0.12552008032798767, 0.23731796443462372, 0.20695719122886658]]
[[0.2016686350107193, 0.19646453857421875, 0.20856916904449463, 0.19636227190494537, 0.19693541526794434]]
[[0.20207002758979797, 0.1948801428079605, 0.21424835920333862, 0.1907469779253006, 0.1980544924736023]]
[[0.20124922692775726, 0.19870097935199738, 0.20293930172920227, 0.19787393510341644, 0.19923651218414307]]
hyposthese:
2 pieces , minimal ischemic changes
reference:
2 pieces ; well preserved , no lesions or <unk> of ischemia
