[[0.21183745563030243, 0.20000457763671875, 0.17568404972553253, 0.20001515746116638, 0.2124587446451187]]
[[0.2134108692407608, 0.2002096027135849, 0.1694076806306839, 0.18444064259529114, 0.23253120481967926]]
[[0.1870928704738617, 0.19854946434497833, 0.22262771427631378, 0.2035808116197586, 0.1881491094827652]]
[[0.17709681391716003, 0.19433125853538513, 0.24884501099586487, 0.21402418613433838, 0.16570276021957397]]
[[0.2011253982782364, 0.19945083558559418, 0.19560039043426514, 0.19954513013362885, 0.20427823066711426]]
[[0.2032194435596466, 0.19945916533470154, 0.19018913805484772, 0.19799083471298218, 0.20914147794246674]]
[[0.19949619472026825, 0.2001301646232605, 0.2064121663570404, 0.2004539519548416, 0.19350755214691162]]
[[0.19985952973365784, 0.20045839250087738, 0.20014941692352295, 0.20037612318992615, 0.19915644824504852]]
[[0.2011406272649765, 0.1983003169298172, 0.19642457365989685, 0.19688346982002258, 0.20725102722644806]]
hyposthese:
6 pieces , all muscularis , good specimens
reference:
6 pieces , up to <unk> trimmed .
