[[0.2035999596118927, 0.19246608018875122, 0.19876888394355774, 0.20538145303726196, 0.19978362321853638]]
[[0.1998991221189499, 0.18314118683338165, 0.1874518096446991, 0.2281709462404251, 0.20133693516254425]]
[[0.19558678567409515, 0.21142230927944183, 0.20584717392921448, 0.1820664405822754, 0.20507732033729553]]
[[0.19524292647838593, 0.21881912648677826, 0.20652411878108978, 0.172853484749794, 0.20656028389930725]]
[[0.1997281014919281, 0.1982623040676117, 0.19807499647140503, 0.2053723931312561, 0.19856223464012146]]
[[0.20044812560081482, 0.19881324470043182, 0.19901728630065918, 0.2041059136390686, 0.1976153552532196]]
[[0.20236968994140625, 0.19118857383728027, 0.19525392353534698, 0.2158484011888504, 0.19533948600292206]]
[[0.1985083520412445, 0.21174392104148865, 0.20703504979610443, 0.17868538200855255, 0.2040272355079651]]
[[0.20042218267917633, 0.20044654607772827, 0.20051604509353638, 0.19885528087615967, 0.19975990056991577]]
[[0.20063303411006927, 0.19708682596683502, 0.1982150673866272, 0.20596715807914734, 0.19809791445732117]]
hyposthese:
2 pieces , <unk> & <unk> ; minimal adipose
reference:
2 pieces up to ~11x6mm
