[[0.13600030541419983, 0.1714136302471161, 0.22362056374549866, 0.22420234978199005, 0.24476321041584015]]
[[0.14125791192054749, 0.16829682886600494, 0.21873655915260315, 0.22609078884124756, 0.24561791121959686]]
[[0.24461764097213745, 0.22812554240226746, 0.18331681191921234, 0.1828046590089798, 0.16113536059856415]]
[[0.30575236678123474, 0.2539357542991638, 0.1564987450838089, 0.16318750381469727, 0.12062565982341766]]
[[0.1870940625667572, 0.1895666867494583, 0.20617243647575378, 0.20187100768089294, 0.21529582142829895]]
[[0.1754785031080246, 0.1856805384159088, 0.20810213685035706, 0.20825250446796417, 0.22248628735542297]]
hyposthese:
2 pieces , no abnormalities
reference:
2 pieces : smaller has 20 % fibrofatty content
