[[0.15736371278762817, 0.2385019212961197, 0.19872291386127472, 0.1648872345685959, 0.24052418768405914]]
[[0.17492768168449402, 0.2295195460319519, 0.19333310425281525, 0.15677425265312195, 0.2454454004764557]]
[[0.22406451404094696, 0.18010683357715607, 0.204183429479599, 0.22295890748500824, 0.1686863750219345]]
[[0.2514822781085968, 0.14774580299854279, 0.20569439232349396, 0.2590230107307434, 0.13605450093746185]]
[[0.19652816653251648, 0.2028072029352188, 0.1995888352394104, 0.19468271732330322, 0.2063930630683899]]
[[0.19527524709701538, 0.20400869846343994, 0.19767773151397705, 0.19448140263557434, 0.2085569202899933]]
[[0.1852465271949768, 0.20953576266765594, 0.19722774624824524, 0.18730990588665009, 0.2206800878047943]]
[[0.22458383440971375, 0.18076735734939575, 0.2009936422109604, 0.2255275696516037, 0.16812759637832642]]
[[0.20294441282749176, 0.1965235322713852, 0.2006288468837738, 0.20326150953769684, 0.1966416984796524]]
[[0.1923520863056183, 0.20757991075515747, 0.19509311020374298, 0.1931331604719162, 0.21184173226356506]]
[[0.19464030861854553, 0.20525826513767242, 0.1980801820755005, 0.19561399519443512, 0.2064073234796524]]
hyposthese:
2 pieces , <unk> & <unk> ; good clean specimens
reference:
2 pieces , early atheromatous plaque , attachment of fibrofatty <unk>
