[[0.1703755259513855, 0.2369711995124817, 0.17330865561962128, 0.22727929055690765, 0.1920652538537979]]
[[0.16734632849693298, 0.2739454209804535, 0.17527827620506287, 0.20756658911705017, 0.17586340010166168]]
[[0.2306530475616455, 0.1537250280380249, 0.22754156589508057, 0.181786447763443, 0.2062939703464508]]
[[0.265453577041626, 0.1063779816031456, 0.2528008818626404, 0.16157850623130798, 0.21378907561302185]]
[[0.19468280673027039, 0.2090386301279068, 0.19512248039245605, 0.20256419479846954, 0.19859185814857483]]
[[0.18810009956359863, 0.2139228880405426, 0.19186139106750488, 0.20545588433742523, 0.20065975189208984]]
[[0.1950354427099228, 0.2048766314983368, 0.19650590419769287, 0.20221945643424988, 0.20136256515979767]]
[[0.19164641201496124, 0.21162351965904236, 0.1932755559682846, 0.2037726640701294, 0.1996818333864212]]
[[0.19574007391929626, 0.20682306587696075, 0.19618946313858032, 0.2027195692062378, 0.19852784276008606]]
[[0.214775949716568, 0.17543765902519226, 0.2123980075120926, 0.19054816663265228, 0.20684023201465607]]
[[0.19777986407279968, 0.20330286026000977, 0.1980828493833542, 0.2012311816215515, 0.19960322976112366]]
[[0.19924773275852203, 0.2010715752840042, 0.19950199127197266, 0.20002035796642303, 0.20015838742256165]]
[[0.19620849192142487, 0.20462840795516968, 0.19821080565452576, 0.20239420235157013, 0.19855812191963196]]
hyposthese:
6 pieces , squamous mucosa up to ~0.4mm , <unk> % thickness
reference:
6 pieces ; esophagitis ( c/w reflux ) with eosinophilic squamous surface focally
