[[0.22516942024230957, 0.17986103892326355, 0.18399450182914734, 0.1828145980834961, 0.22816036641597748]]
[[0.2215292751789093, 0.177341029047966, 0.19195103645324707, 0.18270079791545868, 0.22647781670093536]]
[[0.17446723580360413, 0.22003479301929474, 0.21280409395694733, 0.21890591084957123, 0.17378801107406616]]
[[0.1572561115026474, 0.23139560222625732, 0.22309088706970215, 0.22925259172916412, 0.1590048372745514]]
[[0.2040877640247345, 0.19634361565113068, 0.19784338772296906, 0.19755999743938446, 0.2041652947664261]]
[[0.20099741220474243, 0.19943402707576752, 0.19954125583171844, 0.1992478221654892, 0.200779527425766]]
[[0.20378640294075012, 0.19608385860919952, 0.1990465670824051, 0.1975126564502716, 0.20357052981853485]]
[[0.202130988240242, 0.19790655374526978, 0.1989501416683197, 0.19869989156723022, 0.2023124098777771]]
[[0.19351978600025177, 0.2048111855983734, 0.20457135140895844, 0.20421543717384338, 0.19288226962089539]]
[[0.20099994540214539, 0.19906753301620483, 0.19937650859355927, 0.1992878019809723, 0.2012682557106018]]
[[0.20477284491062164, 0.1971096396446228, 0.19766400754451752, 0.1972036361694336, 0.20324993133544922]]
hyposthese:
2 pieces , ~10 % interstitial fat , rep delineated
reference:
2 pieces ; up to 20 % internal fat
