[[0.173050656914711, 0.1669900119304657, 0.22740939259529114, 0.17904892563819885, 0.2535009980201721]]
[[0.15500307083129883, 0.15157873928546906, 0.2399481236934662, 0.165650874376297, 0.2878192365169525]]
[[0.22711989283561707, 0.2314663976430893, 0.16888955235481262, 0.21452444791793823, 0.15799975395202637]]
[[0.24940861761569977, 0.25553834438323975, 0.14574480056762695, 0.23086464405059814, 0.11844358593225479]]
[[0.2021748423576355, 0.2008807212114334, 0.2017187625169754, 0.20342180132865906, 0.1918039321899414]]
[[0.19977594912052155, 0.1983375996351242, 0.20513881742954254, 0.19897909462451935, 0.19776856899261475]]
[[0.18021778762340546, 0.17518988251686096, 0.22117172181606293, 0.1814350187778473, 0.24198557436466217]]
[[0.23183737695217133, 0.2360798418521881, 0.16101081669330597, 0.2242155224084854, 0.1468563675880432]]
[[0.20479510724544525, 0.20437972247600555, 0.19626295566558838, 0.2040943205356598, 0.19046790897846222]]
[[0.19430197775363922, 0.193574458360672, 0.20900841057300568, 0.19598855078220367, 0.207126647233963]]
hyposthese:
2 pieces , <unk> & 7x6mm ; moderate congestion
reference:
2 aliquots , ~8x5mm . severe diffuse alveolar congestion/edema
