[[0.23073934018611908, 0.24541859328746796, 0.12932665646076202, 0.1649368852376938, 0.22957852482795715]]
[[0.23945312201976776, 0.2321816086769104, 0.1407673954963684, 0.16507898271083832, 0.22251883149147034]]
[[0.1815451830625534, 0.1740049421787262, 0.2361721694469452, 0.22504980862140656, 0.18322791159152985]]
[[0.13380874693393707, 0.13041849434375763, 0.3183206617832184, 0.2571389377117157, 0.16031315922737122]]
[[0.20620740950107574, 0.20441104471683502, 0.19408148527145386, 0.19486601650714874, 0.20043405890464783]]
[[0.2204011231660843, 0.22465761005878448, 0.1650036871433258, 0.18076403439044952, 0.20917348563671112]]
[[0.21882691979408264, 0.22310934960842133, 0.16831421852111816, 0.18404191732406616, 0.2057076394557953]]
[[0.1627964973449707, 0.15665043890476227, 0.27249249815940857, 0.23598960041999817, 0.1720709651708603]]
[[0.1993740051984787, 0.19845400750637054, 0.20261240005493164, 0.19996045529842377, 0.19959914684295654]]
[[0.203825905919075, 0.2065504789352417, 0.19305799901485443, 0.19682054221630096, 0.1997450739145279]]
[[0.20075976848602295, 0.19867277145385742, 0.19936735928058624, 0.1996220499277115, 0.20157800614833832]]
hyposthese:
6 pieces , up to <unk> ; all have mucosa
reference:
6 pieces up to <unk> mm ; focally sloughed epithelium
