[[0.21183277666568756, 0.10823576152324677, 0.27460214495658875, 0.14212480187416077, 0.2632044851779938]]
[[0.20546171069145203, 0.10308283567428589, 0.31272298097610474, 0.11864025890827179, 0.26009219884872437]]
[[0.19225573539733887, 0.2708134949207306, 0.1274709403514862, 0.2591615319252014, 0.1502983421087265]]
[[0.15607686340808868, 0.3658904731273651, 0.06737042218446732, 0.3169387876987457, 0.09372345358133316]]
[[0.19998031854629517, 0.19065500795841217, 0.20809170603752136, 0.19238701462745667, 0.2088860124349594]]
[[0.2043694406747818, 0.18752068281173706, 0.20977219939231873, 0.1911267638206482, 0.20721089839935303]]
[[0.1941438466310501, 0.14991642534732819, 0.26809224486351013, 0.1586606353521347, 0.22918684780597687]]
[[0.2005670964717865, 0.25926271080970764, 0.1309944987297058, 0.2487102746963501, 0.16046534478664398]]
[[0.20213143527507782, 0.2037399858236313, 0.19083011150360107, 0.20409666001796722, 0.19920174777507782]]
[[0.2055082470178604, 0.20000018179416656, 0.1917905956506729, 0.2038920372724533, 0.1988089382648468]]
[[0.20129065215587616, 0.18965786695480347, 0.2103109508752823, 0.19422321021556854, 0.20451734960079193]]
[[0.20527012646198273, 0.21810126304626465, 0.17428089678287506, 0.21352015435695648, 0.1888275444507599]]
[[0.20142056047916412, 0.18475227057933807, 0.21572312712669373, 0.18921568989753723, 0.20888835191726685]]
hyposthese:
2 pieces , <unk> & <unk> ; 1 has 60 % adipose
reference:
2 pieces ; well dissected , no fat , focal <unk> hemorrhage ( annotated )
