[[0.20632988214492798, 0.15975721180438995, 0.1883203387260437, 0.17252174019813538, 0.2730708122253418]]
[[0.2014312446117401, 0.16194677352905273, 0.1809697300195694, 0.16572509706020355, 0.289927214384079]]
[[0.19203059375286102, 0.22947853803634644, 0.21242456138134003, 0.2225075215101242, 0.14355875551700592]]
[[0.18248315155506134, 0.2585243582725525, 0.2120305299758911, 0.24133774638175964, 0.10562420636415482]]
[[0.20560632646083832, 0.19431829452514648, 0.1983611285686493, 0.19753850996494293, 0.20417572557926178]]
[[0.20249293744564056, 0.19476436078548431, 0.19942086935043335, 0.19731293618679047, 0.2060089111328125]]
hyposthese:
2 pieces , moderate congestion
reference:
2 pieces , 9x7 & 8x6mm ;
