[[0.1974288374185562, 0.17234273254871368, 0.22961808741092682, 0.19705325365066528, 0.2035571187734604]]
[[0.2068158984184265, 0.18468700349330902, 0.21548967063426971, 0.1920366883277893, 0.20097070932388306]]
[[0.20033209025859833, 0.21560345590114594, 0.18432782590389252, 0.20111821591854095, 0.19861839711666107]]
[[0.1892080307006836, 0.23652678728103638, 0.1655239760875702, 0.21355067193508148, 0.19519060850143433]]
[[0.2007770836353302, 0.1961900144815445, 0.20515862107276917, 0.19788594543933868, 0.19998827576637268]]
[[0.2006247192621231, 0.18905451893806458, 0.2109159231185913, 0.1970914602279663, 0.20231333374977112]]
[[0.20042598247528076, 0.1989077925682068, 0.2004082351922989, 0.20010952651500702, 0.20014847815036774]]
hyposthese:
2 pieces , minimal fascia/vascular elements
reference:
2 pieces
