[[0.2128230780363083, 0.1459110677242279, 0.18781080842018127, 0.23396243155002594, 0.2194926142692566]]
[[0.2101590782403946, 0.14912308752536774, 0.19658219814300537, 0.22338561713695526, 0.22075000405311584]]
[[0.1971728801727295, 0.23269140720367432, 0.20303909480571747, 0.18339399993419647, 0.18370260298252106]]
[[0.18976405262947083, 0.26075899600982666, 0.219353586435318, 0.15362532436847687, 0.17649799585342407]]
[[0.1964629739522934, 0.19737762212753296, 0.2000245749950409, 0.2071937620639801, 0.19894112646579742]]
[[0.19989874958992004, 0.19455944001674652, 0.19443155825138092, 0.21013817191123962, 0.20097200572490692]]
[[0.20093534886837006, 0.17640501260757446, 0.18489524722099304, 0.22903481125831604, 0.2087295949459076]]
[[0.18723273277282715, 0.24508380889892578, 0.2105364203453064, 0.17443406581878662, 0.18271298706531525]]
hyposthese:
2 pieces , <unk> & <unk> ;
reference:
2 pieces , 7x6 & <unk> ; small number of lobules and ~90 % adipose
