[[0.19711777567863464, 0.1901831030845642, 0.19709932804107666, 0.2170969694852829, 0.19850283861160278]]
[[0.1736282855272293, 0.1859171837568283, 0.20137670636177063, 0.2666800320148468, 0.17239774763584137]]
[[0.20691992342472076, 0.20776137709617615, 0.19923700392246246, 0.17923308908939362, 0.2068486362695694]]
[[0.2262820303440094, 0.21423231065273285, 0.19593939185142517, 0.13910400867462158, 0.2244422882795334]]
[[0.1984696090221405, 0.19771507382392883, 0.20052073895931244, 0.2053138017654419, 0.19798077642917633]]
[[0.19859616458415985, 0.19752387702465057, 0.20128946006298065, 0.20432430505752563, 0.1982661783695221]]
[[0.1990469992160797, 0.1990204006433487, 0.20142784714698792, 0.20187991857528687, 0.1986248791217804]]
[[0.1988900750875473, 0.19708430767059326, 0.2017834633588791, 0.20406575500965118, 0.19817639887332916]]
[[0.20010599493980408, 0.1994791477918625, 0.1999312788248062, 0.20032374560832977, 0.20015987753868103]]
[[0.20355644822120667, 0.20400629937648773, 0.20118415355682373, 0.18718074262142181, 0.20407241582870483]]
[[0.19942504167556763, 0.19849547743797302, 0.20069004595279694, 0.2024364173412323, 0.1989530324935913]]
[[0.19850945472717285, 0.19801761209964752, 0.20019003748893738, 0.2051989734172821, 0.19808392226696014]]
[[0.1989506632089615, 0.19921548664569855, 0.20076417922973633, 0.20243681967258453, 0.19863282144069672]]
hyposthese:
6 pieces , squamous epithelium is ~50 microns , minimal dermal fat
reference:
ok for <unk>
