[[0.15844646096229553, 0.22472217679023743, 0.2189805805683136, 0.22831392288208008, 0.16953681409358978]]
[[0.14699120819568634, 0.24837172031402588, 0.2100978046655655, 0.24043680727481842, 0.15410247445106506]]
[[0.2362891286611557, 0.17268523573875427, 0.18356971442699432, 0.17289911210536957, 0.23455680906772614]]
[[0.3034859895706177, 0.125052347779274, 0.15409594774246216, 0.12465939670801163, 0.29270631074905396]]
[[0.19157858192920685, 0.2039928436279297, 0.2052735984325409, 0.2068123072385788, 0.19234272837638855]]
[[0.16705137491226196, 0.22192080318927765, 0.2096722424030304, 0.22735163569450378, 0.17400389909744263]]
[[0.17188797891139984, 0.21811626851558685, 0.21037697792053223, 0.2214473932981491, 0.17817136645317078]]
[[0.2654665410518646, 0.15222714841365814, 0.17619936168193817, 0.15319949388504028, 0.2529074549674988]]
[[0.2004851996898651, 0.19831645488739014, 0.19980718195438385, 0.20041212439537048, 0.2009790688753128]]
[[0.18892112374305725, 0.20661118626594543, 0.2060430347919464, 0.20814445614814758, 0.19028015434741974]]
[[0.19701677560806274, 0.20199616253376007, 0.20087148249149323, 0.2022790163755417, 0.19783654808998108]]
[[0.19536133110523224, 0.20301517844200134, 0.20146329700946808, 0.20401686429977417, 0.19614329934120178]]
[[0.19634021818637848, 0.20238767564296722, 0.2009201943874359, 0.2032921463251114, 0.19705970585346222]]
[[0.19497446715831757, 0.20276865363121033, 0.20216104388237, 0.20422761142253876, 0.19586831331253052]]
hyposthese:
6 pieces , up to <unk> ; squamous mucosa is ~10 % thickness
reference:
6 pieces ~7x2mm , squamous mucosa well-preserved , up to 10 % thickness
