[[0.19390550255775452, 0.2076510637998581, 0.20294919610023499, 0.19647188484668732, 0.19902238249778748]]
[[0.18428359925746918, 0.2287706732749939, 0.19976794719696045, 0.1918821930885315, 0.1952955722808838]]
[[0.20810501277446747, 0.18975672125816345, 0.19890177249908447, 0.20323152840137482, 0.20000505447387695]]
[[0.2179260402917862, 0.170288547873497, 0.2010544389486313, 0.20808535814285278, 0.20264557003974915]]
[[0.19911910593509674, 0.20188592374324799, 0.20009228587150574, 0.19955508410930634, 0.1993476152420044]]
[[0.19455082714557648, 0.20883870124816895, 0.2005876898765564, 0.1970478743314743, 0.1989748477935791]]
hyposthese:
6 pieces , minimal atherosis
reference:
6 pieces ; well trimmed and with atheromatous plaque <unk>
