[[0.21373452246189117, 0.1987389326095581, 0.19476938247680664, 0.2086803913116455, 0.18407678604125977]]
[[0.3067072033882141, 0.15007871389389038, 0.15038526058197021, 0.23169739544391632, 0.16113142669200897]]
[[0.1696881502866745, 0.21257980167865753, 0.21364545822143555, 0.18965038657188416, 0.21443623304367065]]
[[0.10640627145767212, 0.24582503736019135, 0.24678702652454376, 0.16110584139823914, 0.23987585306167603]]
[[0.20966790616512299, 0.19528065621852875, 0.19548559188842773, 0.20360063016414642, 0.1959652304649353]]
[[0.21071957051753998, 0.19495245814323425, 0.19500181078910828, 0.2041144073009491, 0.19521178305149078]]
[[0.18275226652622223, 0.20768418908119202, 0.20770782232284546, 0.19507496058940887, 0.20678071677684784]]
[[0.2071055918931961, 0.1963936686515808, 0.19656939804553986, 0.20299121737480164, 0.1969400942325592]]
[[0.1923634558916092, 0.20280185341835022, 0.20306555926799774, 0.19922110438346863, 0.20254802703857422]]
[[0.2123594731092453, 0.1938352733850479, 0.1941213458776474, 0.20437274873256683, 0.19531112909317017]]
[[0.20526373386383057, 0.19731572270393372, 0.1975608617067337, 0.20152384042739868, 0.19833575189113617]]
hyposthese:
6 pieces ; well trimmed ; 10 % dermal fat
reference:
6 pieces , up to 6x2mm ; subcutaneous fat well trimmed
