[[0.16971911489963531, 0.20056886970996857, 0.22615212202072144, 0.20201429724693298, 0.20154552161693573]]
[[0.12642015516757965, 0.18922239542007446, 0.26826685667037964, 0.23900575935840607, 0.1770848035812378]]
[[0.2352442890405655, 0.20504286885261536, 0.16368067264556885, 0.18688584864139557, 0.20914636552333832]]
[[0.3070482611656189, 0.20786717534065247, 0.11654374748468399, 0.14878128468990326, 0.21975958347320557]]
[[0.19349832832813263, 0.20039953291416168, 0.20325683057308197, 0.2052326649427414, 0.19761265814304352]]
[[0.17075563967227936, 0.2020515501499176, 0.21967986226081848, 0.21547098457813263, 0.19204194843769073]]
[[0.17920809984207153, 0.2005978375673294, 0.21498674154281616, 0.20815834403038025, 0.19704899191856384]]
[[0.26053935289382935, 0.19809135794639587, 0.15991537272930145, 0.1738436222076416, 0.2076103240251541]]
[[0.19959063827991486, 0.2008505016565323, 0.1982971876859665, 0.2007429003715515, 0.20051880180835724]]
[[0.1808389127254486, 0.198092520236969, 0.215633824467659, 0.21110135316848755, 0.19433337450027466]]
[[0.20210202038288116, 0.20044289529323578, 0.19718831777572632, 0.1988753229379654, 0.20139150321483612]]
hyposthese:
6 pieces , up to 8x3mm ; well trimmed .
reference:
6 pieces , up to 9x3mm ; adherent <unk> up to ~1mm along <unk> of most sections
