[[0.18788301944732666, 0.16654713451862335, 0.17038758099079132, 0.1750117689371109, 0.30017051100730896]]
[[0.20053289830684662, 0.18749688565731049, 0.1887776404619217, 0.1884387731552124, 0.23475386202335358]]
[[0.20156709849834442, 0.2124021351337433, 0.2104005068540573, 0.2088668942451477, 0.1667632907629013]]
[[0.20167547464370728, 0.22264693677425385, 0.22037623822689056, 0.2189350426197052, 0.13636627793312073]]
[[0.20145907998085022, 0.20035198330879211, 0.20034846663475037, 0.1997850090265274, 0.19805553555488586]]
[[0.20103015005588531, 0.19956016540527344, 0.19905626773834229, 0.1987137347459793, 0.20163971185684204]]
[[0.2011335790157318, 0.20003536343574524, 0.20014332234859467, 0.2006942480802536, 0.19799351692199707]]
[[0.20056387782096863, 0.20008592307567596, 0.20000408589839935, 0.199930801987648, 0.19941531121730804]]
[[0.20035314559936523, 0.19998706877231598, 0.1999928057193756, 0.1999989002943039, 0.19966799020767212]]
[[0.20030708611011505, 0.19908618927001953, 0.19923152029514313, 0.19948984682559967, 0.20188534259796143]]
[[0.20020410418510437, 0.19967293739318848, 0.199738010764122, 0.19993022084236145, 0.2004546970129013]]
[[0.20048750936985016, 0.19966794550418854, 0.19972464442253113, 0.19987939298152924, 0.20024053752422333]]
[[0.19945187866687775, 0.1978762298822403, 0.1981431245803833, 0.1983308345079422, 0.20619799196720123]]
hyposthese:
2 pieces , well preserved , islets well visualized , rep encircled
reference:
2 pieces , well-preserved , islets well visualized ; rep. delineated
