[[0.17518573999404907, 0.18064843118190765, 0.23778854310512543, 0.2194165587425232, 0.18696075677871704]]
[[0.16400505602359772, 0.15355028212070465, 0.2543826699256897, 0.2336788922548294, 0.19438306987285614]]
[[0.22516456246376038, 0.22668017446994781, 0.16105864942073822, 0.17823556065559387, 0.20886103808879852]]
[[0.23734624683856964, 0.24259544909000397, 0.13676531612873077, 0.17444121837615967, 0.20885173976421356]]
[[0.19419856369495392, 0.1919834017753601, 0.20838795602321625, 0.20505157113075256, 0.20037850737571716]]
[[0.20691236853599548, 0.20592747628688812, 0.18886853754520416, 0.19467177987098694, 0.20361989736557007]]
[[0.1943594366312027, 0.19138117134571075, 0.2085484117269516, 0.20567607879638672, 0.2000349462032318]]
hyposthese:
1 piece ; adenohypophysis and neurohypophysis
reference:
2 pieces , ~30 % neurohypophysis , delineated , rest adenohypophysis
