[[0.22416450083255768, 0.18755792081356049, 0.2144373655319214, 0.1831381767988205, 0.19070199131965637]]
[[0.22123102843761444, 0.20103025436401367, 0.23653458058834076, 0.158059224486351, 0.18314498662948608]]
[[0.1870928257703781, 0.20517675578594208, 0.18734708428382874, 0.21288231015205383, 0.20750100910663605]]
[[0.16285745799541473, 0.20660938322544098, 0.15915031731128693, 0.2503393292427063, 0.22104355692863464]]
[[0.20242604613304138, 0.20022466778755188, 0.2026512622833252, 0.1984141767024994, 0.19628384709358215]]
[[0.20544280111789703, 0.19923925399780273, 0.20801565051078796, 0.19453313946723938, 0.1927691251039505]]
[[0.19620682299137115, 0.20003563165664673, 0.19580373167991638, 0.2024768441915512, 0.20547690987586975]]
[[0.19978632032871246, 0.19971397519111633, 0.1996782422065735, 0.2002677470445633, 0.20055362582206726]]
[[0.20287683606147766, 0.19800668954849243, 0.20356889069080353, 0.19661347568035126, 0.19893419742584229]]
hyposthese:
6 pieces , all muscularis , good specimens
reference:
6 pieces ; submucosal fibrous stroma comprises 10 % of 3 pieces
