[[0.17799974977970123, 0.15383337438106537, 0.2096831202507019, 0.2057545930147171, 0.2527291178703308]]
[[0.18678951263427734, 0.16708745062351227, 0.19734257459640503, 0.22113020718097687, 0.22765031456947327]]
[[0.2096828818321228, 0.23288536071777344, 0.19820205867290497, 0.19391223788261414, 0.16531750559806824]]
[[0.22406144440174103, 0.27472159266471863, 0.1895800232887268, 0.1686551719903946, 0.14298176765441895]]
[[0.1947208046913147, 0.19085155427455902, 0.1997329592704773, 0.2029978483915329, 0.2116967886686325]]
[[0.19520458579063416, 0.1899920254945755, 0.19979193806648254, 0.20216521620750427, 0.21284624934196472]]
[[0.20458868145942688, 0.2111508995294571, 0.20228412747383118, 0.19657181203365326, 0.1854044795036316]]
[[0.1973327398300171, 0.19586287438869476, 0.1993517279624939, 0.20132002234458923, 0.2061326503753662]]
[[0.19586816430091858, 0.191458061337471, 0.20099478960037231, 0.2013973891735077, 0.21028156578540802]]
hyposthese:
2 pieces ; well trimmed ; no plaques
reference:
2 pieces . moderate to severe atherosclerosis with up to 90 % occlusion .
