[[0.2026205211877823, 0.17263275384902954, 0.22650820016860962, 0.1947094053030014, 0.20352907478809357]]
[[0.18873821198940277, 0.17298291623592377, 0.25152096152305603, 0.17715579271316528, 0.20960213243961334]]
[[0.20632342994213104, 0.22100630402565002, 0.17292988300323486, 0.208157479763031, 0.19158294796943665]]
[[0.21357561647891998, 0.2401207834482193, 0.13975413143634796, 0.22302983701229095, 0.1835196614265442]]
[[0.1944732815027237, 0.19751547276973724, 0.20977425575256348, 0.19452311098575592, 0.20371387898921967]]
[[0.19993487000465393, 0.20017479360103607, 0.20006078481674194, 0.19986706972122192, 0.19996249675750732]]
[[0.19962859153747559, 0.19940167665481567, 0.2008875459432602, 0.19950047135353088, 0.20058171451091766]]
[[0.1998331993818283, 0.1999841183423996, 0.20040196180343628, 0.19969959557056427, 0.20008115470409393]]
[[0.19939419627189636, 0.1994088590145111, 0.20163914561271667, 0.19917306303977966, 0.2003847062587738]]
[[0.19888964295387268, 0.19851821660995483, 0.20271065831184387, 0.19875873625278473, 0.2011227309703827]]
hyposthese:
2 pieces ; <unk> <unk> <unk> , some fibrosis
reference:
2 pieces , goiter , regressive <unk> degeneration , foci delineated
