[[0.17716571688652039, 0.19122524559497833, 0.1477469503879547, 0.24831190705299377, 0.2355501353740692]]
[[0.18652689456939697, 0.177376389503479, 0.16198016703128815, 0.264560341835022, 0.20955617725849152]]
[[0.21171146631240845, 0.21375775337219238, 0.2358083873987198, 0.1502227783203125, 0.1884995400905609]]
[[0.21488113701343536, 0.21573622524738312, 0.25366953015327454, 0.13500092923641205, 0.18071213364601135]]
[[0.20015878975391388, 0.1963934600353241, 0.1953364610671997, 0.20896516740322113, 0.19914610683918]]
[[0.20150251686573029, 0.1986793875694275, 0.19098109006881714, 0.20890024304389954, 0.19993676245212555]]
[[0.20195508003234863, 0.20203958451747894, 0.20282208919525146, 0.19072212278842926, 0.2024611234664917]]
[[0.20063801109790802, 0.19989722967147827, 0.19960026443004608, 0.1993040293455124, 0.20056046545505524]]
[[0.1998688131570816, 0.1990954577922821, 0.19796960055828094, 0.20400622487068176, 0.19905991852283478]]
hyposthese:
1 piece ; mostly anterior ; posterior <unk>
reference:
2 pieces ; predominantly adenohypophysis with small focus of neurohypophysis ( marked )
