[[0.21129117906093597, 0.20376110076904297, 0.19956974685192108, 0.1858205646276474, 0.1995573788881302]]
[[0.23273247480392456, 0.15820392966270447, 0.18527430295944214, 0.26434049010276794, 0.1594487726688385]]
[[0.18658427894115448, 0.20999900996685028, 0.20244558155536652, 0.1893983781337738, 0.21157275140285492]]
[[0.1603139191865921, 0.23624823987483978, 0.20858529210090637, 0.15446019172668457, 0.24039234220981598]]
[[0.20186170935630798, 0.19694513082504272, 0.1993420273065567, 0.20476378500461578, 0.19708731770515442]]
[[0.20279978215694427, 0.19624674320220947, 0.1988610178232193, 0.20633120834827423, 0.19576124846935272]]
[[0.20139293372631073, 0.19819186627864838, 0.1997232884168625, 0.20248447358608246, 0.19820739328861237]]
[[0.18957290053367615, 0.2084105908870697, 0.2017909735441208, 0.19202660024166107, 0.20819899439811707]]
[[0.20139354467391968, 0.1987900733947754, 0.20004020631313324, 0.20116737484931946, 0.19860884547233582]]
[[0.20153944194316864, 0.19813893735408783, 0.20003680884838104, 0.20248368382453918, 0.1978011280298233]]
[[0.20052547752857208, 0.1993212103843689, 0.19994902610778809, 0.20051783323287964, 0.1996864676475525]]
[[0.20359325408935547, 0.1977977454662323, 0.20011141896247864, 0.20042869448661804, 0.19806891679763794]]
hyposthese:
6 pieces , minimal dermal fat ; squamous epithelium is <unk>
reference:
6 pieces , minimal dermal fat ; squamous epithelium is ~30 microns
