[[0.19777911901474, 0.21565380692481995, 0.182033509016037, 0.2101919949054718, 0.19434158504009247]]
[[0.2234596312046051, 0.2283349335193634, 0.149870827794075, 0.21936970949172974, 0.17896489799022675]]
[[0.19382157921791077, 0.18903730809688568, 0.21908946335315704, 0.19345881044864655, 0.20459280908107758]]
[[0.18242806196212769, 0.16394765675067902, 0.2605186700820923, 0.17698511481285095, 0.21612043678760529]]
[[0.2026924192905426, 0.20087149739265442, 0.19648592174053192, 0.20083722472190857, 0.19911299645900726]]
[[0.2059468924999237, 0.20565545558929443, 0.18718382716178894, 0.20351365208625793, 0.1977001428604126]]
[[0.20419640839099884, 0.20519235730171204, 0.18946921825408936, 0.20261318981647491, 0.19852885603904724]]
[[0.18558107316493988, 0.1809871643781662, 0.23798701167106628, 0.18642769753932953, 0.20901697874069214]]
[[0.20116525888442993, 0.20087850093841553, 0.19732697308063507, 0.20058667659759521, 0.20004259049892426]]
[[0.20111539959907532, 0.20069824159145355, 0.19779421389102936, 0.2009253203868866, 0.19946680963039398]]
[[0.20018962025642395, 0.2006494700908661, 0.19863635301589966, 0.20044855773448944, 0.20007598400115967]]
[[0.20013651251792908, 0.20152391493320465, 0.19746693968772888, 0.20073366165161133, 0.20013895630836487]]
[[0.19916483759880066, 0.20239031314849854, 0.1985999196767807, 0.20085982978343964, 0.19898508489131927]]
[[0.20033414661884308, 0.20152586698532104, 0.19824691116809845, 0.20042800903320312, 0.1994650959968567]]
hyposthese:
6 pieces , up to 8x3mm ; squamous epithelium is ~1 % thickness
reference:
6 pieces , some pieces include up to 10 % attached and internal adipose tissue
