[[0.19543327391147614, 0.1966504454612732, 0.19621801376342773, 0.20655673742294312, 0.20514154434204102]]
[[0.19551637768745422, 0.19842159748077393, 0.19109268486499786, 0.21872833371162415, 0.19624102115631104]]
[[0.2067771703004837, 0.2065424621105194, 0.20562539994716644, 0.1822676807641983, 0.19878727197647095]]
[[0.21680498123168945, 0.21215127408504486, 0.21240492165088654, 0.16212351620197296, 0.19651536643505096]]
[[0.1961551457643509, 0.19645889103412628, 0.1995004266500473, 0.20965951681137085, 0.1982259899377823]]
[[0.19315789639949799, 0.19321683049201965, 0.196931391954422, 0.21618440747261047, 0.20050948858261108]]
hyposthese:
2 pieces , no abnormalities
reference:
2 pieces , no significant abnormalities
