[[0.22530905902385712, 0.21710148453712463, 0.1813606470823288, 0.1831923872232437, 0.19303634762763977]]
[[0.29088810086250305, 0.23971468210220337, 0.1516299843788147, 0.16265448927879333, 0.15511271357536316]]
[[0.15161314606666565, 0.17121316492557526, 0.2289687693119049, 0.2283659279346466, 0.2198389321565628]]
[[0.10440942645072937, 0.13639694452285767, 0.2648060619831085, 0.25361162424087524, 0.2407759428024292]]
[[0.20961488783359528, 0.21005454659461975, 0.19309315085411072, 0.19359539449214935, 0.1936420351266861]]
[[0.21481209993362427, 0.21489866077899933, 0.18821291625499725, 0.19071270525455475, 0.19136367738246918]]
[[0.20554526150226593, 0.2064378410577774, 0.19463199377059937, 0.19604989886283875, 0.19733501970767975]]
[[0.21246498823165894, 0.21180440485477448, 0.1904730349779129, 0.1921614557504654, 0.19309617578983307]]
[[0.2048095017671585, 0.20430074632167816, 0.19655492901802063, 0.19672144949436188, 0.1976134032011032]]
[[0.17144852876663208, 0.18800389766693115, 0.21587662398815155, 0.21401895582675934, 0.2106519639492035]]
[[0.2024514079093933, 0.20247824490070343, 0.1980419158935547, 0.19836410880088806, 0.19866429269313812]]
[[0.20194017887115479, 0.2001362144947052, 0.19905078411102295, 0.19932372868061066, 0.19954907894134521]]
[[0.20907007157802582, 0.20511959493160248, 0.19361785054206848, 0.1953296661376953, 0.19686278700828552]]
hyposthese:
6 pieces , squamous mucosa up to ~0.5mm , <unk> % thickness
reference:
1 piece ( <unk> ) . squamous mucosa is ~0.5mm thick , <unk> with <unk> aliquots
