[[0.22524408996105194, 0.19776996970176697, 0.170767143368721, 0.1864716112613678, 0.21974723041057587]]
[[0.21685342490673065, 0.18429864943027496, 0.16761575639247894, 0.20900849997997284, 0.2222236543893814]]
[[0.18086837232112885, 0.20489582419395447, 0.22326777875423431, 0.20850937068462372, 0.18245860934257507]]
[[0.16494120657444, 0.21031515300273895, 0.25802356004714966, 0.20067347586154938, 0.16604658961296082]]
[[0.2080916464328766, 0.1968517005443573, 0.19191919267177582, 0.19715595245361328, 0.20598149299621582]]
[[0.20886942744255066, 0.1973220258951187, 0.1893952488899231, 0.19551938772201538, 0.20889385044574738]]
[[0.19130946695804596, 0.20128189027309418, 0.2101520150899887, 0.20660124719142914, 0.19065536558628082]]
[[0.20073302090168, 0.19868110120296478, 0.19921034574508667, 0.20150412619113922, 0.19987139105796814]]
[[0.2059585303068161, 0.19618390500545502, 0.1934071183204651, 0.19901646673679352, 0.20543400943279266]]
hyposthese:
2 pieces , all myometrium , no <unk>
reference:
6 pieces ~9x3mm , presumed <unk> . essentially all muscle , well preserved
