[[0.19493697583675385, 0.21798260509967804, 0.18756428360939026, 0.1994534283876419, 0.20006266236305237]]
[[0.20354081690311432, 0.21777772903442383, 0.18978378176689148, 0.19885282218456268, 0.19004486501216888]]
[[0.20247550308704376, 0.18721884489059448, 0.20687752962112427, 0.20190806686878204, 0.20152005553245544]]
[[0.19350723922252655, 0.17648006975650787, 0.22266915440559387, 0.20751044154167175, 0.19983302056789398]]
[[0.2015749216079712, 0.20168834924697876, 0.19788287580013275, 0.20006535947322845, 0.19878847897052765]]
[[0.20219074189662933, 0.2034887671470642, 0.19592180848121643, 0.19932425022125244, 0.1990744024515152]]
[[0.20085509121418, 0.19492347538471222, 0.20146331191062927, 0.20107629895210266, 0.20168180763721466]]
hyposthese:
2 pieces , minimal <unk> tissue
reference:
2 pieces ; lobulated mature adipose tissue ; minimal fibrous content
