[[0.2241203933954239, 0.2404739260673523, 0.21704329550266266, 0.1877615749835968, 0.13060083985328674]]
[[0.21117980778217316, 0.22304466366767883, 0.20779813826084137, 0.2027542144060135, 0.15522314608097076]]
[[0.18689879775047302, 0.17571040987968445, 0.19156235456466675, 0.2020190954208374, 0.24380941689014435]]
[[0.17165380716323853, 0.15201056003570557, 0.17749477922916412, 0.20031988620758057, 0.29852095246315]]
[[0.201369047164917, 0.20693691074848175, 0.20176050066947937, 0.19942204654216766, 0.19051147997379303]]
[[0.19898954033851624, 0.19834652543067932, 0.1989639550447464, 0.20130130648612976, 0.20239868760108948]]
[[0.20094263553619385, 0.2012326717376709, 0.20082832872867584, 0.2007085084915161, 0.1962878406047821]]
[[0.2010037899017334, 0.20369157195091248, 0.20145240426063538, 0.20041538774967194, 0.193436861038208]]
[[0.20017975568771362, 0.20057174563407898, 0.2007620632648468, 0.20103350281715393, 0.19745291769504547]]
[[0.2011619359254837, 0.20446626842021942, 0.20109237730503082, 0.19989873468875885, 0.1933807134628296]]
[[0.19609256088733673, 0.1945987492799759, 0.19741219282150269, 0.201869398355484, 0.2100270539522171]]
[[0.2009061723947525, 0.20229654014110565, 0.20050129294395447, 0.20013444125652313, 0.19616159796714783]]
[[0.2000003606081009, 0.19863146543502808, 0.20041878521442413, 0.20079630613327026, 0.20015309751033783]]
[[0.19907009601593018, 0.19813226163387299, 0.1997249871492386, 0.20152978599071503, 0.20154285430908203]]
[[0.20068848133087158, 0.20219601690769196, 0.20070648193359375, 0.20011602342128754, 0.19629308581352234]]
[[0.19982212781906128, 0.19969214498996735, 0.20044070482254028, 0.20079994201660156, 0.19924509525299072]]
[[0.20028221607208252, 0.20346638560295105, 0.20014114677906036, 0.19970588386058807, 0.19640444219112396]]
hyposthese:
2 pieces , one piece is ~20 % fat , one piece is ~30 % fat
reference:
2 pieces , one all vessel with minute adherent fat ; one is 80 % fat with minute section of vessel , delineated
