[[0.21156324446201324, 0.17647366225719452, 0.17469002306461334, 0.2470153570175171, 0.19025765359401703]]
[[0.20812012255191803, 0.17788173258304596, 0.19027714431285858, 0.2226773351430893, 0.2010437548160553]]
[[0.19336432218551636, 0.21662817895412445, 0.21555005013942719, 0.17171306908130646, 0.20274439454078674]]
[[0.19326572120189667, 0.22281427681446075, 0.2174030840396881, 0.15587244927883148, 0.21064449846744537]]
[[0.20041438937187195, 0.19911929965019226, 0.19905684888362885, 0.2030242532491684, 0.19838525354862213]]
[[0.2034386694431305, 0.19527824223041534, 0.1960747390985489, 0.20767390727996826, 0.19753442704677582]]
[[0.2079782336950302, 0.18511486053466797, 0.18597517907619476, 0.22922635078430176, 0.19170531630516052]]
[[0.1898306906223297, 0.22158916294574738, 0.2176639288663864, 0.165779247879982, 0.2051369696855545]]
[[0.19976288080215454, 0.20056575536727905, 0.20056195557117462, 0.19910688698291779, 0.2000025510787964]]
[[0.20188991725444794, 0.1950037032365799, 0.19645150005817413, 0.20841456949710846, 0.19824020564556122]]
[[0.20172157883644104, 0.19766680896282196, 0.19783130288124084, 0.203835129737854, 0.19894520938396454]]
[[0.20045636594295502, 0.1986950784921646, 0.1990915834903717, 0.20182573795318604, 0.19993124902248383]]
hyposthese:
2 pieces , <unk> & 11x8mm ; no significant ischemic changes
reference:
2 pieces , <unk> & 7x7mm ; mild hypertrophy .
