[[0.13784430921077728, 0.2153809368610382, 0.2564723789691925, 0.16818629205226898, 0.22211608290672302]]
[[0.11372415721416473, 0.2643510103225708, 0.2302418053150177, 0.15819314122200012, 0.23348990082740784]]
[[0.23339873552322388, 0.1885979324579239, 0.15971456468105316, 0.22180001437664032, 0.19648875296115875]]
[[0.32025420665740967, 0.1384783834218979, 0.12974360585212708, 0.2547402083873749, 0.15678365528583527]]
[[0.19379255175590515, 0.20105695724487305, 0.20733264088630676, 0.19782616198062897, 0.19999168813228607]]
[[0.19057850539684296, 0.20318962633609772, 0.21145766973495483, 0.1944551020860672, 0.2003190964460373]]
[[0.1942499876022339, 0.20153312385082245, 0.20732741057872772, 0.1963692605495453, 0.20052018761634827]]
[[0.22726057469844818, 0.18968085944652557, 0.17255204916000366, 0.21668893098831177, 0.19381752610206604]]
[[0.196585550904274, 0.20018312335014343, 0.20543095469474792, 0.19816143810749054, 0.19963891804218292]]
[[0.19339944422245026, 0.2018558531999588, 0.20840591192245483, 0.19666500389575958, 0.19967378675937653]]
[[0.1987578570842743, 0.2004288136959076, 0.20121444761753082, 0.1994609534740448, 0.20013785362243652]]
[[0.1953335404396057, 0.2000308483839035, 0.2043343484401703, 0.19944623112678528, 0.2008550763130188]]
[[0.1988534778356552, 0.1999547928571701, 0.2021554708480835, 0.1990165114402771, 0.2000197321176529]]
hyposthese:
6 pieces , minimal dermal fat ; squamous epithelium is <unk> microns
reference:
6 pieces ; up to 1 mm subcutaneous fat
