[[0.2317948341369629, 0.22812393307685852, 0.15361875295639038, 0.15117239952087402, 0.23529000580310822]]
[[0.23145268857479095, 0.2053799331188202, 0.14531570672988892, 0.14211933314800262, 0.2757323682308197]]
[[0.16949491202831268, 0.18319939076900482, 0.2508976459503174, 0.25145745277404785, 0.14495065808296204]]
[[0.14006932079792023, 0.16246457397937775, 0.3006404936313629, 0.3015495240688324, 0.09527608752250671]]
[[0.2091420292854309, 0.2055222988128662, 0.17898836731910706, 0.17904160916805267, 0.22730571031570435]]
[[0.20832203328609467, 0.20575208961963654, 0.17926828563213348, 0.17983101308345795, 0.22682663798332214]]
hyposthese:
2 pieces ; some fibrosis
reference:
2 pieces , regressive changes
