[[0.24403084814548492, 0.14209406077861786, 0.16046534478664398, 0.19147911667823792, 0.2619306147098541]]
[[0.2546890676021576, 0.14236301183700562, 0.15643100440502167, 0.19702626764774323, 0.2494906485080719]]
[[0.1648126244544983, 0.2391383796930313, 0.22955815494060516, 0.20591038465499878, 0.16058048605918884]]
[[0.1272580772638321, 0.2897845208644867, 0.2683964669704437, 0.20324262976646423, 0.11131831258535385]]
[[0.20716522634029388, 0.18876081705093384, 0.18893255293369293, 0.19625134766101837, 0.21889007091522217]]
[[0.21662810444831848, 0.17869511246681213, 0.18147899210453033, 0.19537389278411865, 0.22782392799854279]]
hyposthese:
2 pieces , no abnormalities
reference:
2 pieces , 1 piece is 60 % fat
