[[0.1777697652578354, 0.16697053611278534, 0.20414452254772186, 0.2190018594264984, 0.23211327195167542]]
[[0.16929198801517487, 0.15965701639652252, 0.19565719366073608, 0.21007075905799866, 0.26532304286956787]]
[[0.23140378296375275, 0.2391330599784851, 0.19969937205314636, 0.18089038133621216, 0.148873433470726]]
[[0.2521117329597473, 0.2767205834388733, 0.19218237698078156, 0.16919854283332825, 0.1097867339849472]]
[[0.1857929229736328, 0.18508052825927734, 0.2030460089445114, 0.2078552097082138, 0.2182253748178482]]
[[0.18028400838375092, 0.17757341265678406, 0.20163489878177643, 0.20981355011463165, 0.23069413006305695]]
hyposthese:
2 pieces , no abnormalities
reference:
2 <unk> aliquots
