[[0.19458748400211334, 0.20266057550907135, 0.20506159961223602, 0.2091742902994156, 0.1885160356760025]]
[[0.1918068677186966, 0.20778362452983856, 0.19609323143959045, 0.1805574595928192, 0.22375884652137756]]
[[0.21084900200366974, 0.20036901533603668, 0.2001509666442871, 0.18823817372322083, 0.20039281249046326]]
[[0.22537077963352203, 0.1969483643770218, 0.2022980898618698, 0.1939762532711029, 0.18140648305416107]]
[[0.19663038849830627, 0.19808265566825867, 0.1970553696155548, 0.2065359503030777, 0.20169560611248016]]
[[0.1922810971736908, 0.2007228285074234, 0.19841396808624268, 0.20448221266269684, 0.2040998935699463]]
[[0.19663363695144653, 0.1998523473739624, 0.1994103044271469, 0.203086718916893, 0.20101702213287354]]
[[0.19501230120658875, 0.1989925652742386, 0.19870087504386902, 0.20563432574272156, 0.20165997743606567]]
[[0.198090061545372, 0.19967998564243317, 0.1990460753440857, 0.20244891941547394, 0.2007349580526352]]
[[0.20527666807174683, 0.1983523815870285, 0.1995287984609604, 0.19753095507621765, 0.1993112713098526]]
[[0.19857139885425568, 0.1995377540588379, 0.1992892324924469, 0.20185288786888123, 0.20074869692325592]]
[[0.1995430737733841, 0.20000214874744415, 0.200010284781456, 0.20015759766101837, 0.2002868950366974]]
[[0.19595852494239807, 0.19997160136699677, 0.2002812772989273, 0.20157863199710846, 0.2022099494934082]]
hyposthese:
6 pieces , squamous mucosa up to ~0.5mm , <unk> % thickness
reference:
4 pieces ; squamous hyperplasia and chronic inflammation especially in <unk> glands ( <unk> lymphoid content ) in 2 of 4 pieces [ outlined ]
