[[0.18534362316131592, 0.21782703697681427, 0.1978365182876587, 0.1977987140417099, 0.20119412243366241]]
[[0.1728787124156952, 0.25232401490211487, 0.1823085993528366, 0.18477953970432281, 0.2077091634273529]]
[[0.22167059779167175, 0.16580677032470703, 0.20910346508026123, 0.20721210539340973, 0.19620709121227264]]
[[0.23341862857341766, 0.13921232521533966, 0.21509487926959991, 0.2185896933078766, 0.19368448853492737]]
[[0.1949446052312851, 0.21036550402641296, 0.19612449407577515, 0.197782963514328, 0.20078246295452118]]
[[0.1995486617088318, 0.20269355177879333, 0.19927822053432465, 0.19919100403785706, 0.19928857684135437]]
[[0.19496214389801025, 0.20792950689792633, 0.19711078703403473, 0.19830578565597534, 0.20169179141521454]]
[[0.19722531735897064, 0.2054799348115921, 0.19871002435684204, 0.1987375169992447, 0.19984722137451172]]
[[0.2029419094324112, 0.19107724726200104, 0.20255541801452637, 0.20242005586624146, 0.20100539922714233]]
[[0.19882065057754517, 0.2028774619102478, 0.19906464219093323, 0.19940030574798584, 0.199836865067482]]
[[0.19713465869426727, 0.2071007788181305, 0.19809883832931519, 0.19786618649959564, 0.1997995525598526]]
hyposthese:
2 pieces , ~10 % interstitial fat , rep delineated
reference:
2 pieces , % <unk> % adherent/interstitial <unk> <unk>
