[[0.16411374509334564, 0.21572618186473846, 0.2207307517528534, 0.24474816024303436, 0.1546812504529953]]
[[0.15208621323108673, 0.2101413756608963, 0.2728075087070465, 0.2236439436674118, 0.14132091403007507]]
[[0.24003568291664124, 0.18425574898719788, 0.16377858817577362, 0.16671906411647797, 0.24521096050739288]]
[[0.29262760281562805, 0.1603073924779892, 0.10361511260271072, 0.12085511535406113, 0.3225947618484497]]
[[0.19102990627288818, 0.20266740024089813, 0.209376722574234, 0.2060673087835312, 0.19085875153541565]]
[[0.18409250676631927, 0.2066962569952011, 0.21707135438919067, 0.20945115387439728, 0.18268874287605286]]
[[0.19247761368751526, 0.20201227068901062, 0.2090122252702713, 0.20579512417316437, 0.19070275127887726]]
[[0.19544164836406708, 0.20063717663288116, 0.20626391470432281, 0.20399901270866394, 0.19365815818309784]]
[[0.20308440923690796, 0.20183736085891724, 0.19428211450576782, 0.19936224818229675, 0.20143389701843262]]
[[0.19734662771224976, 0.2004818618297577, 0.20231983065605164, 0.20249183475971222, 0.1973598450422287]]
[[0.1982070952653885, 0.19991694390773773, 0.20194706320762634, 0.20199625194072723, 0.1979326456785202]]
[[0.1984822154045105, 0.19996070861816406, 0.20317724347114563, 0.20151017606258392, 0.1968696415424347]]
hyposthese:
6 pieces , squamous mucosa is <unk> , ~20-25 % thickness
reference:
6 pieces ; squamous mucosa up to 0.3mm , submucosal mucus glands noted ( outlined )
