[[0.18730300664901733, 0.17636650800704956, 0.18636900186538696, 0.20878316462039948, 0.24117842316627502]]
[[0.16504916548728943, 0.20126889646053314, 0.16132794320583344, 0.24288126826286316, 0.22947277128696442]]
[[0.2167349010705948, 0.20325103402137756, 0.22072365880012512, 0.1826588362455368, 0.1766315996646881]]
[[0.2503436803817749, 0.18757005035877228, 0.25535136461257935, 0.156063511967659, 0.1506713479757309]]
[[0.19886255264282227, 0.1979307234287262, 0.1969413012266159, 0.2015237957239151, 0.20474158227443695]]
[[0.19518142938613892, 0.19719679653644562, 0.19406670331954956, 0.20534543693065643, 0.20820963382720947]]
[[0.19933933019638062, 0.2004455178976059, 0.19878500699996948, 0.20113147795200348, 0.20029866695404053]]
[[0.20388495922088623, 0.20254342257976532, 0.20320096611976624, 0.19598893821239471, 0.1943817138671875]]
[[0.19877827167510986, 0.2004816234111786, 0.19834570586681366, 0.20174390077590942, 0.20065057277679443]]
hyposthese:
2 pieces , subtotally occlusive atherosis , delineated
reference:
2 pieces , medial calcific sclerosis ( monckeberg 's sclerosis ) , both sections
