[[0.25185948610305786, 0.23607225716114044, 0.15328922867774963, 0.20955193042755127, 0.14922712743282318]]
[[0.24724514782428741, 0.32478946447372437, 0.11952342838048935, 0.1878635734319687, 0.12057844549417496]]
[[0.1682858169078827, 0.15621353685855865, 0.23236437141895294, 0.20951394736766815, 0.23362232744693756]]
[[0.08004017174243927, 0.06456755101680756, 0.3388071358203888, 0.17653310298919678, 0.3400520384311676]]
[[0.21000565588474274, 0.21037249267101288, 0.19133621454238892, 0.19641554355621338, 0.19187018275260925]]
[[0.21098968386650085, 0.21047236025333405, 0.18942204117774963, 0.19866466522216797, 0.19045120477676392]]
[[0.21455010771751404, 0.22404584288597107, 0.18060939013957977, 0.19915252923965454, 0.18164211511611938]]
[[0.20936048030853271, 0.21405121684074402, 0.1884898841381073, 0.19897764921188354, 0.18912073969841003]]
[[0.17254063487052917, 0.16038820147514343, 0.23153404891490936, 0.2049517035484314, 0.23058535158634186]]
[[0.20270764827728271, 0.2038053274154663, 0.1966591775417328, 0.1996777355670929, 0.1971501260995865]]
[[0.20167335867881775, 0.19911397993564606, 0.19961650669574738, 0.19979500770568848, 0.19980111718177795]]
[[0.20393843948841095, 0.2126934975385666, 0.19054430723190308, 0.20246364176273346, 0.19036011397838593]]
hyposthese:
6 pieces , mucosa up to ~1mm , <unk> % thickness
reference:
6 pieces , mucosa is ~1mm , 20-30 % of thickness
