[[0.21668171882629395, 0.18434718251228333, 0.2080305516719818, 0.2180447280406952, 0.17289580404758453]]
[[0.21880951523780823, 0.19830745458602905, 0.22581614553928375, 0.20353439450263977, 0.1535325050354004]]
[[0.18298687040805817, 0.21374370157718658, 0.19459083676338196, 0.18637080490589142, 0.22230778634548187]]
[[0.1696629822254181, 0.21337155997753143, 0.1665067970752716, 0.18094785511493683, 0.26951083540916443]]
[[0.20178963243961334, 0.19427445530891418, 0.201064795255661, 0.20386053621768951, 0.19901061058044434]]
[[0.2053573876619339, 0.1924152970314026, 0.20375190675258636, 0.20508620142936707, 0.1933891624212265]]
[[0.19733400642871857, 0.20473183691501617, 0.19981202483177185, 0.19557695090770721, 0.20254512131214142]]
[[0.19954784214496613, 0.2002067267894745, 0.1995597630739212, 0.19999158382415771, 0.20069409906864166]]
[[0.20300813019275665, 0.19797497987747192, 0.20085106790065765, 0.2021232545375824, 0.1960424929857254]]
hyposthese:
6 pieces , all muscularis , good specimens
reference:
6 pieces , target muscularis , adherent fibroadipose tissue on most sections , 1-2mm nubbins , rep. delineated
