[[0.23837938904762268, 0.14559093117713928, 0.1861017346382141, 0.22139602899551392, 0.2085319459438324]]
[[0.24740345776081085, 0.15140686929225922, 0.17567197978496552, 0.21757647395133972, 0.2079412341117859]]
[[0.1791006624698639, 0.22962017357349396, 0.20727789402008057, 0.190774604678154, 0.1932266503572464]]
[[0.13596192002296448, 0.3003235161304474, 0.2193785309791565, 0.16622357070446014, 0.17811241745948792]]
[[0.20125345885753632, 0.19574475288391113, 0.19943751394748688, 0.20151373744010925, 0.20205052196979523]]
[[0.20840677618980408, 0.18941232562065125, 0.19621679186820984, 0.20424935221672058, 0.20171481370925903]]
[[0.19075697660446167, 0.20503751933574677, 0.20296724140644073, 0.20075161755084991, 0.20048660039901733]]
[[0.19935022294521332, 0.19952872395515442, 0.2004471719264984, 0.200178861618042, 0.20049501955509186]]
[[0.20363932847976685, 0.1945967823266983, 0.19614607095718384, 0.20462307333946228, 0.20099474489688873]]
hyposthese:
6 pieces , all muscularis , good specimens
reference:
6 pieces up to <unk> mm ;
