[[0.19602173566818237, 0.18145139515399933, 0.1956203132867813, 0.21174447238445282, 0.21516206860542297]]
[[0.20657341182231903, 0.19829116761684418, 0.1863020807504654, 0.2157844454050064, 0.1930488497018814]]
[[0.2004757672548294, 0.21137379109859467, 0.1987878978252411, 0.19797466695308685, 0.19138787686824799]]
[[0.19496001303195953, 0.21577252447605133, 0.21556878089904785, 0.17788423597812653, 0.19581444561481476]]
[[0.202437162399292, 0.1996871829032898, 0.19484640657901764, 0.20241911709308624, 0.20061011612415314]]
[[0.20140594244003296, 0.2007523775100708, 0.1986640840768814, 0.2020472288131714, 0.19713038206100464]]
[[0.20208950340747833, 0.19880132377147675, 0.19680273532867432, 0.20405732095241547, 0.19824908673763275]]
[[0.19978618621826172, 0.19896990060806274, 0.19990727305412292, 0.2007470726966858, 0.20058956742286682]]
[[0.19927063584327698, 0.20322610437870026, 0.20266570150852203, 0.1955832839012146, 0.19925421476364136]]
[[0.19987067580223083, 0.1997971385717392, 0.20035110414028168, 0.19997961819171906, 0.20000140368938446]]
[[0.20037595927715302, 0.1984793096780777, 0.19871194660663605, 0.20184707641601562, 0.20058569312095642]]
hyposthese:
2 pieces , ~10 % fascia/vascular elements , rep delineated
reference:
2 pieces , minimal <unk>
