[[0.19692234694957733, 0.19693051278591156, 0.21361973881721497, 0.1978147178888321, 0.19471272826194763]]
[[0.18210825324058533, 0.18777835369110107, 0.2124372273683548, 0.217250257730484, 0.2004258632659912]]
[[0.20500792562961578, 0.20062676072120667, 0.1916421800851822, 0.19978339970111847, 0.2029397189617157]]
[[0.2113266885280609, 0.20267198979854584, 0.19108955562114716, 0.19401895999908447, 0.20089271664619446]]
[[0.19807924330234528, 0.1989782452583313, 0.1983669549226761, 0.2016783058643341, 0.20289720594882965]]
[[0.19722528755664825, 0.19824209809303284, 0.1997823566198349, 0.20237472653388977, 0.20237556099891663]]
[[0.19892047345638275, 0.19902868568897247, 0.20055648684501648, 0.2013864815235138, 0.2001078575849533]]
hyposthese:
2 pieces , minimal ischemic changes
reference:
2 pieces , minimal interstitial fibrosis ; ischemic change
