[[0.20537053048610687, 0.19684402644634247, 0.18977490067481995, 0.20091784000396729, 0.20709265768527985]]
[[0.21852558851242065, 0.19006744027137756, 0.187397301197052, 0.2005755752325058, 0.2034340500831604]]
[[0.18683399260044098, 0.20658832788467407, 0.21281510591506958, 0.1998329907655716, 0.193929523229599]]
[[0.18191984295845032, 0.21029220521450043, 0.21379491686820984, 0.19976408779621124, 0.1942288726568222]]
[[0.20143206417560577, 0.1994386911392212, 0.197738379240036, 0.2005002796649933, 0.20089057087898254]]
[[0.20017418265342712, 0.2000121921300888, 0.19996778666973114, 0.1999579817056656, 0.19988785684108734]]
[[0.20321966707706451, 0.19831332564353943, 0.1974429339170456, 0.20005092024803162, 0.20097313821315765]]
[[0.20222048461437225, 0.19851113855838776, 0.19843372702598572, 0.20033670961856842, 0.20049794018268585]]
[[0.1979125440120697, 0.20084954798221588, 0.2008429765701294, 0.19970840215682983, 0.20068657398223877]]
[[0.20061606168746948, 0.1995885670185089, 0.199318066239357, 0.20019547641277313, 0.20028187334537506]]
[[0.20091257989406586, 0.19974812865257263, 0.19950689375400543, 0.19971145689487457, 0.20012088119983673]]
hyposthese:
2 pieces , ~10 % interstitial fat , rep delineated
reference:
2 pieces ; 1 with 20 % internal fat
