[[0.16819310188293457, 0.22174598276615143, 0.1992826759815216, 0.20104698836803436, 0.20973120629787445]]
[[0.16118566691875458, 0.20440861582756042, 0.19605784118175507, 0.21940365433692932, 0.21894428133964539]]
[[0.225497305393219, 0.18864770233631134, 0.19649092853069305, 0.19756966829299927, 0.19179432094097137]]
[[0.2532649338245392, 0.18217378854751587, 0.21262341737747192, 0.17582428455352783, 0.176113560795784]]
[[0.19501270353794098, 0.20290124416351318, 0.19743676483631134, 0.20210207998752594, 0.20254722237586975]]
[[0.1923367828130722, 0.20218227803707123, 0.19644035398960114, 0.2039080709218979, 0.20513248443603516]]
[[0.2007264643907547, 0.19871702790260315, 0.20136478543281555, 0.2000260055065155, 0.1991657018661499]]
[[0.20011988282203674, 0.2010524868965149, 0.20015734434127808, 0.1993471086025238, 0.19932320713996887]]
[[0.19574150443077087, 0.20157122611999512, 0.19730064272880554, 0.2026931792497635, 0.2026934176683426]]
[[0.1989675760269165, 0.20048165321350098, 0.19981081783771515, 0.20050863921642303, 0.20023135840892792]]
hyposthese:
2 pieces , fibroadipose tissue , no ductal elements
reference:
2 pieces , 7x6 & <unk> ; several ducts in smaller piece .
