[[0.18678858876228333, 0.21107769012451172, 0.21320441365242004, 0.1911132037639618, 0.1978161484003067]]
[[0.19710476696491241, 0.20342601835727692, 0.20480471849441528, 0.19530832767486572, 0.19935612380504608]]
[[0.2069992870092392, 0.19428083300590515, 0.18972715735435486, 0.2068679928779602, 0.2021246999502182]]
[[0.20714348554611206, 0.19434063136577606, 0.19370467960834503, 0.20420406758785248, 0.20060710608959198]]
[[0.19830666482448578, 0.20228035748004913, 0.20342765748500824, 0.19679144024848938, 0.1991938352584839]]
[[0.19950924813747406, 0.2015925943851471, 0.20353975892066956, 0.19646355509757996, 0.19889487326145172]]
hyposthese:
4 pieces , no abnormalities
reference:
4 pieces ; adherent meninges [ annotated ]
