[[0.19574463367462158, 0.21077455580234528, 0.19878777861595154, 0.18558940291404724, 0.209103524684906]]
[[0.1972365379333496, 0.2024085372686386, 0.19387373328208923, 0.19618342816829681, 0.2102978527545929]]
[[0.20520392060279846, 0.19401231408119202, 0.20543088018894196, 0.20938228070735931, 0.18597067892551422]]
[[0.2057439088821411, 0.19334259629249573, 0.20457147061824799, 0.20981629192829132, 0.18652580678462982]]
[[0.1964074969291687, 0.20338454842567444, 0.19574710726737976, 0.19591064751148224, 0.20855019986629486]]
[[0.1968720406293869, 0.20183314383029938, 0.19454830884933472, 0.1979844868183136, 0.2087620347738266]]
hyposthese:
4 pieces , no abnormalities
reference:
4 pieces
