[[0.1645936667919159, 0.16848482191562653, 0.23950882256031036, 0.1718183010816574, 0.255594402551651]]
[[0.15212300419807434, 0.14952778816223145, 0.2596703767776489, 0.15107712149620056, 0.28760167956352234]]
[[0.2312924563884735, 0.23089680075645447, 0.16351020336151123, 0.2278197854757309, 0.14648078382015228]]
[[0.25891342759132385, 0.2649371027946472, 0.11561844497919083, 0.2597798705101013, 0.10075113922357559]]
[[0.1935492753982544, 0.19239622354507446, 0.20721174776554108, 0.1929893046617508, 0.2138533890247345]]
[[0.20643194019794464, 0.2061767578125, 0.19398018717765808, 0.2050517499446869, 0.188359335064888]]
[[0.1933642327785492, 0.19158175587654114, 0.20956946909427643, 0.19157439470291138, 0.21391010284423828]]
[[0.19777928292751312, 0.196604385972023, 0.20350061357021332, 0.19704696536064148, 0.20506873726844788]]
hyposthese:
2 pieces ; 10 % external fat
reference:
2 pieces , trace adherent fat
