[[0.19693754613399506, 0.1903691291809082, 0.1922985017299652, 0.2326185405254364, 0.18777629733085632]]
[[0.14513657987117767, 0.15656639635562897, 0.2141593098640442, 0.3231365382671356, 0.16100116074085236]]
[[0.21696314215660095, 0.21738070249557495, 0.2000565379858017, 0.15047651529312134, 0.21512311697006226]]
[[0.2425706684589386, 0.2394653558731079, 0.19101691246032715, 0.09164497256278992, 0.23530206084251404]]
[[0.19595612585544586, 0.1954575777053833, 0.20029380917549133, 0.21225476264953613, 0.19603770971298218]]
[[0.20144720375537872, 0.2008153796195984, 0.2013676017522812, 0.1952124387025833, 0.2011573314666748]]
[[0.18934723734855652, 0.1904928833246231, 0.20446892082691193, 0.22424495220184326, 0.1914459764957428]]
[[0.198192298412323, 0.19808757305145264, 0.19950823485851288, 0.20600755512714386, 0.19820429384708405]]
hyposthese:
6 pieces , atherosis up to ~1mm
reference:
6 pieces , well trimmed , minimal plaque
