[[0.20104926824569702, 0.20849062502384186, 0.19395363330841064, 0.20309174060821533, 0.19341473281383514]]
[[0.19714584946632385, 0.20338410139083862, 0.19692742824554443, 0.20163455605506897, 0.20090800523757935]]
[[0.20388782024383545, 0.20100359618663788, 0.20350797474384308, 0.19262298941612244, 0.19897760450839996]]
[[0.19819971919059753, 0.19854889810085297, 0.21145829558372498, 0.19151507318019867, 0.20027796924114227]]
[[0.19933217763900757, 0.19893959164619446, 0.19923582673072815, 0.2007688730955124, 0.20172351598739624]]
[[0.1999734342098236, 0.19987717270851135, 0.19894921779632568, 0.2017652690410614, 0.19943490624427795]]
[[0.20100758969783783, 0.20227275788784027, 0.19415675103664398, 0.20507913827896118, 0.19748376309871674]]
[[0.19888731837272644, 0.1976911723613739, 0.20493461191654205, 0.1966293901205063, 0.2018575221300125]]
hyposthese:
2 pieces , <unk> & <unk> ;
reference:
2 ~7x7mm pieces , <unk>
