[[0.1657530665397644, 0.23050019145011902, 0.2212434709072113, 0.19557063281536102, 0.18693262338638306]]
[[0.16565266251564026, 0.23304565250873566, 0.2265685796737671, 0.19757094979286194, 0.17716218531131744]]
[[0.22728723287582397, 0.1749730408191681, 0.18067996203899384, 0.20011059939861298, 0.21694917976856232]]
[[0.25463682413101196, 0.1493491232395172, 0.17203788459300995, 0.1896282285451889, 0.23434793949127197]]
[[0.1952340304851532, 0.20432506501674652, 0.20254743099212646, 0.19781267642974854, 0.20008079707622528]]
[[0.19173264503479004, 0.20769630372524261, 0.20765148103237152, 0.19596606492996216, 0.19695354998111725]]
[[0.19916462898254395, 0.2008666843175888, 0.20037859678268433, 0.19985894858837128, 0.19973117113113403]]
[[0.20638442039489746, 0.1939525157213211, 0.19472068548202515, 0.19935737550258636, 0.20558501780033112]]
[[0.1987564116716385, 0.20145706832408905, 0.20009878277778625, 0.1998441368341446, 0.1998436003923416]]
hyposthese:
2 pieces , subtotally occlusive atherosis , delineated
reference:
2 pieces , subtotally occlusive focally calcified atherosis , delineated
