[[0.17008168995380402, 0.23266713321208954, 0.17111091315746307, 0.19589310884475708, 0.23024716973304749]]
[[0.17728112637996674, 0.23138689994812012, 0.1790829449892044, 0.20854267477989197, 0.20370632410049438]]
[[0.22687232494354248, 0.1785973608493805, 0.2173936814069748, 0.19273494184017181, 0.18440161645412445]]
[[0.23274491727352142, 0.16989141702651978, 0.22459809482097626, 0.19326913356781006, 0.1794964224100113]]
[[0.20049679279327393, 0.19877266883850098, 0.20114129781723022, 0.20187529921531677, 0.1977139562368393]]
[[0.19747686386108398, 0.20299400389194489, 0.19734083116054535, 0.20044675469398499, 0.201741561293602]]
[[0.18427647650241852, 0.22526508569717407, 0.1830354779958725, 0.19780318439006805, 0.20961977541446686]]
[[0.22247418761253357, 0.17427077889442444, 0.21955379843711853, 0.19595631957054138, 0.18774497509002686]]
hyposthese:
2 pieces , <unk> & <unk> ;
reference:
9x8 mm
