[[0.18884553015232086, 0.1920049786567688, 0.19434452056884766, 0.23581638932228088, 0.1889885812997818]]
[[0.18360449373722076, 0.1836145520210266, 0.18741850554943085, 0.2596586048603058, 0.185703843832016]]
[[0.21492666006088257, 0.20559906959533691, 0.20728491246700287, 0.16439908742904663, 0.2077903300523758]]
[[0.23541918396949768, 0.20608630776405334, 0.21617159247398376, 0.12908262014389038, 0.2132403403520584]]
[[0.19638247787952423, 0.19823409616947174, 0.19678336381912231, 0.2107696831226349, 0.1978304237127304]]
[[0.20199568569660187, 0.20173437893390656, 0.20181995630264282, 0.19262661039829254, 0.20182333886623383]]
[[0.1969062238931656, 0.20043912529945374, 0.19934852421283722, 0.2027050256729126, 0.20060107111930847]]
[[0.19829826056957245, 0.1999335139989853, 0.1985633671283722, 0.20358186960220337, 0.1996229588985443]]
[[0.20138514041900635, 0.20110291242599487, 0.20113687217235565, 0.19510944187641144, 0.2012656331062317]]
[[0.19070886075496674, 0.20111796259880066, 0.1953389197587967, 0.2131829559803009, 0.19965121150016785]]
[[0.19794797897338867, 0.1997949182987213, 0.19892112910747528, 0.20362158119678497, 0.19971445202827454]]
hyposthese:
2 pieces ; 1 piece has 20 % external fat
reference:
2 pieces ; some fibrosis and nodularity with lymphocytic aggregates , c/w hashimoto 's thyroiditis
