[[0.13393211364746094, 0.21744012832641602, 0.22054746747016907, 0.24695296585559845, 0.18112727999687195]]
[[0.12902024388313293, 0.21252654492855072, 0.21823206543922424, 0.29077252745628357, 0.14944860339164734]]
[[0.2514750063419342, 0.19109085202217102, 0.18574893474578857, 0.147323876619339, 0.2243613600730896]]
[[0.312760591506958, 0.17330442368984222, 0.15767915546894073, 0.1027478277683258, 0.25350797176361084]]
[[0.18708856403827667, 0.20208697021007538, 0.20345529913902283, 0.21362601220607758, 0.19374315440654755]]
[[0.20739388465881348, 0.19888612627983093, 0.19886097311973572, 0.188412144780159, 0.20644688606262207]]
[[0.18303903937339783, 0.20447435975074768, 0.2052808552980423, 0.21247555315494537, 0.19473019242286682]]
[[0.19512102007865906, 0.20051251351833344, 0.20166869461536407, 0.20441104471683502, 0.19828671216964722]]
hyposthese:
2 pieces ; 10 % external fat
reference:
2 pieces ; 0.6mm external fat on each ; ldacc : <unk> block <unk> trimmed
