[[0.21517136693000793, 0.19163601100444794, 0.18097199499607086, 0.20241564512252808, 0.2098049819469452]]
[[0.2040519416332245, 0.20803794264793396, 0.16958624124526978, 0.17398597300052643, 0.24433790147304535]]
[[0.19210772216320038, 0.19527146220207214, 0.21900556981563568, 0.21224455535411835, 0.18137067556381226]]
[[0.18920078873634338, 0.19969959557056427, 0.2323034554719925, 0.21570876240730286, 0.16308735311031342]]
[[0.19986213743686676, 0.19984154403209686, 0.19795355200767517, 0.19759827852249146, 0.20474453270435333]]
[[0.2028689682483673, 0.19835804402828217, 0.19498342275619507, 0.19743390381336212, 0.20635564625263214]]
[[0.21112193167209625, 0.19593048095703125, 0.18223536014556885, 0.18988238275051117, 0.22082985937595367]]
[[0.19465750455856323, 0.2007540464401245, 0.21676236391067505, 0.2106928527355194, 0.17713317275047302]]
[[0.199931800365448, 0.2003791183233261, 0.2010687291622162, 0.20053574442863464, 0.19808460772037506]]
[[0.1999749392271042, 0.19995233416557312, 0.19954794645309448, 0.19979579746723175, 0.20072895288467407]]
[[0.20002125203609467, 0.19996404647827148, 0.1999567449092865, 0.20013445615768433, 0.1999235302209854]]
[[0.19990412890911102, 0.19991128146648407, 0.19960923492908478, 0.19982017576694489, 0.20075514912605286]]
[[0.19992662966251373, 0.20002900063991547, 0.1999536007642746, 0.20009881258010864, 0.1999918818473816]]
[[0.1999938189983368, 0.19991421699523926, 0.19997043907642365, 0.20017878711223602, 0.19994281232357025]]
[[0.20011278986930847, 0.19980090856552124, 0.19995884597301483, 0.20011118054389954, 0.20001626014709473]]
[[0.19994527101516724, 0.19996783137321472, 0.19996042549610138, 0.20011742413043976, 0.2000090628862381]]
hyposthese:
2 pieces , <unk> & <unk> ; patchy fibrosis , <unk> , c/w <unk> infarct
reference:
2 pieces , moderate-marked interstitial fibrosis/chronic ischemic damage
