[[0.22947366535663605, 0.2004629522562027, 0.1809159517288208, 0.19467389583587646, 0.19447354972362518]]
[[0.22657808661460876, 0.19596989452838898, 0.18399183452129364, 0.1959076076745987, 0.1975526213645935]]
[[0.1655120551586151, 0.20543570816516876, 0.2118537425994873, 0.2088925540447235, 0.2083059549331665]]
[[0.14632141590118408, 0.20719632506370544, 0.22376155853271484, 0.2123933732509613, 0.21032732725143433]]
[[0.215683713555336, 0.19681566953659058, 0.1952771097421646, 0.1960841715335846, 0.19613930583000183]]
[[0.2201375961303711, 0.1972053050994873, 0.19382421672344208, 0.19405141472816467, 0.19478146731853485]]
hyposthese:
2 pieces , no abnormalities
reference:
2 pieces ; scattered atrophic areas
