[[0.21904128789901733, 0.1854400783777237, 0.24274301528930664, 0.21413090825080872, 0.13864478468894958]]
[[0.22130410373210907, 0.18356995284557343, 0.21436429023742676, 0.2200959324836731, 0.16066566109657288]]
[[0.1863672286272049, 0.20790277421474457, 0.17923161387443542, 0.1876675933599472, 0.23883074522018433]]
[[0.16239766776561737, 0.21677768230438232, 0.16471919417381287, 0.1671251654624939, 0.28898027539253235]]
[[0.2058699131011963, 0.19800764322280884, 0.20370905101299286, 0.2049303650856018, 0.18748299777507782]]
[[0.20525294542312622, 0.19603782892227173, 0.20629198849201202, 0.2049587070941925, 0.18745847046375275]]
[[0.19122466444969177, 0.20236562192440033, 0.19229713082313538, 0.1933710128068924, 0.22074156999588013]]
[[0.20202234387397766, 0.19955147802829742, 0.20155495405197144, 0.2018926590681076, 0.19497863948345184]]
[[0.2041923552751541, 0.19696339964866638, 0.20557108521461487, 0.20320002734661102, 0.1900731474161148]]
hyposthese:
2 pieces ; well trimmed ; no lesions
reference:
2 pieces ; some intimal thickening
