[[0.1970626562833786, 0.19537793099880219, 0.18718013167381287, 0.21095626056194305, 0.2094229906797409]]
[[0.1915760636329651, 0.2062930464744568, 0.19209805130958557, 0.20508164167404175, 0.2049511820077896]]
[[0.20507757365703583, 0.20164383947849274, 0.20803432166576385, 0.19140127301216125, 0.19384296238422394]]
[[0.21087805926799774, 0.20081913471221924, 0.21813467144966125, 0.18367846310138702, 0.18648965656757355]]
[[0.19909651577472687, 0.19804295897483826, 0.19734960794448853, 0.20461197197437286, 0.2008989453315735]]
[[0.1970614343881607, 0.19716393947601318, 0.19459474086761475, 0.20739850401878357, 0.2037813663482666]]
hyposthese:
2 pieces , no abnormalities
reference:
2 pieces , 11x5 & 9x7 mm ;
