[[0.18800346553325653, 0.17216448485851288, 0.2094155251979828, 0.21089664101600647, 0.21951992809772491]]
[[0.18364572525024414, 0.16690059006214142, 0.1949402540922165, 0.2406187802553177, 0.2138945758342743]]
[[0.20817984640598297, 0.21832947432994843, 0.19567304849624634, 0.18663668632507324, 0.19118088483810425]]
[[0.22275200486183167, 0.2509940266609192, 0.19130563735961914, 0.16234813630580902, 0.1726001799106598]]
[[0.19898299872875214, 0.19831615686416626, 0.20043852925300598, 0.20211482048034668, 0.20014753937721252]]
[[0.1977110654115677, 0.19631512463092804, 0.20000231266021729, 0.2045862227678299, 0.20138531923294067]]
[[0.2043873369693756, 0.20409296452999115, 0.19991841912269592, 0.1941780298948288, 0.19742326438426971]]
hyposthese:
6 pieces ; well trimmed muscle
reference:
6 pieces ; well dissected
