[[0.1927083432674408, 0.20788031816482544, 0.22039222717285156, 0.19692738354206085, 0.1820916384458542]]
[[0.16100990772247314, 0.23635375499725342, 0.26853203773498535, 0.17006857693195343, 0.16403575241565704]]
[[0.21150997281074524, 0.18464429676532745, 0.17876990139484406, 0.20871150493621826, 0.2163643091917038]]
[[0.23647527396678925, 0.1608043611049652, 0.1352480798959732, 0.21999262273311615, 0.24747967720031738]]
[[0.19591939449310303, 0.2050691545009613, 0.2064758688211441, 0.19746483862400055, 0.19507072865962982]]
[[0.19571690261363983, 0.20381610095500946, 0.20876535773277283, 0.1973492056131363, 0.1943524032831192]]
[[0.2042444944381714, 0.19524581730365753, 0.19180043041706085, 0.20384660363197327, 0.20486265420913696]]
[[0.19704696536064148, 0.2040683478116989, 0.20410877466201782, 0.19812950491905212, 0.19664639234542847]]
[[0.2013523131608963, 0.19952799379825592, 0.1968681365251541, 0.2013286054134369, 0.20092298090457916]]
[[0.19509831070899963, 0.20572657883167267, 0.20801587402820587, 0.19755014777183533, 0.1936091035604477]]
[[0.19814367592334747, 0.202035054564476, 0.20307356119155884, 0.1994299739599228, 0.19731777906417847]]
hyposthese:
6 pieces ; well trimmed ; 10 % dermal fat
reference:
6 pieces ; one piece well trimmed , other pieces contain from 5 % to 40 % subcutaneous fat ( outlined )
