[[0.24105221033096313, 0.1864398717880249, 0.19200250506401062, 0.18334712088108063, 0.19715829193592072]]
[[0.2770542502403259, 0.1688917726278305, 0.17474347352981567, 0.16015636920928955, 0.21915407478809357]]
[[0.14978262782096863, 0.2179909497499466, 0.21176917850971222, 0.22721123695373535, 0.193245992064476]]
[[0.11796747148036957, 0.22614969313144684, 0.22690264880657196, 0.2388944923877716, 0.19008569419384003]]
[[0.20898275077342987, 0.19698871672153473, 0.1970304250717163, 0.1961311250925064, 0.2008669376373291]]
[[0.2215198129415512, 0.1930585652589798, 0.19290681183338165, 0.19118821620941162, 0.20132656395435333]]
[[0.20544591546058655, 0.19799873232841492, 0.19809164106845856, 0.19753019511699677, 0.20093347132205963]]
hyposthese:
2 pieces , minimal ischemic changes
reference:
2 pieces
