[[0.19482731819152832, 0.18928155303001404, 0.22255389392375946, 0.20066191256046295, 0.1926753669977188]]
[[0.19657158851623535, 0.18221361935138702, 0.23648053407669067, 0.1980600655078888, 0.18667422235012054]]
[[0.20507533848285675, 0.21222467720508575, 0.16876627504825592, 0.2035711705684662, 0.21036256849765778]]
[[0.20492835342884064, 0.22628122568130493, 0.1494157761335373, 0.19979749619960785, 0.2195771336555481]]
[[0.19765722751617432, 0.19644895195960999, 0.21174612641334534, 0.19785675406455994, 0.19629095494747162]]
[[0.19560205936431885, 0.19321973621845245, 0.22184064984321594, 0.19617268443107605, 0.19316481053829193]]
hyposthese:
2 pieces , no abnormalities
reference:
2 pieces ; 2 , 1 mm parathyroid nodules in 1 piece [ annotated ]
