[[0.18829460442066193, 0.18253333866596222, 0.19940949976444244, 0.22410747408866882, 0.20565511286258698]]
[[0.1892925202846527, 0.16850407421588898, 0.1730078011751175, 0.28839215636253357, 0.18080344796180725]]
[[0.20734815299510956, 0.21335850656032562, 0.20631827414035797, 0.17125706374645233, 0.20171794295310974]]
[[0.21971270442008972, 0.23559437692165375, 0.22315527498722076, 0.11245608329772949, 0.20908154547214508]]
[[0.1990325003862381, 0.19716401398181915, 0.19693191349506378, 0.20774304866790771, 0.19912853837013245]]
[[0.19707590341567993, 0.19571353495121002, 0.19633130729198456, 0.21071965992450714, 0.20015960931777954]]
[[0.20388078689575195, 0.20503027737140656, 0.20430052280426025, 0.18409405648708344, 0.20269431173801422]]
[[0.1991211324930191, 0.19836433231830597, 0.1976507008075714, 0.20572003722190857, 0.19914384186267853]]
[[0.20086060464382172, 0.20107710361480713, 0.20114898681640625, 0.1953660249710083, 0.20154722034931183]]
[[0.1978372484445572, 0.19608516991138458, 0.19635657966136932, 0.2095383107662201, 0.2001827210187912]]
[[0.19927778840065002, 0.199076309800148, 0.19773787260055542, 0.2041717767715454, 0.19973628222942352]]
hyposthese:
6 pieces ; well trimmed ; 5 % dermal fat
reference:
6 pieces ; well trimmed
