[[0.2406904697418213, 0.22409392893314362, 0.15973715484142303, 0.18359322845935822, 0.19188520312309265]]
[[0.25331658124923706, 0.24625326693058014, 0.15370017290115356, 0.16841889917850494, 0.17831115424633026]]
[[0.1675707846879959, 0.1757981777191162, 0.22826969623565674, 0.22270487248897552, 0.20565639436244965]]
[[0.12962010502815247, 0.1382259726524353, 0.27534177899360657, 0.23249654471874237, 0.22431564331054688]]
[[0.2069300264120102, 0.20926256477832794, 0.19359000027179718, 0.19287118315696716, 0.19734618067741394]]
[[0.2152041792869568, 0.21542230248451233, 0.1842866837978363, 0.19096024334430695, 0.19412657618522644]]
hyposthese:
2 pieces , no abnormalities
reference:
2 pieces , abundant epicardial fat , rep delineated
