[[0.18837465345859528, 0.18305392563343048, 0.2293270379304886, 0.21030190587043762, 0.18894249200820923]]
[[0.20851585268974304, 0.19641798734664917, 0.19707971811294556, 0.19279612600803375, 0.20519036054611206]]
[[0.20598766207695007, 0.21391385793685913, 0.1851920187473297, 0.18890224397182465, 0.20600423216819763]]
[[0.20538541674613953, 0.2270834743976593, 0.17829647660255432, 0.1837349683046341, 0.20549966394901276]]
[[0.19742269814014435, 0.196372389793396, 0.20061847567558289, 0.20846262574195862, 0.19712378084659576]]
[[0.19855228066444397, 0.19286178052425385, 0.20307192206382751, 0.2076779156923294, 0.19783607125282288]]
[[0.1994198113679886, 0.19516430795192719, 0.20138119161128998, 0.20486734807491302, 0.199167400598526]]
[[0.19816970825195312, 0.1938277781009674, 0.20237122476100922, 0.2078881561756134, 0.19774317741394043]]
[[0.19870470464229584, 0.19706939160823822, 0.20233166217803955, 0.20347392559051514, 0.19842033088207245]]
[[0.20049737393856049, 0.20615790784358978, 0.1965482383966446, 0.1954987347126007, 0.20129776000976562]]
[[0.19938714802265167, 0.19848699867725372, 0.2011522352695465, 0.2017124444246292, 0.19926120340824127]]
[[0.20013858377933502, 0.19968877732753754, 0.20002256333827972, 0.20005355775356293, 0.20009653270244598]]
[[0.2002524435520172, 0.19580073654651642, 0.2019140124320984, 0.20212358236312866, 0.19990921020507812]]
hyposthese:
6 pieces , squamous mucosa up to ~0.5mm , <unk> % thickness
reference:
6 pieces ; well preserved mucosa ; 4 pieces contain submucosal mucous glands up to 10 %
