[[0.14977623522281647, 0.2202606052160263, 0.2079647332429886, 0.1535029113292694, 0.26849547028541565]]
[[0.1276801973581314, 0.2840800881385803, 0.19373835623264313, 0.13468576967716217, 0.25981560349464417]]
[[0.2360459417104721, 0.17613859474658966, 0.20599184930324554, 0.23448605835437775, 0.14733754098415375]]
[[0.3010299801826477, 0.11867784708738327, 0.18892119824886322, 0.2846963703632355, 0.10667461156845093]]
[[0.19079677760601044, 0.20234836637973785, 0.19954456388950348, 0.1907794326543808, 0.21653081476688385]]
[[0.1917998343706131, 0.2037789225578308, 0.1975553184747696, 0.19152650237083435, 0.21533943712711334]]
[[0.21178126335144043, 0.1926073580980301, 0.20187127590179443, 0.21190351247787476, 0.1818365752696991]]
[[0.19410061836242676, 0.20055997371673584, 0.19858062267303467, 0.19385062158107758, 0.21290813386440277]]
[[0.20028682053089142, 0.1965847611427307, 0.20097149908542633, 0.1998288631439209, 0.20232799649238586]]
[[0.18918436765670776, 0.2027624398469925, 0.2000846564769745, 0.18965263664722443, 0.21831591427326202]]
[[0.19473189115524292, 0.20131386816501617, 0.19959424436092377, 0.19532297551631927, 0.2090369611978531]]
hyposthese:
6 pieces ; well trimmed ; 5 % dermal fat
reference:
6 pieces ~7x2mm . squamous epithelium is ~2-3 % of thickness
