[[0.18078777194023132, 0.20469926297664642, 0.18713223934173584, 0.2120491862297058, 0.21533161401748657]]
[[0.18325956165790558, 0.16235534846782684, 0.1595766246318817, 0.2339620143175125, 0.26084646582603455]]
[[0.2105659693479538, 0.20732490718364716, 0.2098500281572342, 0.1888817548751831, 0.18337732553482056]]
[[0.2251235544681549, 0.22387082874774933, 0.2381969839334488, 0.16810956597328186, 0.1446990966796875]]
[[0.19873516261577606, 0.19680383801460266, 0.19664336740970612, 0.20375095307826996, 0.20406663417816162]]
[[0.19723989069461823, 0.19725778698921204, 0.1970563679933548, 0.2028164118528366, 0.20562951266765594]]
[[0.20281466841697693, 0.2036745846271515, 0.2042156308889389, 0.19643476605415344, 0.19286035001277924]]
[[0.19892913103103638, 0.19782599806785583, 0.19848592579364777, 0.20240283012390137, 0.20235608518123627]]
[[0.20038968324661255, 0.20080581307411194, 0.20085830986499786, 0.19982360303401947, 0.19812259078025818]]
[[0.19787448644638062, 0.19576673209667206, 0.19502723217010498, 0.2047843635082245, 0.20654715597629547]]
[[0.1999334692955017, 0.19812427461147308, 0.19845718145370483, 0.20155513286590576, 0.2019299566745758]]
hyposthese:
6 pieces ; well trimmed ; 10 % dermal fat
reference:
6 pieces , well trimmed
