[[0.14603060483932495, 0.14866875112056732, 0.2663112282752991, 0.17896921932697296, 0.2600201964378357]]
[[0.1640140265226364, 0.16774247586727142, 0.23933812975883484, 0.17410869896411896, 0.2547966539859772]]
[[0.23201078176498413, 0.23174919188022614, 0.16318835318088531, 0.2175304889678955, 0.15552116930484772]]
[[0.2600207030773163, 0.26108136773109436, 0.12280821800231934, 0.2381104826927185, 0.11797922849655151]]
[[0.19409476220607758, 0.19384042918682098, 0.20830529928207397, 0.19579513370990753, 0.20796436071395874]]
[[0.19344575703144073, 0.19356626272201538, 0.21052445471286774, 0.19437843561172485, 0.20808513462543488]]
[[0.1806037873029709, 0.18083804845809937, 0.22553464770317078, 0.18758009374141693, 0.22544340789318085]]
[[0.23054224252700806, 0.2293601781129837, 0.16179467737674713, 0.21601645648479462, 0.16228647530078888]]
[[0.2039669007062912, 0.20379947125911713, 0.19461047649383545, 0.20289631187915802, 0.194726824760437]]
[[0.19351357221603394, 0.19298239052295685, 0.2093673199415207, 0.1957629770040512, 0.2083737850189209]]
[[0.19455040991306305, 0.19464735686779022, 0.20663967728614807, 0.19817720353603363, 0.20598535239696503]]
hyposthese:
2 pieces , <unk> & <unk> ; good clean specimens
reference:
2 pieces . well trimmed
