[[0.1848924607038498, 0.22049763798713684, 0.21555237472057343, 0.17455877363681793, 0.20449873805046082]]
[[0.19257308542728424, 0.21430623531341553, 0.20236533880233765, 0.18947471678256989, 0.20128053426742554]]
[[0.21197915077209473, 0.1822042465209961, 0.18971717357635498, 0.22067275643348694, 0.1954265981912613]]
[[0.2168756127357483, 0.16927264630794525, 0.185572549700737, 0.22980478405952454, 0.19847437739372253]]
[[0.19299578666687012, 0.21241284906864166, 0.20307615399360657, 0.19010786712169647, 0.20140740275382996]]
[[0.19193124771118164, 0.21409456431865692, 0.20379221439361572, 0.1895623356103897, 0.20061959326267242]]
hyposthese:
4 pieces , no abnormalities
reference:
4 pieces ; <unk> congestion , possible hemorrhage
