[[0.19989289343357086, 0.20269916951656342, 0.20783263444900513, 0.20014789700508118, 0.18942740559577942]]
[[0.20690740644931793, 0.19156496226787567, 0.19794277846813202, 0.20637594163417816, 0.19720885157585144]]
[[0.2002670168876648, 0.2015400528907776, 0.19511070847511292, 0.19706536829471588, 0.20601694285869598]]
[[0.19474618136882782, 0.19631530344486237, 0.19743315875530243, 0.19664712250232697, 0.21485821902751923]]
[[0.2006891965866089, 0.20291200280189514, 0.19885972142219543, 0.1998538076877594, 0.1976853609085083]]
[[0.20027408003807068, 0.20350946485996246, 0.2008236050605774, 0.20023173093795776, 0.1951611191034317]]
[[0.20017054677009583, 0.20059418678283691, 0.20034010708332062, 0.199786975979805, 0.19910819828510284]]
hyposthese:
2 pieces , minimal fascia/vascular elements
reference:
2 pieces , 5 % fascia/vascular elements , rep delineated
