[[0.19056189060211182, 0.1893198937177658, 0.21097968518733978, 0.20576515793800354, 0.20337344706058502]]
[[0.18262648582458496, 0.18290677666664124, 0.2076496183872223, 0.2081095427274704, 0.21870753169059753]]
[[0.21579179167747498, 0.2168123424053192, 0.1865898221731186, 0.1937514990568161, 0.1870545595884323]]
[[0.21987192332744598, 0.21946927905082703, 0.18459130823612213, 0.19373565912246704, 0.18233181536197662]]
[[0.19739389419555664, 0.19678851962089539, 0.20269137620925903, 0.20043739676475525, 0.2026887983083725]]
[[0.19994157552719116, 0.19985570013523102, 0.2003403902053833, 0.1999841183423996, 0.1998782455921173]]
[[0.197662815451622, 0.19722683727741241, 0.2022235095500946, 0.20171664655208588, 0.2011701464653015]]
[[0.19826661050319672, 0.19806958734989166, 0.2015978991985321, 0.2008487731218338, 0.2012171596288681]]
[[0.2007664144039154, 0.20066983997821808, 0.19974471628665924, 0.1995120644569397, 0.19930697977542877]]
[[0.19914337992668152, 0.19920922815799713, 0.20085181295871735, 0.2004520744085312, 0.20034348964691162]]
[[0.1995995044708252, 0.19931353628635406, 0.20036424696445465, 0.20060698688030243, 0.20011571049690247]]
hyposthese:
2 pieces , ~10 % interstitial fat , rep delineated
reference:
2 pieces , ~10-15 % interstitial fat , rep delineated
