[[0.18461602926254272, 0.22006866335868835, 0.20183944702148438, 0.20330040156841278, 0.19017542898654938]]
[[0.18756631016731262, 0.2256973683834076, 0.20026828348636627, 0.19389857351779938, 0.19256943464279175]]
[[0.21434685587882996, 0.17981405556201935, 0.19636403024196625, 0.20235569775104523, 0.20711937546730042]]
[[0.2215370386838913, 0.1707310825586319, 0.1928054839372635, 0.20107285678386688, 0.21385358273983002]]
[[0.19678626954555511, 0.206474170088768, 0.20014168322086334, 0.19918875396251678, 0.19740912318229675]]
[[0.19777004420757294, 0.20193056762218475, 0.20159229636192322, 0.2000293731689453, 0.198677659034729]]
[[0.19876909255981445, 0.20271489024162292, 0.20037244260311127, 0.19910027086734772, 0.1990433931350708]]
[[0.19623638689517975, 0.2041378617286682, 0.20136737823486328, 0.20086443424224854, 0.19739392399787903]]
hyposthese:
2 pieces , myometrium , no <unk>
reference:
2 pieces ; only myometrium , no endometrium
