[[0.15911278128623962, 0.21261578798294067, 0.20968422293663025, 0.19596712291240692, 0.2226201295852661]]
[[0.1305411159992218, 0.22717562317848206, 0.2166772037744522, 0.1577143669128418, 0.26789170503616333]]
[[0.22678665816783905, 0.19410966336727142, 0.19533617794513702, 0.21130642294883728, 0.17246109247207642]]
[[0.2931428551673889, 0.1649635285139084, 0.17765139043331146, 0.2341034710407257, 0.13013876974582672]]
[[0.193081796169281, 0.20095770061016083, 0.2010236233472824, 0.1967778205871582, 0.20815904438495636]]
[[0.19258815050125122, 0.2034580558538437, 0.20073285698890686, 0.19616428017616272, 0.2070567011833191]]
[[0.2094654142856598, 0.19653375446796417, 0.19876335561275482, 0.20728415250778198, 0.18795333802700043]]
[[0.19578814506530762, 0.20036353170871735, 0.2001314014196396, 0.1981496512889862, 0.20556722581386566]]
[[0.20306792855262756, 0.19928842782974243, 0.2012835294008255, 0.20310039818286896, 0.19325974583625793]]
[[0.1910068541765213, 0.20353442430496216, 0.2013006955385208, 0.19617871940135956, 0.20797932147979736]]
[[0.1960650235414505, 0.20160196721553802, 0.20026206970214844, 0.19880324602127075, 0.20326769351959229]]
hyposthese:
6 pieces ; well trimmed ; 10 % dermal fat
reference:
6 pieces , well trimmed
