[[0.19377465546131134, 0.14485004544258118, 0.24703234434127808, 0.16235008835792542, 0.251992791891098]]
[[0.1849450021982193, 0.15496447682380676, 0.25809329748153687, 0.1704891324043274, 0.2315080761909485]]
[[0.21517547965049744, 0.24021589756011963, 0.15711729228496552, 0.23061372339725494, 0.15687759220600128]]
[[0.2153552919626236, 0.28290462493896484, 0.11436908692121506, 0.25463640689849854, 0.13273462653160095]]
[[0.19588802754878998, 0.19171437621116638, 0.2090843915939331, 0.19453799724578857, 0.20877514779567719]]
[[0.20363833010196686, 0.20467601716518402, 0.19224432110786438, 0.2044401466846466, 0.19500118494033813]]
[[0.19625604152679443, 0.1858532875776291, 0.21691934764385223, 0.19073820114135742, 0.2102331817150116]]
[[0.1965906023979187, 0.1918775737285614, 0.21007198095321655, 0.19355730712413788, 0.20790259540081024]]
hyposthese:
6 pieces , atherosis up to ~0.2mm
reference:
6 pieces , minimal atherosis
