[[0.2107306271791458, 0.19701766967773438, 0.13979533314704895, 0.19346603751182556, 0.2589903175830841]]
[[0.22065797448158264, 0.20355571806430817, 0.13828019797801971, 0.1893213987350464, 0.24818475544452667]]
[[0.18767739832401276, 0.2004256695508957, 0.24199087917804718, 0.20543938875198364, 0.16446663439273834]]
[[0.18064627051353455, 0.19494497776031494, 0.27055615186691284, 0.205670565366745, 0.14818206429481506]]
[[0.20250973105430603, 0.1995391845703125, 0.19638709723949432, 0.1981082260608673, 0.20345577597618103]]
[[0.20034687221050262, 0.20011736452579498, 0.2048778086900711, 0.20511753857135773, 0.18954041600227356]]
[[0.20283660292625427, 0.2013331800699234, 0.1894940882921219, 0.19835534691810608, 0.20798072218894958]]
hyposthese:
1 piece ; adenohypophysis and neurohypophysis
reference:
1 piece ; adenohypophysis and neurohypophysis with significant attached dura
