[[0.18841885030269623, 0.19620278477668762, 0.21860074996948242, 0.21137532591819763, 0.18540236353874207]]
[[0.1747383028268814, 0.1851533204317093, 0.19999489188194275, 0.25745055079460144, 0.18266290426254272]]
[[0.2102792114019394, 0.2059149295091629, 0.1918743997812271, 0.1812853217124939, 0.2106461077928543]]
[[0.22862499952316284, 0.22116635739803314, 0.1801653504371643, 0.14992256462574005, 0.22012066841125488]]
[[0.19808579981327057, 0.1975470632314682, 0.2014249861240387, 0.20457623898983002, 0.19836588203907013]]
[[0.19712255895137787, 0.19660452008247375, 0.20150098204612732, 0.20660176873207092, 0.19817015528678894]]
hyposthese:
6 pieces ; well trimmed
reference:
6 pieces ; well trimmed muscle
