[[0.18124356865882874, 0.2163490206003189, 0.21592742204666138, 0.1997721791267395, 0.1867077499628067]]
[[0.17665743827819824, 0.19878186285495758, 0.24651086330413818, 0.22367364168167114, 0.15437622368335724]]
[[0.21104606986045837, 0.19569502770900726, 0.18756382167339325, 0.19221076369285583, 0.21348430216312408]]
[[0.23062150180339813, 0.19100067019462585, 0.15016275644302368, 0.17981655895709991, 0.24839849770069122]]
[[0.19901356101036072, 0.20035161077976227, 0.20278103649616241, 0.20110507309436798, 0.19674868881702423]]
[[0.19727464020252228, 0.2008994221687317, 0.20395858585834503, 0.20147375762462616, 0.19639362394809723]]
[[0.19892382621765137, 0.20071136951446533, 0.202230766415596, 0.20019786059856415, 0.19793613255023956]]
[[0.2066279500722885, 0.1980591118335724, 0.18582218885421753, 0.19774366915225983, 0.21174706518650055]]
[[0.19898617267608643, 0.20009709894657135, 0.2011806070804596, 0.20144499838352203, 0.1982910931110382]]
[[0.1981736421585083, 0.20130327343940735, 0.2018362134695053, 0.20047281682491302, 0.19821402430534363]]
[[0.20004908740520477, 0.2000555396080017, 0.20028257369995117, 0.19996024668216705, 0.19965259730815887]]
[[0.20034974813461304, 0.20107761025428772, 0.20178958773612976, 0.199641615152359, 0.19714148342609406]]
[[0.2000211477279663, 0.19973525404930115, 0.20008772611618042, 0.19993259012699127, 0.20022325217723846]]
hyposthese:
6 pieces , minimal dermal fat ; squamous epithelium is <unk> microns
reference:
6 ~7x2mm pieces ; squamous epithelium is ~ 2-3 % of specimen thickness
