[[0.19333961606025696, 0.20302040874958038, 0.21691003441810608, 0.1923033893108368, 0.1944265514612198]]
[[0.1799694299697876, 0.21092815697193146, 0.23844636976718903, 0.17905978858470917, 0.19159628450870514]]
[[0.21457530558109283, 0.19181929528713226, 0.1686002016067505, 0.21600954234600067, 0.20899559557437897]]
[[0.2196047008037567, 0.1929415613412857, 0.1528542935848236, 0.2215435951948166, 0.213055819272995]]
[[0.19708865880966187, 0.20123472809791565, 0.20662467181682587, 0.19644762575626373, 0.1986042559146881]]
[[0.19941629469394684, 0.19979116320610046, 0.202118918299675, 0.19939003884792328, 0.19928358495235443]]
[[0.19657431542873383, 0.2016584575176239, 0.20781570672988892, 0.19577550888061523, 0.19817598164081573]]
[[0.1982661783695221, 0.20023387670516968, 0.20469626784324646, 0.1981220841407776, 0.19868159294128418]]
[[0.20167513191699982, 0.20039814710617065, 0.19476807117462158, 0.2018164098262787, 0.20134222507476807]]
[[0.1993190050125122, 0.2002965807914734, 0.20146262645721436, 0.19943703711032867, 0.19948479533195496]]
[[0.19936637580394745, 0.1996961534023285, 0.2021975815296173, 0.19930791854858398, 0.19943200051784515]]
hyposthese:
2 pieces , ~10 % interstitial fat , rep delineated
reference:
2 pieces , minimal interstitial fat
