[[0.2165614366531372, 0.18615631759166718, 0.19383034110069275, 0.21086011826992035, 0.19259178638458252]]
[[0.20319995284080505, 0.20104724168777466, 0.20105019211769104, 0.20428510010242462, 0.19041754305362701]]
[[0.18885289132595062, 0.2072947472333908, 0.2038365751504898, 0.1959236115217209, 0.20409223437309265]]
[[0.17744912207126617, 0.20981566607952118, 0.2094411998987198, 0.18804939091205597, 0.21524463593959808]]
[[0.205807164311409, 0.19696705043315887, 0.1963391900062561, 0.20289814472198486, 0.19798843562602997]]
[[0.20730085670948029, 0.19530324637889862, 0.19451667368412018, 0.20561276376247406, 0.19726641476154327]]
[[0.20080766081809998, 0.19979745149612427, 0.19907864928245544, 0.1999737173318863, 0.2003425657749176]]
hyposthese:
2 pieces , minimal fascia/vascular elements
reference:
2 pieces , <unk> mesothelial <unk> , rep focus delineated
