[[0.11656259745359421, 0.2355256974697113, 0.235226571559906, 0.1455598771572113, 0.2671252489089966]]
[[0.10818485170602798, 0.2471947968006134, 0.2670016586780548, 0.1394643485546112, 0.2381543517112732]]
[[0.264736145734787, 0.17292627692222595, 0.15812693536281586, 0.24118629097938538, 0.16302436590194702]]
[[0.33813080191612244, 0.1391461044549942, 0.1230720803141594, 0.2810664176940918, 0.11858460307121277]]
[[0.1848781257867813, 0.20392750203609467, 0.2085166573524475, 0.18846316635608673, 0.2142145335674286]]
[[0.20441873371601105, 0.1976613700389862, 0.1950492411851883, 0.2063061147928238, 0.19656449556350708]]
[[0.192996546626091, 0.20260076224803925, 0.2042778581380844, 0.19703522324562073, 0.2030896097421646]]
[[0.19362331926822662, 0.20157134532928467, 0.20272579789161682, 0.1966216266155243, 0.2054579108953476]]
[[0.21097202599048615, 0.19544808566570282, 0.19233843684196472, 0.2079669088125229, 0.1932746022939682]]
[[0.18715062737464905, 0.20448017120361328, 0.20640651881694794, 0.19068418443202972, 0.21127846837043762]]
[[0.19422662258148193, 0.20234797894954681, 0.20273357629776, 0.19678309559822083, 0.2039087414741516]]
hyposthese:
2 pieces ; 1 piece has 20 % fibrous content
reference:
2 pieces ; severely autolyzed , some atrophy and <unk> metaplasia
