[[0.2298719882965088, 0.19392767548561096, 0.202861949801445, 0.18447352945804596, 0.1888648420572281]]
[[0.3350141942501068, 0.16527678072452545, 0.19773831963539124, 0.1499745100736618, 0.1519961953163147]]
[[0.1541736125946045, 0.21164582669734955, 0.20217669010162354, 0.21679265797138214, 0.2152111828327179]]
[[0.07837062329053879, 0.22997580468654633, 0.19483618438243866, 0.2525516152381897, 0.24426575005054474]]
[[0.20647504925727844, 0.19690373539924622, 0.20084799826145172, 0.19761522114276886, 0.19815801084041595]]
[[0.20398451387882233, 0.19793590903282166, 0.20168893039226532, 0.19797080755233765, 0.19841980934143066]]
[[0.17695368826389313, 0.2062292844057083, 0.19969423115253448, 0.20851287245750427, 0.208609938621521]]
[[0.2057626098394394, 0.1972169429063797, 0.2004869282245636, 0.1979701966047287, 0.1985633224248886]]
[[0.20325741171836853, 0.1986938863992691, 0.20019032061100006, 0.19861134886741638, 0.19924703240394592]]
[[0.20792987942695618, 0.19883595407009125, 0.2023032158613205, 0.19531355798244476, 0.19561737775802612]]
[[0.1900603324174881, 0.20215266942977905, 0.20045813918113708, 0.20357942581176758, 0.2037493735551834]]
[[0.20301949977874756, 0.19905826449394226, 0.20006313920021057, 0.1987660974264145, 0.1990930289030075]]
[[0.19930081069469452, 0.20016346871852875, 0.20071057975292206, 0.19964052736759186, 0.2001846581697464]]
[[0.20151270925998688, 0.19932198524475098, 0.20067322254180908, 0.19894735515117645, 0.19954469799995422]]
[[0.2032032459974289, 0.19885946810245514, 0.20045088231563568, 0.19853387773036957, 0.19895252585411072]]
[[0.1924881488084793, 0.201529398560524, 0.2004292756319046, 0.20285123586654663, 0.2027018964290619]]
[[0.2007531374692917, 0.19974572956562042, 0.20059390366077423, 0.19928883016109467, 0.19961844384670258]]
[[0.20490340888500214, 0.19903452694416046, 0.19957184791564941, 0.1981154829263687, 0.19837473332881927]]
hyposthese:
6 pieces , well preserved , abundant lymphoid aggregates are ~60-70 % of tissue , rep delineated
reference:
6 pieces , well preserved , abundant <unk> aggregates up to ~50 % total tissue , rep. delineated
