[[0.16992472112178802, 0.21450094878673553, 0.18984171748161316, 0.2352932244539261, 0.1904393583536148]]
[[0.17809370160102844, 0.1946563869714737, 0.181926891207695, 0.262959748506546, 0.18236328661441803]]
[[0.2239278107881546, 0.1900480091571808, 0.212839275598526, 0.15808095037937164, 0.215103879570961]]
[[0.23960372805595398, 0.194405198097229, 0.21969154477119446, 0.11960355192422867, 0.2266959249973297]]
[[0.19158905744552612, 0.20719076693058014, 0.19279542565345764, 0.2144293487071991, 0.1939954161643982]]
[[0.18490555882453918, 0.20770783722400665, 0.1900622397661209, 0.2294071912765503, 0.187917098402977]]
[[0.18196168541908264, 0.20624202489852905, 0.18672724068164825, 0.23634546995162964, 0.18872368335723877]]
[[0.24203483760356903, 0.1797882467508316, 0.21872292459011078, 0.1323733627796173, 0.2270805835723877]]
hyposthese:
4 pieces , up to 6x4mm ;
reference:
4 pieces , <unk> mm ; moderate tissue tears
