[[0.20720823109149933, 0.18912716209888458, 0.187667116522789, 0.2263704538345337, 0.1896270513534546]]
[[0.23323684930801392, 0.17182672023773193, 0.17023888230323792, 0.2498350292444229, 0.17486250400543213]]
[[0.1917346864938736, 0.20901353657245636, 0.21017007529735565, 0.17973726987838745, 0.20934444665908813]]
[[0.17991945147514343, 0.21972806751728058, 0.22151686251163483, 0.15921097993850708, 0.2196246087551117]]
[[0.19990664720535278, 0.19899241626262665, 0.19899192452430725, 0.2025793492794037, 0.1995297223329544]]
[[0.20015643537044525, 0.19953033328056335, 0.19965854287147522, 0.20086398720741272, 0.19979071617126465]]
hyposthese:
2 pieces ; moderate congestion
reference:
2 pieces , mild congestion
