[[0.18454676866531372, 0.19519172608852386, 0.21644209325313568, 0.2138315588235855, 0.1899878978729248]]
[[0.18419460952281952, 0.1984257698059082, 0.21364441514015198, 0.21485500037670135, 0.18888020515441895]]
[[0.21216098964214325, 0.1997547298669815, 0.18923503160476685, 0.19145996868610382, 0.20738931000232697]]
[[0.21764442324638367, 0.20371857285499573, 0.1825067549943924, 0.18362915515899658, 0.21250106394290924]]
[[0.19810134172439575, 0.1979757398366928, 0.19951586425304413, 0.20580224692821503, 0.19860482215881348]]
[[0.19786442816257477, 0.19974684715270996, 0.19985583424568176, 0.20420226454734802, 0.1983305960893631]]
[[0.19515958428382874, 0.19880785048007965, 0.20449528098106384, 0.20423109829425812, 0.19730620086193085]]
[[0.19802385568618774, 0.20029497146606445, 0.20153594017028809, 0.20137308537960052, 0.1987721472978592]]
hyposthese:
2 pieces , typical post menopausal atrophy
reference:
2 pieces ; atrophic with corpora albicans
