[[0.21133896708488464, 0.19908422231674194, 0.1817583292722702, 0.2689187228679657, 0.13889974355697632]]
[[0.21211686730384827, 0.17080430686473846, 0.17450423538684845, 0.2610219717025757, 0.18155260384082794]]
[[0.1960698366165161, 0.20612123608589172, 0.2083846926689148, 0.16282634437084198, 0.2265978455543518]]
[[0.17754296958446503, 0.20918744802474976, 0.21843872964382172, 0.11689107120037079, 0.27793973684310913]]
[[0.20234553515911102, 0.19761186838150024, 0.20196780562400818, 0.2050124555826187, 0.1930624097585678]]
[[0.2020079344511032, 0.1955493837594986, 0.20037871599197388, 0.2141207754611969, 0.18794316053390503]]
[[0.2011200189590454, 0.20304475724697113, 0.2023455947637558, 0.18878597021102905, 0.20470371842384338]]
[[0.20065318048000336, 0.2002815157175064, 0.20094093680381775, 0.19962278008460999, 0.1985016167163849]]
[[0.19973845779895782, 0.1953284740447998, 0.19872242212295532, 0.2092265784740448, 0.19698397815227509]]
hyposthese:
6 pieces , all muscularis , good specimens
reference:
6 pieces ; all full thickness , but mucosa is limited in some
