[[0.18706020712852478, 0.1721520572900772, 0.18477533757686615, 0.21997760236263275, 0.23603478074073792]]
[[0.1688331812620163, 0.1547071635723114, 0.16909323632717133, 0.22032906115055084, 0.28703737258911133]]
[[0.22483743727207184, 0.23689576983451843, 0.23095373809337616, 0.1753433644771576, 0.1319696009159088]]
[[0.234409362077713, 0.27507755160331726, 0.24913612008094788, 0.15549814701080322, 0.08587885648012161]]
[[0.19072353839874268, 0.18569204211235046, 0.18544085323810577, 0.2110048234462738, 0.22713863849639893]]
[[0.18679578602313995, 0.1801830232143402, 0.18074093759059906, 0.21431033313274384, 0.23796993494033813]]
hyposthese:
2 pieces , no abnormalities
reference:
2 pieces ; focal fibrosis
