[[0.16429883241653442, 0.15880699455738068, 0.23604707419872284, 0.27984699606895447, 0.161000058054924]]
[[0.16681037843227386, 0.16137495636940002, 0.21037805080413818, 0.2985103726387024, 0.16292622685432434]]
[[0.2268182635307312, 0.23225705325603485, 0.18529987335205078, 0.12381508201360703, 0.23180967569351196]]
[[0.2460724264383316, 0.2583227753639221, 0.16146805882453918, 0.07734160125255585, 0.25679516792297363]]
[[0.19158241152763367, 0.18943922221660614, 0.20806248486042023, 0.2193169891834259, 0.19159887731075287]]
[[0.19652649760246277, 0.19533692300319672, 0.20540383458137512, 0.20725323259830475, 0.19547954201698303]]
[[0.18783098459243774, 0.18577295541763306, 0.20539270341396332, 0.23393411934375763, 0.18706919252872467]]
[[0.19568558037281036, 0.19493639469146729, 0.20164182782173157, 0.21186520159244537, 0.19587096571922302]]
hyposthese:
2 pieces , typical post menopausal atrophy
reference:
2 pieces + fragments , corpora albicantia present
