[[0.26438096165657043, 0.10565511137247086, 0.20870409905910492, 0.21208669245243073, 0.20917312800884247]]
[[0.25738123059272766, 0.11424215137958527, 0.19044822454452515, 0.20616692304611206, 0.23176145553588867]]
[[0.15531747043132782, 0.2349126636981964, 0.20955200493335724, 0.19837240874767303, 0.2018454670906067]]
[[0.09489479660987854, 0.368927925825119, 0.20933681726455688, 0.179319366812706, 0.14752109348773956]]
[[0.20739950239658356, 0.1969289779663086, 0.1963379979133606, 0.1997126191854477, 0.19962096214294434]]
[[0.21106742322444916, 0.18624217808246613, 0.19778995215892792, 0.20354117453098297, 0.20135927200317383]]
[[0.2075379192829132, 0.19424258172512054, 0.19813983142375946, 0.19935007393360138, 0.2007295787334442]]
[[0.20679545402526855, 0.19523583352565765, 0.19816312193870544, 0.1990400105714798, 0.2007656693458557]]
[[0.1937842071056366, 0.20228753983974457, 0.20212630927562714, 0.20110903680324554, 0.20069290697574615]]
[[0.2046666443347931, 0.19116970896720886, 0.20009957253932953, 0.2021605223417282, 0.2019035369157791]]
hyposthese:
6 pieces , squamous mucosa is <unk> % thickness
reference:
6 pieces ; prominent submucosal glands in most pieces
