[[0.1681601107120514, 0.1729046106338501, 0.20245027542114258, 0.2465725690126419, 0.20991240441799164]]
[[0.17476941645145416, 0.17514686286449432, 0.2200557440519333, 0.23240403831005096, 0.19762395322322845]]
[[0.21315985918045044, 0.2106473296880722, 0.19305609166622162, 0.18394747376441956, 0.1991892158985138]]
[[0.2444128543138504, 0.24524573981761932, 0.17013588547706604, 0.15200495719909668, 0.18820053339004517]]
[[0.19723309576511383, 0.196583554148674, 0.2051900178194046, 0.20125848054885864, 0.19973482191562653]]
[[0.19450953602790833, 0.19472448527812958, 0.20589807629585266, 0.20468051731586456, 0.20018738508224487]]
[[0.20221951603889465, 0.20200534164905548, 0.19826321303844452, 0.1971646100282669, 0.20034734904766083]]
[[0.19974853098392487, 0.1997930109500885, 0.2005569487810135, 0.19964933395385742, 0.20025216042995453]]
[[0.19862399995326996, 0.19842205941677094, 0.20028255879878998, 0.20267358422279358, 0.19999776780605316]]
hyposthese:
6 pieces , all muscularis , good specimens
reference:
6 pieces , up to <unk> ; all muscularis , good specimens
