[[0.21412783861160278, 0.18241575360298157, 0.21369412541389465, 0.18411177396774292, 0.20565053820610046]]
[[0.21464639902114868, 0.1641426682472229, 0.22182181477546692, 0.19505630433559418, 0.2043328434228897]]
[[0.19120775163173676, 0.2175394892692566, 0.18745461106300354, 0.20685018599033356, 0.19694790244102478]]
[[0.17806237936019897, 0.22730548679828644, 0.18067826330661774, 0.2248544842004776, 0.18909940123558044]]
[[0.19969294965267181, 0.19641202688217163, 0.20285822451114655, 0.20025810599327087, 0.20077864825725555]]
[[0.2034386694431305, 0.19784297049045563, 0.19970890879631042, 0.19898772239685059, 0.2000216841697693]]
[[0.20769861340522766, 0.19602419435977936, 0.20495980978012085, 0.18930774927139282, 0.20200970768928528]]
[[0.18991969525814056, 0.21265578269958496, 0.1929258555173874, 0.20808307826519012, 0.19641560316085815]]
hyposthese:
2 pieces , <unk> & <unk> ;
reference:
2 pieces . <unk> & <unk> ;
