[[0.20287425816059113, 0.18807406723499298, 0.21908842027187347, 0.21713976562023163, 0.17282350361347198]]
[[0.19955313205718994, 0.19688525795936584, 0.2083827555179596, 0.2065977156162262, 0.18858109414577484]]
[[0.19870039820671082, 0.2100433111190796, 0.18287892639636993, 0.18665063381195068, 0.22172673046588898]]
[[0.20051349699497223, 0.21671761572360992, 0.17262929677963257, 0.17698317766189575, 0.23315641283988953]]
[[0.19882316887378693, 0.1943863332271576, 0.21025532484054565, 0.2062128186225891, 0.19032235443592072]]
[[0.1966850459575653, 0.19259679317474365, 0.21278582513332367, 0.20884914696216583, 0.18908323347568512]]
hyposthese:
4 pieces , no abnormalities
reference:
2 pieces , no abnormalities
