[[0.18557336926460266, 0.22059333324432373, 0.16740305721759796, 0.1926286816596985, 0.23380163311958313]]
[[0.19508151710033417, 0.20788216590881348, 0.15676060318946838, 0.19787515699863434, 0.2424006462097168]]
[[0.20408694446086884, 0.18795716762542725, 0.22772808372974396, 0.20221206545829773, 0.1780157834291458]]
[[0.20507042109966278, 0.17412856221199036, 0.28002598881721497, 0.20412766933441162, 0.13664737343788147]]
[[0.1998116821050644, 0.2019241899251938, 0.1938360333442688, 0.19853375852108002, 0.2058943212032318]]
[[0.19717665016651154, 0.20274649560451508, 0.19018590450286865, 0.19665229320526123, 0.21323871612548828]]
[[0.2030661255121231, 0.19939833879470825, 0.20458263158798218, 0.20289044082164764, 0.1900624930858612]]
[[0.20052188634872437, 0.20055381953716278, 0.19981330633163452, 0.20053094625473022, 0.19858001172542572]]
[[0.19821028411388397, 0.2006198912858963, 0.1959051936864853, 0.1979057490825653, 0.20735885202884674]]
hyposthese:
6 pieces , all muscularis , good specimens
reference:
6 pieces , well trimmed , few detached fragments of squamous epithelium
