[[0.2578394114971161, 0.1381022036075592, 0.21153971552848816, 0.22671900689601898, 0.16579961776733398]]
[[0.2479180246591568, 0.15598203241825104, 0.18604016304016113, 0.22553971409797668, 0.18452005088329315]]
[[0.1598752737045288, 0.24496854841709137, 0.1963300257921219, 0.17735683917999268, 0.2214692384004593]]
[[0.13606567680835724, 0.2722892165184021, 0.19897136092185974, 0.16727478802204132, 0.2253989577293396]]
[[0.20837800204753876, 0.18976452946662903, 0.19814953207969666, 0.2053375393152237, 0.19837039709091187]]
[[0.19046196341514587, 0.2064652442932129, 0.20070567727088928, 0.1960369348526001, 0.20633015036582947]]
[[0.2090362012386322, 0.18948155641555786, 0.19891220331192017, 0.20465578138828278, 0.1979142725467682]]
hyposthese:
1 piece ; adenohypophysis and neurohypophysis
reference:
1 piece , moderately autolyzed
