[[0.17097435891628265, 0.22993582487106323, 0.21191594004631042, 0.18623679876327515, 0.20093703269958496]]
[[0.1753455102443695, 0.2308308482170105, 0.1972106248140335, 0.19187171757221222, 0.20474131405353546]]
[[0.21804676949977875, 0.18477647006511688, 0.19874237477779388, 0.20407482981681824, 0.19435949623584747]]
[[0.21656377613544464, 0.17189143598079681, 0.19929997622966766, 0.20960573852062225, 0.20263910293579102]]
[[0.19758576154708862, 0.20388561487197876, 0.1995239555835724, 0.19928652048110962, 0.1997181475162506]]
[[0.19982290267944336, 0.20233164727687836, 0.1998303383588791, 0.19905103743076324, 0.19896407425403595]]
[[0.18935316801071167, 0.21886369585990906, 0.20331887900829315, 0.191712886095047, 0.1967514157295227]]
[[0.21608544886112213, 0.1799672245979309, 0.19651688635349274, 0.20709966123104095, 0.2003307342529297]]
hyposthese:
2 pieces , <unk> & <unk> ;
reference:
2 pieces , 11x8 & 12x8mm ; small <unk> holes
