[[0.1613006740808487, 0.13051223754882812, 0.1551378071308136, 0.3217727243900299, 0.23127654194831848]]
[[0.16627399623394012, 0.13503099977970123, 0.1390373259782791, 0.33797377347946167, 0.22168391942977905]]
[[0.22719542682170868, 0.24626073241233826, 0.23780259490013123, 0.11030551791191101, 0.17843574285507202]]
[[0.23450453579425812, 0.28747132420539856, 0.26591989398002625, 0.06089893355965614, 0.15120528638362885]]
[[0.19729989767074585, 0.19445137679576874, 0.19449327886104584, 0.21543216705322266, 0.19832324981689453]]
[[0.20512448251247406, 0.20514638721942902, 0.20521414279937744, 0.1804988831281662, 0.2040160745382309]]
[[0.20083433389663696, 0.18981358408927917, 0.19186733663082123, 0.21313154697418213, 0.20435316860675812]]
[[0.20005293190479279, 0.19795116782188416, 0.19881433248519897, 0.202885702252388, 0.20029579102993011]]
hyposthese:
2 pieces ; 10 % internal fat
reference:
2 pieces , fairly well preserved , abundant islets noted , rep delineated
