[[0.21442444622516632, 0.19865642488002777, 0.2374424785375595, 0.18131910264492035, 0.16815756261348724]]
[[0.19833914935588837, 0.21473689377307892, 0.22511044144630432, 0.18695037066936493, 0.17486317455768585]]
[[0.19443313777446747, 0.19697949290275574, 0.18096421658992767, 0.20928329229354858, 0.21833984553813934]]
[[0.19388273358345032, 0.19696113467216492, 0.1737978309392929, 0.20936062932014465, 0.2259977012872696]]
[[0.20187678933143616, 0.20150412619113922, 0.20145656168460846, 0.19829298555850983, 0.19686953723430634]]
[[0.2003553956747055, 0.20043151080608368, 0.20016513764858246, 0.1996585875749588, 0.19938933849334717]]
[[0.2038659304380417, 0.19817523658275604, 0.20817217230796814, 0.19716839492321014, 0.192618265748024]]
[[0.19462351500988007, 0.19534318149089813, 0.18368153274059296, 0.20908932387828827, 0.21726246178150177]]
[[0.19970247149467468, 0.19873715937137604, 0.19844940304756165, 0.20109207928180695, 0.20201890170574188]]
[[0.20049384236335754, 0.19967344403266907, 0.20202142000198364, 0.19893135130405426, 0.1988798975944519]]
[[0.2005385309457779, 0.2000972032546997, 0.2019091099500656, 0.19869549572467804, 0.19875967502593994]]
hyposthese:
2 pieces , <unk> & <unk> ; good clean specimen
reference:
2 pieces <unk> & 2x2mm ; adherent <unk> nerve focally , delineated
