[[0.15799754858016968, 0.15287962555885315, 0.20635095238685608, 0.26023784279823303, 0.22253403067588806]]
[[0.15220831334590912, 0.17168740928173065, 0.21081030368804932, 0.2556789219379425, 0.20961502194404602]]
[[0.22671298682689667, 0.22538357973098755, 0.19478954374790192, 0.16148711740970612, 0.19162678718566895]]
[[0.2633231580257416, 0.261433869600296, 0.17931625247001648, 0.12332066148519516, 0.17260600626468658]]
[[0.19414295256137848, 0.19740253686904907, 0.20066048204898834, 0.20616868138313293, 0.20162536203861237]]
[[0.19430796802043915, 0.19237485527992249, 0.20185594260692596, 0.20890194177627563, 0.20255929231643677]]
[[0.19704902172088623, 0.19826063513755798, 0.20115779340267181, 0.2026398628950119, 0.20089276134967804]]
[[0.1973666548728943, 0.19915765523910522, 0.20052067935466766, 0.20264071226119995, 0.20031431317329407]]
[[0.19979844987392426, 0.20059515535831451, 0.20015199482440948, 0.20005856454372406, 0.1993958204984665]]
[[0.1970614492893219, 0.19773995876312256, 0.20057348906993866, 0.2047252506017685, 0.1998998373746872]]
[[0.19526222348213196, 0.19645163416862488, 0.20057551562786102, 0.20669901371002197, 0.20101164281368256]]
[[0.20065923035144806, 0.20178161561489105, 0.19965393841266632, 0.19924290478229523, 0.19866229593753815]]
[[0.20101338624954224, 0.2014273852109909, 0.20111197233200073, 0.19651320576667786, 0.19993402063846588]]
hyposthese:
2 pieces , gynecomastoid stromal and ductal ( rep delineated ) hyperplasia
reference:
2 pieces , gynecomastoid stromal and ductal ( rep delineated ) hyperplasia
