[[0.20315277576446533, 0.21297571063041687, 0.18371208012104034, 0.2292979508638382, 0.17086152732372284]]
[[0.19286711513996124, 0.24531085789203644, 0.1547330915927887, 0.24638013541698456, 0.16070881485939026]]
[[0.20318152010440826, 0.1909046322107315, 0.2078242003917694, 0.18652676045894623, 0.2115628868341446]]
[[0.2137301117181778, 0.15410609543323517, 0.2447398155927658, 0.1435803323984146, 0.24384364485740662]]
[[0.19887517392635345, 0.20209528505802155, 0.19844317436218262, 0.20186719298362732, 0.19871917366981506]]
[[0.1977720707654953, 0.20633967220783234, 0.190903440117836, 0.21219967305660248, 0.19278517365455627]]
[[0.19728365540504456, 0.2053489238023758, 0.1945575326681137, 0.21008777618408203, 0.1927221566438675]]
[[0.2010537087917328, 0.17856577038764954, 0.2254505604505539, 0.17112649977207184, 0.22380341589450836]]
[[0.1994335949420929, 0.19961349666118622, 0.20012159645557404, 0.1998300552368164, 0.20100131630897522]]
[[0.19833481311798096, 0.19952814280986786, 0.19889473915100098, 0.20474381744861603, 0.19849848747253418]]
[[0.20000900328159332, 0.19974298775196075, 0.20047146081924438, 0.19979850947856903, 0.19997809827327728]]
[[0.199730783700943, 0.20111480355262756, 0.1991177648305893, 0.20043671131134033, 0.19959989190101624]]
[[0.19919584691524506, 0.20066022872924805, 0.19915375113487244, 0.20209075510501862, 0.19889932870864868]]
[[0.19953282177448273, 0.20130284130573273, 0.1987820863723755, 0.20139765739440918, 0.19898459315299988]]
hyposthese:
6 pieces , up to <unk> ; squamous epithelium is ~1 % thickness
reference:
6 pieces , up to <unk> mm ; scattered dermal fractures
