[[0.16850082576274872, 0.20921528339385986, 0.1663980334997177, 0.21501867473125458, 0.24086712300777435]]
[[0.15431319177150726, 0.2062760889530182, 0.15278120338916779, 0.23045355081558228, 0.2561759352684021]]
[[0.22407816350460052, 0.19042794406414032, 0.22635169327259064, 0.189347043633461, 0.16979508101940155]]
[[0.26443907618522644, 0.17828325927257538, 0.2660425007343292, 0.1567518562078476, 0.13448333740234375]]
[[0.19669654965400696, 0.20022617280483246, 0.198259174823761, 0.19944101572036743, 0.20537705719470978]]
[[0.19489559531211853, 0.1994209885597229, 0.19589456915855408, 0.19932542741298676, 0.21046343445777893]]
[[0.19533531367778778, 0.1991315335035324, 0.19578759372234344, 0.2003083974123001, 0.20943717658519745]]
hyposthese:
6 pieces , confirmed target muscularis
reference:
6 pieces ; some residual attached fibrous/vascular tissue
