[[0.19148525595664978, 0.17675484716892242, 0.23322716355323792, 0.2101489007472992, 0.1883837729692459]]
[[0.19062907993793488, 0.1570204347372055, 0.2801068425178528, 0.17878837883472443, 0.1934552937746048]]
[[0.2150038182735443, 0.20927685499191284, 0.16481392085552216, 0.1984207183122635, 0.21248476207256317]]
[[0.22394268214702606, 0.23734994232654572, 0.11124306917190552, 0.19978198409080505, 0.22768238186836243]]
[[0.19649821519851685, 0.1988976001739502, 0.20844416320323944, 0.19999676942825317, 0.19616326689720154]]
[[0.1909313201904297, 0.1905854493379593, 0.2277970016002655, 0.201304093003273, 0.18938210606575012]]
[[0.19455698132514954, 0.18702790141105652, 0.22607502341270447, 0.20031067728996277, 0.1920294165611267]]
[[0.20986159145832062, 0.22712010145187378, 0.1446785181760788, 0.2027369737625122, 0.21560274064540863]]
[[0.19932043552398682, 0.2024596482515335, 0.19748854637145996, 0.20166245102882385, 0.19906896352767944]]
[[0.1971505880355835, 0.19826087355613708, 0.2103276252746582, 0.19885659217834473, 0.19540438055992126]]
[[0.19878628849983215, 0.20012210309505463, 0.201867014169693, 0.20086900889873505, 0.1983555406332016]]
[[0.1983352154493332, 0.19976261258125305, 0.20349563658237457, 0.20041020214557648, 0.19799628853797913]]
[[0.19883069396018982, 0.1999155879020691, 0.20294035971164703, 0.19991068542003632, 0.19840267300605774]]
[[0.19804587960243225, 0.19953849911689758, 0.20429256558418274, 0.2006523162126541, 0.1974707394838333]]
hyposthese:
6 pieces , up to <unk> ; squamous mucosa is ~10 % thickness
reference:
6 pieces , <unk> , squamous mucosa is ~5-10 % thickness
