[[0.1932866871356964, 0.19423970580101013, 0.19393332302570343, 0.227525532245636, 0.19101473689079285]]
[[0.1823897510766983, 0.18277738988399506, 0.18142320215702057, 0.27181825041770935, 0.18159142136573792]]
[[0.20969273149967194, 0.2107759714126587, 0.21180713176727295, 0.15659697353839874, 0.2111271470785141]]
[[0.21777866780757904, 0.2195119559764862, 0.22077542543411255, 0.1200798824429512, 0.2218540608882904]]
[[0.19620029628276825, 0.19603168964385986, 0.19527700543403625, 0.2169472724199295, 0.19554384052753448]]
[[0.19876126945018768, 0.1990126371383667, 0.19826792180538177, 0.20563146471977234, 0.19832676649093628]]
[[0.1986391693353653, 0.1989022195339203, 0.19821946322917938, 0.20593421161174774, 0.19830487668514252]]
hyposthese:
2 pieces , spermatogenesis is present
reference:
2 pieces ; spermatogenesis is present
