[[0.21623781323432922, 0.19738249480724335, 0.20014487206935883, 0.19724991917610168, 0.18898485600948334]]
[[0.2140505164861679, 0.18603987991809845, 0.20305944979190826, 0.2045060247182846, 0.19234415888786316]]
[[0.19114287197589874, 0.20474468171596527, 0.1979045420885086, 0.19803714752197266, 0.20817075669765472]]
[[0.18844278156757355, 0.20088301599025726, 0.2050730139017105, 0.19970838725566864, 0.20589275658130646]]
[[0.19888266921043396, 0.20510728657245636, 0.19835883378982544, 0.20254558324813843, 0.1951056271791458]]
[[0.1995278000831604, 0.2070585936307907, 0.19509755074977875, 0.20061534643173218, 0.1977006494998932]]
[[0.1996368020772934, 0.20247425138950348, 0.19885843992233276, 0.1996142417192459, 0.19941629469394684]]
hyposthese:
2 pieces , minimal fascia/vascular elements
reference:
2 pieces , 11x7 & 12x8mm ;
