[[0.16557897627353668, 0.20727740228176117, 0.22518318891525269, 0.2216751128435135, 0.1802852898836136]]
[[0.15392255783081055, 0.22183451056480408, 0.2350342869758606, 0.20621350407600403, 0.18299514055252075]]
[[0.22125574946403503, 0.1917298138141632, 0.18940728902816772, 0.19004949927330017, 0.20755766332149506]]
[[0.2443482130765915, 0.1811198592185974, 0.16672037541866302, 0.17491036653518677, 0.2329011857509613]]
[[0.1956881284713745, 0.20195531845092773, 0.19988128542900085, 0.2048100233078003, 0.1976652592420578]]
[[0.19540950655937195, 0.19909438490867615, 0.20205485820770264, 0.20543302595615387, 0.19800825417041779]]
[[0.17875587940216064, 0.2058936059474945, 0.2147550880908966, 0.21390359103679657, 0.18669185042381287]]
[[0.22641561925411224, 0.1907322257757187, 0.18360143899917603, 0.1884804368019104, 0.21077032387256622]]
hyposthese:
2 pieces , <unk> & <unk> ;
reference:
2 pieces , 8x7 & 8x8mm ;
