[[0.19685377180576324, 0.19821234047412872, 0.19964829087257385, 0.2056233435869217, 0.19966229796409607]]
[[0.1856551617383957, 0.20114418864250183, 0.20294927060604095, 0.20013761520385742, 0.2101137787103653]]
[[0.20967142283916473, 0.19946421682834625, 0.19671465456485748, 0.19816739857196808, 0.19598235189914703]]
[[0.2127351313829422, 0.19756513833999634, 0.1992422640323639, 0.19807183742523193, 0.19238562881946564]]
[[0.1997464895248413, 0.19926489889621735, 0.20128899812698364, 0.19920936226844788, 0.20049019157886505]]
[[0.19985580444335938, 0.20006558299064636, 0.20010685920715332, 0.19978231191635132, 0.20018935203552246]]
[[0.19845880568027496, 0.1993185132741928, 0.20057149231433868, 0.20054171979427338, 0.20110946893692017]]
[[0.19910430908203125, 0.1998201310634613, 0.2000148743391037, 0.20029553771018982, 0.20076511800289154]]
[[0.20016145706176758, 0.20020876824855804, 0.2000386267900467, 0.19993317127227783, 0.19965797662734985]]
[[0.19953906536102295, 0.20008157193660736, 0.20021356642246246, 0.19989150762557983, 0.2002742737531662]]
[[0.19964616000652313, 0.19999204576015472, 0.19983689486980438, 0.20035935938358307, 0.2001655101776123]]
hyposthese:
2 pieces , ~10 % interstitial fat , rep delineated
reference:
2 pieces , minimal interstitial fat
