[[0.2105645090341568, 0.20396816730499268, 0.16488583385944366, 0.17796450853347778, 0.24261702597141266]]
[[0.20533303916454315, 0.20886248350143433, 0.1603669971227646, 0.17420531809329987, 0.25123217701911926]]
[[0.1973668783903122, 0.19985952973365784, 0.2163943648338318, 0.21304136514663696, 0.1733378767967224]]
[[0.1879342794418335, 0.18439610302448273, 0.25843939185142517, 0.23134031891822815, 0.13788989186286926]]
[[0.19804717600345612, 0.20143362879753113, 0.1970302015542984, 0.19987371563911438, 0.2036152333021164]]
[[0.19868001341819763, 0.20223911106586456, 0.19467739760875702, 0.19942407310009003, 0.20497943460941315]]
[[0.1979551464319229, 0.20179788768291473, 0.1964292824268341, 0.1987626701593399, 0.20505499839782715]]
hyposthese:
6 pieces , confirmed target muscularis
reference:
6 pieces , all muscularis , good specimens
