[[0.22544743120670319, 0.21066662669181824, 0.21096153557300568, 0.2284146398305893, 0.12450971454381943]]
[[0.18876302242279053, 0.23780550062656403, 0.22375714778900146, 0.21024352312088013, 0.13943076133728027]]
[[0.1907462626695633, 0.18402951955795288, 0.1859903782606125, 0.182624951004982, 0.25660887360572815]]
[[0.16687741875648499, 0.1364550143480301, 0.15645171701908112, 0.15841251611709595, 0.3818033039569855]]
[[0.20149821043014526, 0.20721223950386047, 0.20360523462295532, 0.20166300237178802, 0.1860213577747345]]
[[0.20099690556526184, 0.21354645490646362, 0.20569390058517456, 0.20423492789268494, 0.17552781105041504]]
[[0.20156584680080414, 0.2074979841709137, 0.2042214721441269, 0.20251578092575073, 0.18419891595840454]]
[[0.2013167291879654, 0.20507311820983887, 0.2022039145231247, 0.2018129676580429, 0.18959330022335052]]
[[0.2011076658964157, 0.19943997263908386, 0.20123793184757233, 0.20205314457416534, 0.19616129994392395]]
[[0.20072448253631592, 0.2009279578924179, 0.20081639289855957, 0.20132414996623993, 0.19620700180530548]]
[[0.2004482001066208, 0.1992887258529663, 0.20008212327957153, 0.20099161565303802, 0.19918929040431976]]
[[0.20095132291316986, 0.20032279193401337, 0.20106489956378937, 0.2010555863380432, 0.196605384349823]]
hyposthese:
6 pieces , squamous mucosa is <unk> , 15-20 % thickness
reference:
6 pieces , trace residual squamous mucosa ( delineated ) and mucous glands ( encircled )
