[[0.18632133305072784, 0.1175454705953598, 0.25893738865852356, 0.2214975506067276, 0.21569828689098358]]
[[0.17678025364875793, 0.15271031856536865, 0.23533734679222107, 0.21794697642326355, 0.21722514927387238]]
[[0.209798663854599, 0.24345001578330994, 0.1702686995267868, 0.18557476997375488, 0.19090785086154938]]
[[0.22460909187793732, 0.3105611503124237, 0.13962684571743011, 0.1632610559463501, 0.16194185614585876]]
[[0.19731087982654572, 0.19229087233543396, 0.2043508142232895, 0.20280857384204865, 0.2032388299703598]]
[[0.19878235459327698, 0.18980374932289124, 0.20534230768680573, 0.20206975936889648, 0.2040017992258072]]
[[0.19136270880699158, 0.17178986966609955, 0.2208586186170578, 0.207693412899971, 0.20829537510871887]]
[[0.20377333462238312, 0.24630218744277954, 0.17410695552825928, 0.19074612855911255, 0.18507139384746552]]
[[0.2023312896490097, 0.20586931705474854, 0.1944640725851059, 0.1998113989830017, 0.19752389192581177]]
[[0.19791358709335327, 0.1889006495475769, 0.20366063714027405, 0.20519700646400452, 0.20432806015014648]]
[[0.2012505978345871, 0.19224774837493896, 0.2015853226184845, 0.202284574508667, 0.20263175666332245]]
hyposthese:
2 pieces , <unk> & <unk> ; good clean specimens
reference:
2 <unk> aliquots , one with partial ~0.5mm rim of fat . <unk> atherosclerotic deposition
