[[0.20100685954093933, 0.1952921450138092, 0.2002079337835312, 0.19332344830036163, 0.21016962826251984]]
[[0.1932792216539383, 0.20341627299785614, 0.195146381855011, 0.2001415491104126, 0.20801660418510437]]
[[0.2042786180973053, 0.19854697585105896, 0.2066686749458313, 0.2017553597688675, 0.18875035643577576]]
[[0.20407746732234955, 0.20125870406627655, 0.20676393806934357, 0.20191411674022675, 0.1859857439994812]]
[[0.1968207210302353, 0.20176784694194794, 0.195953831076622, 0.19771479070186615, 0.20774272084236145]]
[[0.19577136635780334, 0.20087899267673492, 0.19551822543144226, 0.1993902027606964, 0.20844118297100067]]
hyposthese:
4 pieces , no abnormalities
reference:
4 pieces <unk>
