[[0.18779312074184418, 0.21105344593524933, 0.21203218400478363, 0.19018903374671936, 0.1989322006702423]]
[[0.14821237325668335, 0.25468096137046814, 0.295082151889801, 0.15318329632282257, 0.14884121716022491]]
[[0.2134690284729004, 0.18657302856445312, 0.17044858634471893, 0.2163236290216446, 0.21318578720092773]]
[[0.2509426772594452, 0.13796773552894592, 0.11959861218929291, 0.24770189821720123, 0.24378912150859833]]
[[0.19622279703617096, 0.2070680856704712, 0.2051355391740799, 0.19528082013130188, 0.19629280269145966]]
[[0.19513249397277832, 0.20747752487659454, 0.2077408730983734, 0.19402991235256195, 0.19561919569969177]]
[[0.2069896161556244, 0.19006048142910004, 0.18904617428779602, 0.2073521465063095, 0.20655152201652527]]
[[0.1974957138299942, 0.20515914261341095, 0.20282703638076782, 0.19696755707263947, 0.19755055010318756]]
[[0.20321255922317505, 0.19664765894412994, 0.1936238706111908, 0.2028277963399887, 0.20368808507919312]]
[[0.19472920894622803, 0.20883379876613617, 0.20646987855434418, 0.19432426989078522, 0.19564275443553925]]
[[0.19774606823921204, 0.2042294591665268, 0.20250658690929413, 0.1973779946565628, 0.19813993573188782]]
hyposthese:
6 pieces ; well trimmed ; 10 % dermal fat
reference:
6 pieces , minimal dermal fat ; squamous epithelium is ~80 microns thick
