[[0.18201763927936554, 0.20989902317523956, 0.1701902449131012, 0.21880681812763214, 0.21908624470233917]]
[[0.19130457937717438, 0.19795666635036469, 0.1717776209115982, 0.22073675692081451, 0.21822436153888702]]
[[0.21013374626636505, 0.19373680651187897, 0.2140471339225769, 0.19131745398044586, 0.19076482951641083]]
[[0.2178577482700348, 0.1870095431804657, 0.23285163938999176, 0.181256964802742, 0.18102405965328217]]
[[0.20162317156791687, 0.19846166670322418, 0.2012261301279068, 0.1996930092573166, 0.19899597764015198]]
[[0.20034605264663696, 0.19956578314304352, 0.1998482197523117, 0.20020997524261475, 0.2000299096107483]]
[[0.20219829678535461, 0.19859643280506134, 0.20012031495571136, 0.2004472315311432, 0.1986377239227295]]
[[0.20119476318359375, 0.19861583411693573, 0.20002467930316925, 0.2005174458026886, 0.19964730739593506]]
[[0.2005710005760193, 0.19875486195087433, 0.2003639042377472, 0.20047034323215485, 0.19983994960784912]]
[[0.1999485343694687, 0.2004375010728836, 0.19841523468494415, 0.2021103948354721, 0.19908832013607025]]
[[0.20010527968406677, 0.1992851346731186, 0.19977551698684692, 0.2002027928829193, 0.20063133537769318]]
hyposthese:
2 pieces ; 1 piece has 20 % external fat
reference:
2 pieces 11x9 & 10x7 mm ; <unk> adenomatoid nodules
