[[0.20513100922107697, 0.19990378618240356, 0.20370666682720184, 0.20146247744560242, 0.1897961050271988]]
[[0.21563413739204407, 0.20540772378444672, 0.19911271333694458, 0.19400735199451447, 0.18583804368972778]]
[[0.19519002735614777, 0.19889408349990845, 0.19760958850383759, 0.2007059007883072, 0.207600399851799]]
[[0.18093255162239075, 0.19366881251335144, 0.21508121490478516, 0.19288675487041473, 0.2174307256937027]]
[[0.20128962397575378, 0.1985487937927246, 0.1954965740442276, 0.20586749911308289, 0.1987975537776947]]
[[0.20254956185817719, 0.20104540884494781, 0.19282664358615875, 0.20665018260478973, 0.1969282329082489]]
hyposthese:
2 pieces , minimal fat
reference:
2 pieces , <unk> fibrous tissue , delineated
