[[0.1860947459936142, 0.17462195456027985, 0.18159349262714386, 0.21106761693954468, 0.24662218987941742]]
[[0.17787766456604004, 0.1726483404636383, 0.17440800368785858, 0.23052997887134552, 0.24453593790531158]]
[[0.21017734706401825, 0.2184922695159912, 0.2155144363641739, 0.1884649097919464, 0.16735103726387024]]
[[0.22881029546260834, 0.2382929027080536, 0.23556704819202423, 0.1634349822998047, 0.133894681930542]]
[[0.19714929163455963, 0.19499309360980988, 0.19495195150375366, 0.20427709817886353, 0.2086285948753357]]
[[0.19544412195682526, 0.19164152443408966, 0.19248934090137482, 0.20598235726356506, 0.21444261074066162]]
[[0.19891175627708435, 0.19763341546058655, 0.19758234918117523, 0.2017267346382141, 0.20414569973945618]]
[[0.2093805968761444, 0.20957566797733307, 0.2090877890586853, 0.19197194278240204, 0.17998400330543518]]
[[0.20043662190437317, 0.1993931382894516, 0.19943025708198547, 0.20063672959804535, 0.20010323822498322]]
[[0.1974770575761795, 0.19575119018554688, 0.1968456506729126, 0.20282909274101257, 0.20709702372550964]]
[[0.19952036440372467, 0.19912369549274445, 0.1995413899421692, 0.20018407702445984, 0.20163042843341827]]
hyposthese:
2 pieces , no adherent fat , good clean specimens
reference:
2 pieces <unk> mm artery ; a few <unk> calcium deposits in <unk> ; clean , no adipose
