[[0.21534858644008636, 0.19577665627002716, 0.21452271938323975, 0.18832334876060486, 0.1860285997390747]]
[[0.25623422861099243, 0.14975450932979584, 0.2927473187446594, 0.1538126915693283, 0.1474512368440628]]
[[0.16058312356472015, 0.22664999961853027, 0.15324287116527557, 0.22903716564178467, 0.23048681020736694]]
[[0.12579262256622314, 0.2533110976219177, 0.10489466786384583, 0.2538357973098755, 0.2621658444404602]]
[[0.20774810016155243, 0.1953507363796234, 0.2064073383808136, 0.1955142617225647, 0.19497956335544586]]
[[0.21264755725860596, 0.18971431255340576, 0.2190617322921753, 0.19048893451690674, 0.18808746337890625]]
[[0.20544952154159546, 0.19599156081676483, 0.2079712152481079, 0.19618932902812958, 0.19439838826656342]]
[[0.20496846735477448, 0.19523721933364868, 0.20876841247081757, 0.1957588791847229, 0.19526705145835876]]
[[0.19640813767910004, 0.20406977832317352, 0.1917201280593872, 0.20387360453605652, 0.20392829179763794]]
[[0.20178775489330292, 0.1981719732284546, 0.20332153141498566, 0.19834285974502563, 0.1983758807182312]]
[[0.20014458894729614, 0.19961322844028473, 0.20111589133739471, 0.19966375827789307, 0.1994626224040985]]
[[0.2011002004146576, 0.19808757305145264, 0.20612435042858124, 0.19789643585681915, 0.1967913806438446]]
hyposthese:
6 pieces , squamous mucosa is <unk> , <unk> % thickness
reference:
6 pieces . squamous mucosa is <unk> , ~10-20 % thickness
