[[0.08964337408542633, 0.23696596920490265, 0.23198676109313965, 0.1978776603937149, 0.2435261756181717]]
[[0.09953419864177704, 0.2624414563179016, 0.2317018210887909, 0.18723267316818237, 0.21908989548683167]]
[[0.23963819444179535, 0.17964111268520355, 0.1924557238817215, 0.20662683248519897, 0.18163807690143585]]
[[0.4120629131793976, 0.11539807915687561, 0.13539136946201324, 0.21287989616394043, 0.12426777929067612]]
[[0.18929918110370636, 0.20093649625778198, 0.20501504838466644, 0.19755752384662628, 0.20719173550605774]]
[[0.15006420016288757, 0.21164728701114655, 0.21456442773342133, 0.20018072426319122, 0.22354339063167572]]
[[0.16075249016284943, 0.21002309024333954, 0.21254119277000427, 0.19720375537872314, 0.21947939693927765]]
[[0.30507785081863403, 0.1610548496246338, 0.16853749752044678, 0.20116904377937317, 0.16416077315807343]]
[[0.200702503323555, 0.19970007240772247, 0.19979535043239594, 0.20078657567501068, 0.1990155279636383]]
[[0.18822947144508362, 0.20437219738960266, 0.2046440839767456, 0.19876384735107422, 0.20399044454097748]]
[[0.18049019575119019, 0.20719368755817413, 0.20688727498054504, 0.19793830811977386, 0.20749054849147797]]
hyposthese:
6 pieces , up to <unk> ; mucosa moderately autolyzed
reference:
6 pieces up to 7x3 mm ; good mucosal preservation ; 4 of 6 have muscularis
