[[0.15305766463279724, 0.16890883445739746, 0.2131148874759674, 0.26947587728500366, 0.19544270634651184]]
[[0.1454933136701584, 0.1584092229604721, 0.21235449612140656, 0.29000136256217957, 0.19374164938926697]]
[[0.23862656950950623, 0.22515654563903809, 0.19154144823551178, 0.1403733193874359, 0.20430204272270203]]
[[0.2733878493309021, 0.2415173053741455, 0.1805090308189392, 0.10065917670726776, 0.20392660796642303]]
[[0.1891499012708664, 0.19026046991348267, 0.20155182480812073, 0.22107522189617157, 0.19796253740787506]]
[[0.1936616748571396, 0.19437339901924133, 0.20091183483600616, 0.21290582418441772, 0.198147252202034]]
[[0.205652117729187, 0.20587997138500214, 0.19958294928073883, 0.1842188537120819, 0.2046661227941513]]
[[0.19216114282608032, 0.19430667161941528, 0.2013287991285324, 0.21426768600940704, 0.19793568551540375]]
[[0.21505525708198547, 0.21173615753650665, 0.1976378858089447, 0.17091768980026245, 0.20465302467346191]]
[[0.19667048752307892, 0.19748300313949585, 0.1991245597600937, 0.20793703198432922, 0.19878487288951874]]
[[0.19720396399497986, 0.1969313770532608, 0.19824311137199402, 0.21007156372070312, 0.19755005836486816]]
hyposthese:
2 pieces ; patchy emphysema and fibrosis ; patchy emphysema
reference:
2 pieces 8x7 & 7x6mm ; moderate congestion/atalectasis
