[[0.23507991433143616, 0.26711463928222656, 0.26701074838638306, 0.11563745886087418, 0.11515723913908005]]
[[0.22739160060882568, 0.23632384836673737, 0.3008423149585724, 0.11788066476583481, 0.11756153404712677]]
[[0.19202971458435059, 0.17809391021728516, 0.15679241716861725, 0.23517346382141113, 0.23791055381298065]]
[[0.12847654521465302, 0.10392795503139496, 0.07697074860334396, 0.34851405024528503, 0.3421107232570648]]
[[0.2027563601732254, 0.20364733040332794, 0.20857591927051544, 0.19264525175094604, 0.19237516820430756]]
[[0.20401053130626678, 0.20485109090805054, 0.20801027119159698, 0.19234786927700043, 0.19078020751476288]]
[[0.20729656517505646, 0.20793843269348145, 0.21823012828826904, 0.18384262919425964, 0.1826922595500946]]
[[0.20105507969856262, 0.2047499418258667, 0.21159321069717407, 0.19145239889621735, 0.19114939868450165]]
[[0.19578927755355835, 0.18786859512329102, 0.16736797988414764, 0.22316116094589233, 0.22581300139427185]]
[[0.2006376087665558, 0.20146490633487701, 0.20305664837360382, 0.19735819101333618, 0.19748257100582123]]
[[0.19999931752681732, 0.20322872698307037, 0.1982128918170929, 0.19927188754081726, 0.19928714632987976]]
[[0.20310865342617035, 0.20324629545211792, 0.20973189175128937, 0.19274747371673584, 0.19116567075252533]]
hyposthese:
6 pieces , mucosa up to ~1mm , <unk> % thickness
reference:
6 pieces , mucosa well-preserved , ~0.5mm , ~15 % thickness
