[[0.19484011828899384, 0.19817735254764557, 0.19591295719146729, 0.194830060005188, 0.2162395566701889]]
[[0.18299053609371185, 0.1846386194229126, 0.209347665309906, 0.1888657510280609, 0.23415741324424744]]
[[0.20985428988933563, 0.20758768916130066, 0.20232397317886353, 0.20848913490772247, 0.17174488306045532]]
[[0.21674233675003052, 0.2089838832616806, 0.2075704038143158, 0.2143126279115677, 0.15239082276821136]]
[[0.19768454134464264, 0.19769513607025146, 0.20012356340885162, 0.19749079644680023, 0.20700590312480927]]
[[0.1997774839401245, 0.19968293607234955, 0.1989930123090744, 0.19942283630371094, 0.20212379097938538]]
[[0.19731630384922028, 0.19822166860103607, 0.19985318183898926, 0.19634974002838135, 0.20825904607772827]]
[[0.19863376021385193, 0.19881752133369446, 0.19923615455627441, 0.19878792762756348, 0.20452465116977692]]
[[0.20151866972446442, 0.20102229714393616, 0.20128868520259857, 0.20173174142837524, 0.194438636302948]]
[[0.19981077313423157, 0.19954253733158112, 0.19946439564228058, 0.19958537817001343, 0.20159685611724854]]
[[0.19936425983905792, 0.19938324391841888, 0.19938908517360687, 0.19924119114875793, 0.2026221752166748]]
hyposthese:
2 pieces , ~10 % interstitial fat , rep delineated
reference:
2 aliquots , ~11x6mm . minimal fat
