[[0.19740638136863708, 0.1805674135684967, 0.1940460354089737, 0.213705375790596, 0.2142748385667801]]
[[0.20865796506404877, 0.18519531190395355, 0.19673560559749603, 0.2124367654323578, 0.1969742625951767]]
[[0.19971443712711334, 0.21049220860004425, 0.2023649662733078, 0.19225293397903442, 0.195175439119339]]
[[0.19554147124290466, 0.23324117064476013, 0.20171082019805908, 0.18252794444561005, 0.18697865307331085]]
[[0.2010406255722046, 0.1970178484916687, 0.20025992393493652, 0.2001655101776123, 0.20151609182357788]]
[[0.2005026489496231, 0.1930287629365921, 0.20008476078510284, 0.20166262984275818, 0.20472119748592377]]
[[0.19999900460243225, 0.19975382089614868, 0.2008483111858368, 0.19958171248435974, 0.19981712102890015]]
hyposthese:
2 pieces , minimal fascia/vascular elements
reference:
2 pieces
