[[0.19732171297073364, 0.19153134524822235, 0.19081474840641022, 0.21838785707950592, 0.20194438099861145]]
[[0.18027201294898987, 0.1953164041042328, 0.2094649225473404, 0.20003165304660797, 0.21491506695747375]]
[[0.20655573904514313, 0.20383687317371368, 0.20314359664916992, 0.19320671260356903, 0.19325709342956543]]
[[0.207288458943367, 0.2131412923336029, 0.19503286480903625, 0.19226878881454468, 0.19226858019828796]]
[[0.19917510449886322, 0.19945667684078217, 0.20137839019298553, 0.2006574422121048, 0.19933243095874786]]
[[0.1995086967945099, 0.19944460690021515, 0.20075267553329468, 0.20046144723892212, 0.19983263313770294]]
[[0.1997823566198349, 0.20120592415332794, 0.19908523559570312, 0.1990276277065277, 0.20089887082576752]]
[[0.20000407099723816, 0.19979694485664368, 0.2006736844778061, 0.19986872375011444, 0.19965659081935883]]
[[0.2002972662448883, 0.20027098059654236, 0.20009064674377441, 0.19957835972309113, 0.19976283609867096]]
[[0.2004384845495224, 0.19861622154712677, 0.20145733654499054, 0.20074883103370667, 0.19873909652233124]]
[[0.1995052546262741, 0.1996573656797409, 0.19963467121124268, 0.20037734508514404, 0.20082540810108185]]
[[0.1995954066514969, 0.20045515894889832, 0.1995362937450409, 0.19972141087055206, 0.20069174468517303]]
[[0.20066404342651367, 0.19932198524475098, 0.1999981850385666, 0.20056197047233582, 0.19945378601551056]]
[[0.19920779764652252, 0.2003410905599594, 0.19935020804405212, 0.20084340870380402, 0.20025748014450073]]
[[0.19894173741340637, 0.20029668509960175, 0.19914348423480988, 0.20050984621047974, 0.20110821723937988]]
hyposthese:
2 pieces ; predominantly fat with 10-20 % fibrous stroma and no ductal elements
reference:
2 pieces , fibroadipose tissue only , no ductal elements
