[[0.14779192209243774, 0.2072722464799881, 0.21720921993255615, 0.19281643629074097, 0.23491019010543823]]
[[0.1526898890733719, 0.19490578770637512, 0.23547713458538055, 0.18002493679523468, 0.23690229654312134]]
[[0.23098793625831604, 0.19901567697525024, 0.18355774879455566, 0.21247731149196625, 0.17396137118339539]]
[[0.29533055424690247, 0.18847908079624176, 0.16019853949546814, 0.21603505313396454, 0.13995683193206787]]
[[0.19503666460514069, 0.20078670978546143, 0.20385544002056122, 0.1961517482995987, 0.20416945219039917]]
[[0.1910194307565689, 0.2008943408727646, 0.20629526674747467, 0.19510328769683838, 0.20668776333332062]]
[[0.19421371817588806, 0.19927430152893066, 0.20513242483139038, 0.19642570614814758, 0.2049538493156433]]
hyposthese:
6 pieces , confirmed target muscularis
reference:
6 pieces , all muscularis
