[[0.17745894193649292, 0.19873231649398804, 0.17072482407093048, 0.23645947873592377, 0.2166244387626648]]
[[0.1716465950012207, 0.19203242659568787, 0.16875429451465607, 0.24733605980873108, 0.22023066878318787]]
[[0.22309693694114685, 0.20074723660945892, 0.22535081207752228, 0.16706490516662598, 0.18374016880989075]]
[[0.23284035921096802, 0.19782595336437225, 0.23774689435958862, 0.1483086496591568, 0.18327821791172028]]
[[0.19812938570976257, 0.2006712406873703, 0.19746460020542145, 0.20350752770900726, 0.20022724568843842]]
[[0.19452539086341858, 0.20158441364765167, 0.19166453182697296, 0.21005354821681976, 0.20217205584049225]]
[[0.19862814247608185, 0.20024128258228302, 0.1972009390592575, 0.20295456051826477, 0.20097509026527405]]
hyposthese:
2 pieces , minimal ischemic changes
reference:
2 pieces ~10x8mm . minimal ischemic damage
