[[0.23868760466575623, 0.1781771332025528, 0.19595244526863098, 0.1926805078983307, 0.1945023238658905]]
[[0.24711818993091583, 0.15801331400871277, 0.2254694253206253, 0.1891581416130066, 0.18024088442325592]]
[[0.16460897028446198, 0.22835074365139008, 0.19068339467048645, 0.20703783631324768, 0.20931904017925262]]
[[0.12949687242507935, 0.2561580240726471, 0.16962869465351105, 0.22142674028873444, 0.2232896089553833]]
[[0.20744569599628448, 0.19200322031974792, 0.20446547865867615, 0.1986408531665802, 0.19744469225406647]]
[[0.21909597516059875, 0.18625237047672272, 0.2039816826581955, 0.19580933451652527, 0.19486062228679657]]
hyposthese:
2 pieces , no abnormalities
reference:
3 pieces , no abnormalities
