[[0.18100117146968842, 0.20081834495067596, 0.19207289814949036, 0.23412513732910156, 0.19198238849639893]]
[[0.17050091922283173, 0.18450433015823364, 0.17641396820545197, 0.2935314178466797, 0.17504936456680298]]
[[0.21826137602329254, 0.20560269057750702, 0.21369428932666779, 0.1490374654531479, 0.21340416371822357]]
[[0.23603233695030212, 0.21165813505649567, 0.22615982592105865, 0.10284868627786636, 0.2233010232448578]]
[[0.1938069760799408, 0.19837534427642822, 0.19622886180877686, 0.21663670241832733, 0.19495202600955963]]
[[0.20069441199302673, 0.20124882459640503, 0.20105768740177155, 0.19609114527702332, 0.20090797543525696]]
[[0.19805914163589478, 0.19969233870506287, 0.1986946165561676, 0.20495958626270294, 0.19859430193901062]]
hyposthese:
2 pieces ; spermatogenesis is present
reference:
2 pieces ; spermatogenesis
