[[0.14930398762226105, 0.18944358825683594, 0.24755966663360596, 0.16863670945167542, 0.24505606293678284]]
[[0.17876018583774567, 0.17759299278259277, 0.24111534655094147, 0.14289546012878418, 0.2596359848976135]]
[[0.2253425568342209, 0.21309004724025726, 0.16473373770713806, 0.24233368039131165, 0.15450003743171692]]
[[0.27250590920448303, 0.20211701095104218, 0.12978170812129974, 0.28590744733810425, 0.1096879318356514]]
[[0.19288282096385956, 0.19471116364002228, 0.20764121413230896, 0.18890033662319183, 0.21586449444293976]]
[[0.19482485949993134, 0.19781529903411865, 0.204813614487648, 0.1931294947862625, 0.2094167023897171]]
[[0.19243694841861725, 0.19914080202579498, 0.2039177417755127, 0.19766253232955933, 0.20684197545051575]]
[[0.19347314536571503, 0.19764374196529388, 0.20583957433700562, 0.1949124038219452, 0.2081311196088791]]
[[0.19803281128406525, 0.19945695996284485, 0.20125137269496918, 0.19909396767616272, 0.20216494798660278]]
hyposthese:
2 pieces ; glands autolyzed , stroma intact
reference:
peripheral specimen , glandular atrophy
