[[0.2159801423549652, 0.20263250172138214, 0.19456426799297333, 0.1971507966518402, 0.18967226147651672]]
[[0.20944933593273163, 0.21035537123680115, 0.19173932075500488, 0.20059530436992645, 0.1878606230020523]]
[[0.18360280990600586, 0.19406607747077942, 0.2075994908809662, 0.20354099571704865, 0.21119065582752228]]
[[0.17175321280956268, 0.18775424361228943, 0.2158975899219513, 0.20752593874931335, 0.21706905961036682]]
[[0.20236675441265106, 0.20033441483974457, 0.19873687624931335, 0.1991518884897232, 0.1994100660085678]]
[[0.21058736741542816, 0.20382021367549896, 0.19461902976036072, 0.19593089818954468, 0.1950424313545227]]
hyposthese:
2 pieces , no abnormalities
reference:
2 <unk> & 8x8 mm ; < 5 % adipose
