[[0.19038474559783936, 0.19903044402599335, 0.21091488003730774, 0.2069011777639389, 0.19276869297027588]]
[[0.18553148210048676, 0.1890200525522232, 0.22773100435733795, 0.20856685936450958, 0.18915055692195892]]
[[0.2125987857580185, 0.20692987740039825, 0.17542462050914764, 0.19400674104690552, 0.2110399603843689]]
[[0.21945799887180328, 0.20785699784755707, 0.1662907898426056, 0.1922486126422882, 0.21414560079574585]]
[[0.19743569195270538, 0.19818097352981567, 0.206862211227417, 0.20012806355953217, 0.1973930448293686]]
[[0.19947664439678192, 0.19972534477710724, 0.20163534581661224, 0.1994994729757309, 0.1996631771326065]]
[[0.19582213461399078, 0.19901861250400543, 0.20643198490142822, 0.20114420354366302, 0.19758300483226776]]
[[0.19850946962833405, 0.19939853250980377, 0.2032620757818222, 0.20045892894268036, 0.1983710527420044]]
[[0.20148885250091553, 0.20071280002593994, 0.1968511939048767, 0.1997540146112442, 0.20119307935237885]]
[[0.19945897161960602, 0.19965329766273499, 0.20126628875732422, 0.20001822710037231, 0.19960318505764008]]
[[0.19961047172546387, 0.1998661905527115, 0.20088021457195282, 0.2001633197069168, 0.1994798183441162]]
hyposthese:
2 pieces , ~10 % interstitial fat , rep delineated
reference:
2 pieces ~8x7mm , minimal interstitial fat
