[[0.24155762791633606, 0.1829327791929245, 0.16069960594177246, 0.25457462668418884, 0.16023530066013336]]
[[0.23521895706653595, 0.17477358877658844, 0.16851800680160522, 0.25240519642829895, 0.16908425092697144]]
[[0.17115148901939392, 0.21355091035366058, 0.22983364760875702, 0.15925370156764984, 0.22621020674705505]]
[[0.1322396993637085, 0.2315070629119873, 0.2573527693748474, 0.12139791995286942, 0.2575025260448456]]
[[0.20658037066459656, 0.19757409393787384, 0.19699671864509583, 0.20379091799259186, 0.19505789875984192]]
[[0.20382213592529297, 0.1984143704175949, 0.19812898337841034, 0.20168273150920868, 0.19795170426368713]]
[[0.21801552176475525, 0.1914493292570114, 0.185959130525589, 0.2211182713508606, 0.18345776200294495]]
[[0.17149671912193298, 0.21725928783416748, 0.2223789244890213, 0.16507670283317566, 0.2237883061170578]]
[[0.19926875829696655, 0.20074501633644104, 0.20004384219646454, 0.19923120737075806, 0.200711190700531]]
[[0.20359976589679718, 0.19873705506324768, 0.19565847516059875, 0.2053944170475006, 0.19661028683185577]]
[[0.20561234652996063, 0.19842365384101868, 0.19426661729812622, 0.20611228048801422, 0.19558510184288025]]
hyposthese:
2 pieces , <unk> & <unk> ; good clean specimens
reference:
2 pieces , 5x4 & 6x4mm ; 25 % adherent adipose
