[[0.212957501411438, 0.1942874789237976, 0.1920453906059265, 0.20829133689403534, 0.19241832196712494]]
[[0.21090762317180634, 0.19552363455295563, 0.19005979597568512, 0.20726409554481506, 0.19624479115009308]]
[[0.190994530916214, 0.20439913868904114, 0.20771321654319763, 0.1926019787788391, 0.2042911946773529]]
[[0.1766066700220108, 0.2095428705215454, 0.21631848812103271, 0.18725639581680298, 0.21027560532093048]]
[[0.20285771787166595, 0.199893519282341, 0.19804701209068298, 0.2012322098016739, 0.19796960055828094]]
[[0.2045910358428955, 0.198916956782341, 0.1970946043729782, 0.20185279846191406, 0.1975446194410324]]
hyposthese:
2 pieces , mild congestion
reference:
2 pieces , patchy bronchopneumonia
