[[0.18630564212799072, 0.22068670392036438, 0.19211523234844208, 0.20951513946056366, 0.19137731194496155]]
[[0.17949141561985016, 0.219065323472023, 0.18895640969276428, 0.22621244192123413, 0.18627439439296722]]
[[0.21987111866474152, 0.1776154637336731, 0.2105017751455307, 0.1784934103488922, 0.21351821720600128]]
[[0.2241753190755844, 0.1730821579694748, 0.21468527615070343, 0.16541685163974762, 0.22264042496681213]]
[[0.19636395573616028, 0.20174959301948547, 0.1990862786769867, 0.20370271801948547, 0.1990974396467209]]
[[0.19980795681476593, 0.20001988112926483, 0.19979770481586456, 0.20068958401679993, 0.19968488812446594]]
[[0.1958632916212082, 0.20248828828334808, 0.1988561898469925, 0.20486123859882355, 0.19793103635311127]]
[[0.19846433401107788, 0.20224015414714813, 0.1987495869398117, 0.2026631087064743, 0.19788281619548798]]
[[0.20206233859062195, 0.19758069515228271, 0.20147983729839325, 0.1973932832479477, 0.2014838457107544]]
[[0.1995491087436676, 0.2001507580280304, 0.19977998733520508, 0.20110423862934113, 0.1994158774614334]]
[[0.19900105893611908, 0.20175689458847046, 0.1989603191614151, 0.2010665237903595, 0.19921524822711945]]
hyposthese:
2 pieces , ~10 % interstitial fat , rep delineated
reference:
2 pieces , < 1 % interstitial fat ; trace adherent fat , delineated
