[[0.1828516125679016, 0.21718378365039825, 0.20870690047740936, 0.19858185946941376, 0.1926758736371994]]
[[0.2093551754951477, 0.28535518050193787, 0.19078399240970612, 0.15194328129291534, 0.16256234049797058]]
[[0.2030966728925705, 0.1667402684688568, 0.1986256241798401, 0.21483412384986877, 0.21670328080654144]]
[[0.20023401081562042, 0.116795115172863, 0.19588613510131836, 0.24422486126422882, 0.2428598552942276]]
[[0.1975654810667038, 0.20763513445854187, 0.20077960193157196, 0.19670343399047852, 0.19731634855270386]]
[[0.19699570536613464, 0.22766458988189697, 0.2044834941625595, 0.18323533236980438, 0.1876208484172821]]
[[0.1976005882024765, 0.21825151145458221, 0.20411109924316406, 0.18870720267295837, 0.19132964313030243]]
[[0.20300345122814178, 0.1504182070493698, 0.19312728941440582, 0.23038741946220398, 0.2230636328458786]]
[[0.20088936388492584, 0.19787287712097168, 0.20114575326442719, 0.20018382370471954, 0.19990815222263336]]
[[0.19882844388484955, 0.22181695699691772, 0.20073926448822021, 0.18834051489830017, 0.19027473032474518]]
[[0.20029199123382568, 0.19788464903831482, 0.20057907700538635, 0.2006041258573532, 0.20064008235931396]]
hyposthese:
6 pieces , up to 8x3mm ; well trimmed .
reference:
6 pieces , atherosclerosis
