[[0.1919824779033661, 0.18021366000175476, 0.22062644362449646, 0.22512055933475494, 0.18205687403678894]]
[[0.186747208237648, 0.18373335897922516, 0.22521869838237762, 0.22176653146743774, 0.18253417313098907]]
[[0.21402496099472046, 0.22013092041015625, 0.17485864460468292, 0.1735471934080124, 0.2174382507801056]]
[[0.22751905024051666, 0.23812103271484375, 0.1510833352804184, 0.1478653848171234, 0.23541118204593658]]
[[0.19154153764247894, 0.18859046697616577, 0.21431919932365417, 0.2159862369298935, 0.18956249952316284]]
[[0.18943338096141815, 0.18661276996135712, 0.21886898577213287, 0.2198294699192047, 0.18525533378124237]]
hyposthese:
4 pieces , no abnormalities
reference:
2 pieces , no abnormalities
