[[0.18380551040172577, 0.193632572889328, 0.18342098593711853, 0.2024696320295334, 0.2366713583469391]]
[[0.18033917248249054, 0.20871439576148987, 0.17499691247940063, 0.17721322178840637, 0.2587362825870514]]
[[0.2179030328989029, 0.2013801783323288, 0.21825072169303894, 0.20593489706516266, 0.1565312147140503]]
[[0.23929502069950104, 0.18913523852825165, 0.2478386014699936, 0.2075953185558319, 0.11613575369119644]]
[[0.1964586079120636, 0.199038565158844, 0.19556091725826263, 0.19764778017997742, 0.21129406988620758]]
[[0.1918472945690155, 0.20321078598499298, 0.18962404131889343, 0.19949506223201752, 0.21582286059856415]]
[[0.19652332365512848, 0.20042000710964203, 0.19513587653636932, 0.2006295621395111, 0.20729124546051025]]
[[0.19326452910900116, 0.20085707306861877, 0.1918618381023407, 0.20011337101459503, 0.2139032483100891]]
[[0.19719906151294708, 0.19917020201683044, 0.19614943861961365, 0.1994025558233261, 0.2080787718296051]]
[[0.20951618254184723, 0.19789262115955353, 0.20982468128204346, 0.20397917926311493, 0.17878729104995728]]
[[0.19874174892902374, 0.19997254014015198, 0.19794659316539764, 0.1998915672302246, 0.20344755053520203]]
[[0.19754713773727417, 0.2002270221710205, 0.19670575857162476, 0.19951409101486206, 0.2060060203075409]]
[[0.1998622864484787, 0.19995595514774323, 0.19964641332626343, 0.19972285628318787, 0.20081257820129395]]
[[0.20040471851825714, 0.2002948522567749, 0.19979046285152435, 0.20020391047000885, 0.19930598139762878]]
[[0.20239736139774323, 0.20037995278835297, 0.20173119008541107, 0.2012546956539154, 0.19423675537109375]]
[[0.1986752152442932, 0.19981898367404938, 0.19776853919029236, 0.19963137805461884, 0.20410595834255219]]
[[0.19802145659923553, 0.19909347593784332, 0.19712390005588531, 0.19896431267261505, 0.2067968249320984]]
hyposthese:
6 pieces , squamous mucosa up to ~0.4mm , submucosal mucus glands present , rep delineated
reference:
6 pieces . well trimmed .
