[[0.18932808935642242, 0.1996568888425827, 0.208424374461174, 0.18782617151737213, 0.2147645354270935]]
[[0.18111102283000946, 0.21644626557826996, 0.1648639738559723, 0.20537889003753662, 0.23219983279705048]]
[[0.20493002235889435, 0.1977211982011795, 0.2026134878396988, 0.20985853672027588, 0.1848767250776291]]
[[0.22052693367004395, 0.1877855807542801, 0.21889595687389374, 0.20575234293937683, 0.16703914105892181]]
[[0.19925090670585632, 0.19741934537887573, 0.19971810281276703, 0.2005884349346161, 0.20302322506904602]]
[[0.19676658511161804, 0.19889484345912933, 0.19744281470775604, 0.20012527704238892, 0.20677049458026886]]
[[0.2008315622806549, 0.20353646576404572, 0.1992998570203781, 0.2006644308567047, 0.19566766917705536]]
[[0.20057009160518646, 0.1996685266494751, 0.20049943029880524, 0.1998768001794815, 0.19938506186008453]]
[[0.19908154010772705, 0.19712339341640472, 0.19866076111793518, 0.19999384880065918, 0.20514042675495148]]
hyposthese:
6 pieces , all muscularis , good specimens
reference:
6 pieces ; muscularis propria only , no mucosa
