[[0.17723101377487183, 0.2529183328151703, 0.18861405551433563, 0.1663549542427063, 0.21488161385059357]]
[[0.17703978717327118, 0.28126806020736694, 0.17515261471271515, 0.16969405114650726, 0.19684544205665588]]
[[0.217290461063385, 0.15228474140167236, 0.2120833694934845, 0.22324368357658386, 0.1950976699590683]]
[[0.22917290031909943, 0.11677765101194382, 0.22205600142478943, 0.2398756742477417, 0.19211776554584503]]
[[0.19842934608459473, 0.20315755903720856, 0.19908064603805542, 0.19859878718852997, 0.20073369145393372]]
[[0.19891254603862762, 0.20299941301345825, 0.19788619875907898, 0.19803926348686218, 0.20216254889965057]]
[[0.18049047887325287, 0.2529142200946808, 0.18746580183506012, 0.17523102462291718, 0.20389845967292786]]
[[0.22243809700012207, 0.14473186433315277, 0.2153652310371399, 0.22566743195056915, 0.19179736077785492]]
hyposthese:
2 pieces , <unk> & <unk> ;
reference:
ok to <unk>
