[[0.16600990295410156, 0.198820099234581, 0.22601844370365143, 0.2544631361961365, 0.1546885222196579]]
[[0.15986518561840057, 0.2061031460762024, 0.23677271604537964, 0.25171637535095215, 0.14554262161254883]]
[[0.22910743951797485, 0.2018067091703415, 0.18152198195457458, 0.15655148029327393, 0.23101231455802917]]
[[0.2661892771720886, 0.1816534399986267, 0.1524980217218399, 0.11630557477474213, 0.28335365653038025]]
[[0.19145947694778442, 0.20082980394363403, 0.20254550874233246, 0.21578191220760345, 0.1893833428621292]]
[[0.1901320219039917, 0.19940166175365448, 0.2042066752910614, 0.21821938455104828, 0.18804031610488892]]
[[0.21235480904579163, 0.20228047668933868, 0.1933831423521042, 0.1793483942747116, 0.21263320744037628]]
[[0.19644200801849365, 0.20103737711906433, 0.20068714022636414, 0.20644837617874146, 0.19538509845733643]]
[[0.2029038518667221, 0.2024153470993042, 0.19680078327655792, 0.19440032541751862, 0.20347972214221954]]
[[0.1935207098722458, 0.2001325786113739, 0.2032281905412674, 0.21119239926338196, 0.19192607700824738]]
[[0.19647881388664246, 0.20006534457206726, 0.2020973563194275, 0.20563006401062012, 0.19572843611240387]]
hyposthese:
2 pieces ; well trimmed ; 10 % internal fat
reference:
2 pieces 4 x 3 and 4 x 3 mm . one piece with 10 % adipose .
