[[0.21641229093074799, 0.21127477288246155, 0.18953759968280792, 0.1868584007024765, 0.19591690599918365]]
[[0.20428617298603058, 0.2135702669620514, 0.2088261842727661, 0.1791246384382248, 0.19419269263744354]]
[[0.19155575335025787, 0.18926237523555756, 0.20112212002277374, 0.2149796187877655, 0.20308013260364532]]
[[0.18959130346775055, 0.1867908537387848, 0.19790279865264893, 0.22211310267448425, 0.2036018818616867]]
[[0.20096074044704437, 0.20232607424259186, 0.2015496790409088, 0.19840021431446075, 0.1967633068561554]]
[[0.20273670554161072, 0.2028132826089859, 0.20242762565612793, 0.19413481652736664, 0.19788758456707]]
hyposthese:
2 pieces , no abnormalities
reference:
2 pieces <unk>
