[[0.17504367232322693, 0.17601530253887177, 0.13149183988571167, 0.2498341202735901, 0.26761505007743835]]
[[0.1806294322013855, 0.16999703645706177, 0.14948780834674835, 0.2554929554462433, 0.2443927526473999]]
[[0.21397648751735687, 0.2219383269548416, 0.24746662378311157, 0.15749448537826538, 0.15912406146526337]]
[[0.230806365609169, 0.23808197677135468, 0.2988884449005127, 0.11488714814186096, 0.11733608692884445]]
[[0.1975284218788147, 0.19400586187839508, 0.18562279641628265, 0.21294695138931274, 0.20989595353603363]]
[[0.19633829593658447, 0.19716572761535645, 0.1939363330602646, 0.20813396573066711, 0.20442572236061096]]
[[0.19842703640460968, 0.19783051311969757, 0.1955539882183075, 0.2044895887374878, 0.20369891822338104]]
[[0.19557732343673706, 0.19618530571460724, 0.186137855052948, 0.21141868829727173, 0.21068087220191956]]
hyposthese:
2 pieces , myometrium , no <unk>
reference:
2 pieces myometrium ; minute focus autolyzed endometrial stroma , delineated
