[[0.20746277272701263, 0.199359729886055, 0.1987818479537964, 0.1937507539987564, 0.20064489543437958]]
[[0.20610244572162628, 0.187857523560524, 0.21452568471431732, 0.18420904874801636, 0.20730531215667725]]
[[0.1945788413286209, 0.20573438704013824, 0.19334441423416138, 0.20966807007789612, 0.19667424261569977]]
[[0.19417661428451538, 0.21386803686618805, 0.18721884489059448, 0.21693123877048492, 0.18780525028705597]]
[[0.19997811317443848, 0.1966962218284607, 0.20155945420265198, 0.19560100138187408, 0.20616523921489716]]
[[0.19962574541568756, 0.19749601185321808, 0.19942404329776764, 0.197734996676445, 0.2057192027568817]]
[[0.20104625821113586, 0.19694389402866364, 0.20025885105133057, 0.19556523859500885, 0.20618581771850586]]
[[0.19769200682640076, 0.20544078946113586, 0.19712194800376892, 0.2072155922651291, 0.19252970814704895]]
hyposthese:
2 pieces , <unk> & <unk> ;
reference:
2 pieces ; 30 % fibrous & neural content in 1 piece , other has 5 % <unk>
