[[0.20092713832855225, 0.1885232776403427, 0.19541636109352112, 0.22844158113002777, 0.18669165670871735]]
[[0.20262998342514038, 0.18810942769050598, 0.19730909168720245, 0.22542740404605865, 0.18652404844760895]]
[[0.1967068612575531, 0.21303202211856842, 0.20065294206142426, 0.17380253970623016, 0.21580570936203003]]
[[0.19834350049495697, 0.21698860824108124, 0.20069490373134613, 0.16656948626041412, 0.21740345656871796]]
[[0.2008642554283142, 0.19814589619636536, 0.20073437690734863, 0.2033996433019638, 0.19685585796833038]]
[[0.2002016305923462, 0.19485364854335785, 0.20019423961639404, 0.21065247058868408, 0.19409801065921783]]
hyposthese:
2 pieces , no abnormalities
reference:
2 pieces
