[[0.2167927473783493, 0.1974402517080307, 0.22704756259918213, 0.1281934380531311, 0.2305259257555008]]
[[0.23129726946353912, 0.20067726075649261, 0.20998667180538177, 0.13347895443439484, 0.22455982863903046]]
[[0.1858307421207428, 0.20416182279586792, 0.18821802735328674, 0.23524877429008484, 0.18654069304466248]]
[[0.1825151890516281, 0.20277076959609985, 0.17775587737560272, 0.2570490539073944, 0.1799091249704361]]
[[0.20096269249916077, 0.20123794674873352, 0.19797027111053467, 0.1979125291109085, 0.20191653072834015]]
[[0.19781805574893951, 0.1998380869626999, 0.20023863017559052, 0.20121024549007416, 0.20089495182037354]]
[[0.21122555434703827, 0.19289733469486237, 0.211960569024086, 0.17418169975280762, 0.20973487198352814]]
[[0.18551144003868103, 0.2052595466375351, 0.1818220019340515, 0.24252887070178986, 0.1848781406879425]]
hyposthese:
2 pieces , <unk> & <unk> ;
reference:
2 <unk> aliquots , centrally <unk> with <unk>
