[[0.1632133275270462, 0.18244996666908264, 0.15039557218551636, 0.25107327103614807, 0.25286784768104553]]
[[0.15251149237155914, 0.18260441720485687, 0.15038816630840302, 0.24198241531848907, 0.2725134491920471]]
[[0.2280251532793045, 0.2114812135696411, 0.2307737171649933, 0.1733844131231308, 0.15633556246757507]]
[[0.26439592242240906, 0.21745248138904572, 0.2726052701473236, 0.1293071210384369, 0.11623923480510712]]
[[0.19759292900562286, 0.19957543909549713, 0.19640417397022247, 0.20231856405735016, 0.20410893857479095]]
[[0.19784313440322876, 0.19918975234031677, 0.19579564034938812, 0.2032715529203415, 0.20389997959136963]]
[[0.1877768337726593, 0.19056810438632965, 0.1795637011528015, 0.21997180581092834, 0.2221195250749588]]
[[0.22713971138000488, 0.21083153784275055, 0.2324984222650528, 0.16703066229820251, 0.16249962151050568]]
[[0.20080184936523438, 0.19984450936317444, 0.20149143040180206, 0.1974492222070694, 0.20041298866271973]]
[[0.19530528783798218, 0.19907246530056, 0.19422876834869385, 0.2060602605342865, 0.2053331732749939]]
[[0.19472339749336243, 0.20026682317256927, 0.19348260760307312, 0.20615984499454498, 0.20536735653877258]]
hyposthese:
2 pieces , <unk> & <unk> ; good clean specimens
reference:
3 pieces , two include peripheral rim of adipose tissue ( 10-20 % )
