[[0.1914411038160324, 0.1913224309682846, 0.19868044555187225, 0.2090120017528534, 0.20954395830631256]]
[[0.18902964890003204, 0.18907752633094788, 0.19758056104183197, 0.2146371752023697, 0.20967502892017365]]
[[0.21001888811588287, 0.21076427400112152, 0.2001093327999115, 0.18704509735107422, 0.1920623928308487]]
[[0.2134855091571808, 0.21168141067028046, 0.20075437426567078, 0.18428738415241241, 0.18979135155677795]]
[[0.1972479373216629, 0.1971234828233719, 0.20120754837989807, 0.20245450735092163, 0.2019665241241455]]
[[0.1953047215938568, 0.19548065960407257, 0.20000630617141724, 0.2049502283334732, 0.20425811409950256]]
hyposthese:
2 pieces , no abnormalities
reference:
2 pieces
