[[0.23635362088680267, 0.17191369831562042, 0.1887638419866562, 0.17563071846961975, 0.22733816504478455]]
[[0.2578803598880768, 0.15264113247394562, 0.172572061419487, 0.16570067405700684, 0.2512057423591614]]
[[0.16776224970817566, 0.23013976216316223, 0.21511732041835785, 0.22036077082157135, 0.1666199266910553]]
[[0.12181703001260757, 0.26202425360679626, 0.23287729918956757, 0.24392370879650116, 0.13935767114162445]]
[[0.20391051471233368, 0.19607120752334595, 0.19903762638568878, 0.19732804596424103, 0.20365260541439056]]
[[0.20671530067920685, 0.1968265175819397, 0.19846391677856445, 0.19721758365631104, 0.2007766216993332]]
[[0.22629418969154358, 0.18492357432842255, 0.1919226050376892, 0.1862037032842636, 0.21065585315227509]]
[[0.15916217863559723, 0.22822463512420654, 0.21423938870429993, 0.22472040355205536, 0.17365342378616333]]
[[0.19705599546432495, 0.2009369283914566, 0.20006152987480164, 0.20104487240314484, 0.20090064406394958]]
[[0.207601398229599, 0.19479358196258545, 0.19886942207813263, 0.196883425116539, 0.2018522322177887]]
[[0.20710287988185883, 0.1941634714603424, 0.19866177439689636, 0.19686450064182281, 0.20320740342140198]]
hyposthese:
2 pieces , <unk> & <unk> ; good clean specimens
reference:
2 pieces , trace adherent fat , delineated , good specimens
