[[0.17126548290252686, 0.1865573674440384, 0.17666271328926086, 0.24361631274223328, 0.22189822793006897]]
[[0.16431580483913422, 0.18569323420524597, 0.17308832705020905, 0.26040345430374146, 0.2164991945028305]]
[[0.23154199123382568, 0.21524980664253235, 0.22250708937644958, 0.15184466540813446, 0.17885641753673553]]
[[0.2606775462627411, 0.22417128086090088, 0.23806896805763245, 0.1172134131193161, 0.15986883640289307]]
[[0.1877581626176834, 0.1920517385005951, 0.1930227130651474, 0.21769021451473236, 0.20947711169719696]]
[[0.18137535452842712, 0.19026336073875427, 0.18918463587760925, 0.22600822150707245, 0.21316847205162048]]
hyposthese:
2 pieces , no abnormalities
reference:
2 pieces 7x6 & 7x5 mm ; minimal extraneous adipose
