[[0.2085648775100708, 0.1917644739151001, 0.19884508848190308, 0.19631250202655792, 0.2045130431652069]]
[[0.26558277010917664, 0.17110373079776764, 0.17359362542629242, 0.21491190791130066, 0.17480793595314026]]
[[0.18043503165245056, 0.20779980719089508, 0.21085453033447266, 0.1960718184709549, 0.2048388570547104]]
[[0.1386299580335617, 0.22990374267101288, 0.22921203076839447, 0.1863144338130951, 0.21593980491161346]]
[[0.2073150873184204, 0.19682355225086212, 0.1957526057958603, 0.20228470861911774, 0.19782401621341705]]
[[0.20917151868343353, 0.1968029886484146, 0.19614854454994202, 0.200383722782135, 0.19749316573143005]]
[[0.19226530194282532, 0.20303015410900116, 0.20253770053386688, 0.20013706386089325, 0.2020297795534134]]
[[0.20630177855491638, 0.1977851241827011, 0.19680868089199066, 0.201333150267601, 0.19777126610279083]]
[[0.1974635273218155, 0.20106960833072662, 0.20059703290462494, 0.199808269739151, 0.20106160640716553]]
[[0.20884862542152405, 0.19574864208698273, 0.19609278440475464, 0.20254909992218018, 0.19676081836223602]]
[[0.20346026122570038, 0.1986267864704132, 0.19822360575199127, 0.20100311934947968, 0.19868621230125427]]
hyposthese:
6 pieces ; well trimmed ; 10 % dermal fat
reference:
6 pieces , trace dermal fat ( delineated ) ; squamous epithelium is <unk> microns
