[[0.15588486194610596, 0.1974794864654541, 0.19430474936962128, 0.20798377692699432, 0.24434709548950195]]
[[0.16777631640434265, 0.19211317598819733, 0.19342124462127686, 0.20037563145160675, 0.24631363153457642]]
[[0.22375795245170593, 0.20680615305900574, 0.20573186874389648, 0.19853651523590088, 0.16516746580600739]]
[[0.23410402238368988, 0.20859818160533905, 0.20535500347614288, 0.1977807581424713, 0.15416209399700165]]
[[0.19625607132911682, 0.1981336921453476, 0.19951489567756653, 0.2001958191394806, 0.20589955151081085]]
[[0.20196925103664398, 0.20172317326068878, 0.2016223669052124, 0.20004375278949738, 0.19464145600795746]]
[[0.19164305925369263, 0.19818171858787537, 0.2008160650730133, 0.20136284828186035, 0.20799635350704193]]
hyposthese:
1 piece ; adenohypophysis and neurohypophysis
reference:
1 piece ; mostly adenohypophysis
