[[0.21631048619747162, 0.22646811604499817, 0.163644477725029, 0.21646063029766083, 0.17711634933948517]]
[[0.18133075535297394, 0.19269709289073944, 0.19655132293701172, 0.23246826231479645, 0.19695258140563965]]
[[0.19761398434638977, 0.1870843470096588, 0.2162143439054489, 0.1874522864818573, 0.21163508296012878]]
[[0.20484882593154907, 0.17512476444244385, 0.24390718340873718, 0.1647977977991104, 0.21132150292396545]]
[[0.2008519470691681, 0.20123107731342316, 0.19711434841156006, 0.20088642835617065, 0.19991619884967804]]
[[0.20300742983818054, 0.20364049077033997, 0.19243498146533966, 0.20368656516075134, 0.1972305178642273]]
[[0.19902445375919342, 0.19726859033107758, 0.2034982442855835, 0.19902080297470093, 0.201187863945961]]
[[0.20029477775096893, 0.20010726153850555, 0.19994835555553436, 0.19980715215206146, 0.1998423933982849]]
[[0.2008495181798935, 0.20169556140899658, 0.19736042618751526, 0.2008831948041916, 0.19921128451824188]]
hyposthese:
6 pieces , all muscularis , good specimens
reference:
6 pieces ; complete muscularis but with up to <unk> mm thick fibrous submucosa
