[[0.2194550782442093, 0.18703337013721466, 0.19952285289764404, 0.22789135575294495, 0.16609734296798706]]
[[0.28208568692207336, 0.14115147292613983, 0.17918919026851654, 0.2789444327354431, 0.11862925440073013]]
[[0.1724705696105957, 0.21931315958499908, 0.2087804228067398, 0.17005044221878052, 0.2293853610754013]]
[[0.11809851229190826, 0.25312092900276184, 0.21651922166347504, 0.11685686558485031, 0.29540446400642395]]
[[0.20503106713294983, 0.19605515897274017, 0.20033684372901917, 0.20603564381599426, 0.19254128634929657]]
[[0.2076144963502884, 0.19454370439052582, 0.19816601276397705, 0.2080066055059433, 0.19166915118694305]]
[[0.18841411173343658, 0.21041636168956757, 0.20471753180027008, 0.18534235656261444, 0.21110962331295013]]
[[0.20363380014896393, 0.19754701852798462, 0.19973811507225037, 0.20398104190826416, 0.19509997963905334]]
[[0.19490231573581696, 0.20389319956302643, 0.20324359834194183, 0.19431738555431366, 0.20364350080490112]]
[[0.20706135034561157, 0.1950390487909317, 0.20011062920093536, 0.20740777254104614, 0.1903812289237976]]
[[0.20366451144218445, 0.19776551425457, 0.19924196600914001, 0.20410466194152832, 0.1952233612537384]]
hyposthese:
6 pieces ; well trimmed ; 10 % dermal fat
reference:
5 pieces , 3 of 5 include significant attached fat from 30-50 %
