[[0.25751757621765137, 0.24628271162509918, 0.24521656334400177, 0.0828624963760376, 0.1681205928325653]]
[[0.2063663750886917, 0.2700868248939514, 0.24822942912578583, 0.10093569755554199, 0.17438171803951263]]
[[0.18013755977153778, 0.16912047564983368, 0.17311881482601166, 0.25575175881385803, 0.22187140583992004]]
[[0.12175421416759491, 0.09827646613121033, 0.1118324026465416, 0.44511789083480835, 0.223019078373909]]
[[0.20707111060619354, 0.20642253756523132, 0.20521827042102814, 0.18661148846149445, 0.19467651844024658]]
[[0.20879489183425903, 0.21071305871009827, 0.2071923017501831, 0.1796252429485321, 0.1936745047569275]]
[[0.20607919991016388, 0.20719410479068756, 0.20478671789169312, 0.1859813779592514, 0.19595851004123688]]
[[0.20087094604969025, 0.19927628338336945, 0.19909057021141052, 0.19772298634052277, 0.20303915441036224]]
[[0.1995541900396347, 0.19637544453144073, 0.19686397910118103, 0.20380899310112, 0.20339737832546234]]
[[0.20298805832862854, 0.2015523761510849, 0.20130228996276855, 0.19605548679828644, 0.19810181856155396]]
[[0.20077268779277802, 0.20094794034957886, 0.200368732213974, 0.19805245101451874, 0.19985821843147278]]
[[0.2021382600069046, 0.20360301434993744, 0.20160144567489624, 0.19240908324718475, 0.20024821162223816]]
hyposthese:
6 pieces , mucosa is <unk> thick , <unk> % thickness
reference:
6 pieces ; mostly full thickness sections of colon , moderate autolysis
