[[0.12135501950979233, 0.18910913169384003, 0.20298993587493896, 0.2459656149148941, 0.24058027565479279]]
[[0.12035588175058365, 0.17259235680103302, 0.1990177035331726, 0.2546916902065277, 0.2533423602581024]]
[[0.2753925919532776, 0.21930687129497528, 0.1939132660627365, 0.15399858355522156, 0.15738864243030548]]
[[0.3668208122253418, 0.22146791219711304, 0.1835981160402298, 0.1155097708106041, 0.11260341107845306]]
[[0.18236251175403595, 0.19603776931762695, 0.1989964246749878, 0.2086237370967865, 0.21397946774959564]]
[[0.17354783415794373, 0.19438128173351288, 0.19903039932250977, 0.21425800025463104, 0.2187824845314026]]
hyposthese:
2 pieces , glandular hyperplasia
reference:
2 pieces , no <unk> ; one section largely glandular stroma
