[[0.1871158629655838, 0.17115718126296997, 0.22759860754013062, 0.19455216825008392, 0.21957619488239288]]
[[0.19555658102035522, 0.17312753200531006, 0.22824066877365112, 0.2015627771615982, 0.2015123814344406]]
[[0.21149984002113342, 0.2131909430027008, 0.1858764886856079, 0.20145682990550995, 0.18797585368156433]]
[[0.2130851000547409, 0.2446901947259903, 0.15981429815292358, 0.2012859582901001, 0.18112443387508392]]
[[0.19642721116542816, 0.19973860681056976, 0.20076151192188263, 0.20120547711849213, 0.2018672525882721]]
[[0.1946548968553543, 0.1965513974428177, 0.2041534036397934, 0.20121628046035767, 0.20342406630516052]]
[[0.20115327835083008, 0.20228902995586395, 0.19738785922527313, 0.20135362446308136, 0.19781619310379028]]
[[0.1997017115354538, 0.20010940730571747, 0.19982318580150604, 0.2001359462738037, 0.20022979378700256]]
[[0.19826699793338776, 0.19792406260967255, 0.20151104032993317, 0.20253778994083405, 0.19976010918617249]]
hyposthese:
6 pieces , all muscularis , good specimens
reference:
6 pieces , only 2 with small <unk> of mucosa ( delineated ) , predominantly muscle .
