[[0.276233434677124, 0.19045978784561157, 0.11078236252069473, 0.20783807337284088, 0.214686319231987]]
[[0.2846318483352661, 0.1804671585559845, 0.12145829945802689, 0.22033898532390594, 0.19310373067855835]]
[[0.14368565380573273, 0.21123312413692474, 0.261475533246994, 0.18778358399868011, 0.19582214951515198]]
[[0.09783155471086502, 0.21471399068832397, 0.3074415922164917, 0.1807643175125122, 0.1992485076189041]]
[[0.21085546910762787, 0.1964736133813858, 0.19089747965335846, 0.20429612696170807, 0.19747740030288696]]
[[0.18252606689929962, 0.20483051240444183, 0.21125775575637817, 0.20194636285305023, 0.19943934679031372]]
[[0.21413882076740265, 0.1984255313873291, 0.1844617873430252, 0.20366626977920532, 0.19930757582187653]]
hyposthese:
1 piece ; adenohypophysis and neurohypophysis
reference:
1 pieces , <unk> autolyzed , all adenohypophysis
