[[0.17083099484443665, 0.24842095375061035, 0.18782655894756317, 0.1688159853219986, 0.22410552203655243]]
[[0.16538095474243164, 0.2847210168838501, 0.1771855503320694, 0.16382791101932526, 0.208884596824646]]
[[0.2258467972278595, 0.1470615714788437, 0.21293897926807404, 0.22788432240486145, 0.18626825511455536]]
[[0.2455758899450302, 0.11203689873218536, 0.21718262135982513, 0.24768811464309692, 0.17751647531986237]]
[[0.19679072499275208, 0.20841701328754425, 0.1983410269021988, 0.19619233906269073, 0.20025889575481415]]
[[0.19641126692295074, 0.20281681418418884, 0.20007683336734772, 0.19575193524360657, 0.20494316518306732]]
[[0.18584759533405304, 0.22995375096797943, 0.19437207281589508, 0.18438728153705597, 0.20543931424617767]]
[[0.21442526578903198, 0.17022103071212769, 0.207261860370636, 0.21415019035339355, 0.19394166767597198]]
[[0.20090949535369873, 0.1970614641904831, 0.201106995344162, 0.20068015158176422, 0.20024189352989197]]
[[0.19641688466072083, 0.20470169186592102, 0.2007869929075241, 0.19606918096542358, 0.20202526450157166]]
[[0.20374958217144012, 0.18831869959831238, 0.20322303473949432, 0.20359152555465698, 0.201117143034935]]
[[0.19850045442581177, 0.2036740630865097, 0.19943660497665405, 0.19841013848781586, 0.19997872412204742]]
[[0.1988106369972229, 0.20299232006072998, 0.19962024688720703, 0.19847016036510468, 0.20010662078857422]]
[[0.1965283900499344, 0.20662349462509155, 0.19887396693229675, 0.19609658420085907, 0.20187750458717346]]
[[0.19623123109340668, 0.2066870927810669, 0.19943305850028992, 0.19579282402992249, 0.20185579359531403]]
hyposthese:
2 pieces , <unk> & <unk> ; all cortex , <unk> % of specimen
reference:
2 pieces
