[[0.2488071620464325, 0.1635369509458542, 0.17186880111694336, 0.19963349401950836, 0.21615362167358398]]
[[0.23913761973381042, 0.1755329966545105, 0.17576315999031067, 0.19946186244487762, 0.2101043313741684]]
[[0.17045365273952484, 0.2208387553691864, 0.21673625707626343, 0.20113487541675568, 0.19083642959594727]]
[[0.14668691158294678, 0.24531888961791992, 0.2361402064561844, 0.19647923111915588, 0.17537476122379303]]
[[0.20170201361179352, 0.19724686443805695, 0.19822221994400024, 0.20081838965415955, 0.20201046764850616]]
[[0.20015697181224823, 0.196978360414505, 0.19845350086688995, 0.20082664489746094, 0.20358453691005707]]
[[0.2238425761461258, 0.18636898696422577, 0.19009540975093842, 0.1979037970304489, 0.20178928971290588]]
[[0.16192612051963806, 0.2269289642572403, 0.21855731308460236, 0.20106232166290283, 0.19152526557445526]]
[[0.19411204755306244, 0.20239904522895813, 0.20208759605884552, 0.20104941725730896, 0.20035184919834137]]
[[0.203385591506958, 0.19774463772773743, 0.19842714071273804, 0.19939766824245453, 0.2010449916124344]]
hyposthese:
2 pieces , <unk> & <unk> ; patchy emphysema
reference:
2 aliquots , <unk> 7mm , foci of chronic inflammation -- areas of emphysematous damage
