[[0.18490667641162872, 0.20566178858280182, 0.20678071677684784, 0.19640852510929108, 0.20624227821826935]]
[[0.1970418095588684, 0.27407965064048767, 0.17835606634616852, 0.1741507202386856, 0.1763717234134674]]
[[0.20452554523944855, 0.182296484708786, 0.2032206505537033, 0.20683516561985016, 0.20312215387821198]]
[[0.211776465177536, 0.14756028354167938, 0.21075130999088287, 0.21889115869998932, 0.2110207974910736]]
[[0.1993836760520935, 0.2060708850622177, 0.19824902713298798, 0.19789043068885803, 0.19840595126152039]]
[[0.1982598453760147, 0.20653769373893738, 0.1987246572971344, 0.1978956162929535, 0.19858211278915405]]
[[0.20134004950523376, 0.19203753769397736, 0.20212572813034058, 0.20243854820728302, 0.2020581066608429]]
[[0.1995038390159607, 0.20437410473823547, 0.19875435531139374, 0.1986563801765442, 0.1987113207578659]]
[[0.20048148930072784, 0.19686591625213623, 0.2007693499326706, 0.20094257593154907, 0.20094062387943268]]
[[0.19903557002544403, 0.20674195885658264, 0.19831708073616028, 0.19786801934242249, 0.19803743064403534]]
[[0.20038266479969025, 0.20203351974487305, 0.1993740350008011, 0.19895949959754944, 0.1992502361536026]]
hyposthese:
6 pieces ; well trimmed ; 10 % dermal fat
reference:
6 pieces ; <unk> epidermis , ( <unk> ) ; well dissected ; < 5 % dermal fat
