[[0.21785160899162292, 0.22245587408542633, 0.22889265418052673, 0.1638888269662857, 0.1669110804796219]]
[[0.23772823810577393, 0.24915990233421326, 0.23991645872592926, 0.13497987389564514, 0.138215571641922]]
[[0.19397129118442535, 0.1866888403892517, 0.18936575949192047, 0.21575409173965454, 0.21422001719474792]]
[[0.16878081858158112, 0.1433504819869995, 0.1523345708847046, 0.27060550451278687, 0.2649286091327667]]
[[0.20114663243293762, 0.20057836174964905, 0.20129089057445526, 0.19842837750911713, 0.19855573773384094]]
[[0.2036743313074112, 0.21149501204490662, 0.2066839337348938, 0.1883077621459961, 0.18983899056911469]]
[[0.20094841718673706, 0.20935912430286407, 0.20571301877498627, 0.19113026559352875, 0.19284911453723907]]
[[0.18148154020309448, 0.1695079803466797, 0.17811578512191772, 0.23717407882213593, 0.23372063040733337]]
[[0.19984272122383118, 0.19930078089237213, 0.20066501200199127, 0.19998295605182648, 0.20020857453346252]]
[[0.1998741626739502, 0.20267212390899658, 0.20145612955093384, 0.1977451592683792, 0.19825246930122375]]
[[0.20003746449947357, 0.19986729323863983, 0.20020326972007751, 0.1998441070318222, 0.2000478059053421]]
[[0.201067715883255, 0.20085309445858002, 0.2014199197292328, 0.19818714261054993, 0.19847217202186584]]
[[0.20008322596549988, 0.20181220769882202, 0.20144248008728027, 0.198213592171669, 0.19844849407672882]]
[[0.20037372410297394, 0.20178131759166718, 0.20154258608818054, 0.19797177612781525, 0.19833064079284668]]
hyposthese:
6 pieces , up to <unk> ; squamous epithelium is ~1 % thickness
reference:
6 pieces <unk> . squamous epithelium is ~ 2 % of thickness
