[[0.22364793717861176, 0.1736198514699936, 0.18654446303844452, 0.19239023327827454, 0.2237975001335144]]
[[0.2102525681257248, 0.17447367310523987, 0.21593332290649414, 0.17927215993404388, 0.2200683206319809]]
[[0.184951052069664, 0.22435685992240906, 0.20374882221221924, 0.20553024113178253, 0.18141302466392517]]
[[0.1740131378173828, 0.24717895686626434, 0.1895044893026352, 0.22269925475120544, 0.166604146361351]]
[[0.20291590690612793, 0.19513121247291565, 0.20007243752479553, 0.19853940606117249, 0.2033410519361496]]
[[0.20234481990337372, 0.19377771019935608, 0.20295430719852448, 0.1976119875907898, 0.20331116020679474]]
[[0.1953258365392685, 0.20497089624404907, 0.19970805943012238, 0.20448273420333862, 0.19551251828670502]]
hyposthese:
6 pieces ; well trimmed muscle
reference:
6 pieces , target muscularis
