[[0.20646421611309052, 0.18014413118362427, 0.23716308176517487, 0.19512642920017242, 0.18110214173793793]]
[[0.23809342086315155, 0.17596015334129333, 0.24466004967689514, 0.1803751140832901, 0.16091129183769226]]
[[0.18723566830158234, 0.2230992168188095, 0.1603332906961441, 0.21134132146835327, 0.21799048781394958]]
[[0.1586502343416214, 0.24852889776229858, 0.12276291102170944, 0.21579484641551971, 0.25426313281059265]]
[[0.20351111888885498, 0.19511038064956665, 0.2088547945022583, 0.196571484208107, 0.19595222175121307]]
[[0.20861034095287323, 0.1893448829650879, 0.2120569497346878, 0.19763809442520142, 0.19234973192214966]]
[[0.2022087126970291, 0.19588179886341095, 0.20576876401901245, 0.19977284967899323, 0.19636794924736023]]
[[0.20114196836948395, 0.19723449647426605, 0.2052854746580124, 0.19879215955734253, 0.1975458860397339]]
[[0.20052672922611237, 0.20079855620861053, 0.19667382538318634, 0.2010204941034317, 0.20098039507865906]]
[[0.20081523060798645, 0.19815859198570251, 0.2030307799577713, 0.19926616549491882, 0.1987292617559433]]
[[0.20006445050239563, 0.19936208426952362, 0.200564906001091, 0.20011460781097412, 0.1998939961194992]]
[[0.20284682512283325, 0.19737179577350616, 0.2027197778224945, 0.19885215163230896, 0.19820944964885712]]
hyposthese:
6 pieces , squamous mucosa is <unk> , <unk> % thickness
reference:
6 pieces , <unk> mm ; <unk> thick . well preserved mucosa
