[[0.16723890602588654, 0.22109366953372955, 0.2205648422241211, 0.16337981820106506, 0.22772279381752014]]
[[0.16161324083805084, 0.21202169358730316, 0.21843929588794708, 0.15917792916297913, 0.2487478107213974]]
[[0.22092588245868683, 0.18762148916721344, 0.18821577727794647, 0.22237759828567505, 0.18085914850234985]]
[[0.25577521324157715, 0.17248091101646423, 0.16733288764953613, 0.26116350293159485, 0.14324748516082764]]
[[0.19661644101142883, 0.20170164108276367, 0.20142649114131927, 0.19668975472450256, 0.20356565713882446]]
[[0.19522938132286072, 0.20198579132556915, 0.20244824886322021, 0.19486446678638458, 0.20547211170196533]]
[[0.19618123769760132, 0.2014632672071457, 0.20113065838813782, 0.19561950862407684, 0.2056053876876831]]
hyposthese:
6 pieces , confirmed target muscularis
reference:
6 pieces ; well trimmed
