[[0.18731233477592468, 0.24141226708889008, 0.2023036628961563, 0.182531476020813, 0.18644025921821594]]
[[0.15737800300121307, 0.3608246147632599, 0.18944138288497925, 0.14533810317516327, 0.14701791107654572]]
[[0.21528442203998566, 0.14507819712162018, 0.2066914290189743, 0.21641798317432404, 0.21652796864509583]]
[[0.24287056922912598, 0.056907642632722855, 0.18911860883235931, 0.25722235441207886, 0.2538808584213257]]
[[0.19822673499584198, 0.2070910632610321, 0.19878517091274261, 0.19778557121753693, 0.19811147451400757]]
[[0.19990713894367218, 0.201877161860466, 0.2002294361591339, 0.19860321283340454, 0.1993829905986786]]
[[0.19424161314964294, 0.22062428295612335, 0.19984988868236542, 0.1923079937696457, 0.19297616183757782]]
[[0.19770270586013794, 0.20908047258853912, 0.19869577884674072, 0.1971757560968399, 0.19734524190425873]]
[[0.21380291879177094, 0.1559249758720398, 0.2007586807012558, 0.21555796265602112, 0.21395544707775116]]
[[0.19935446977615356, 0.2027326077222824, 0.19971539080142975, 0.1991218775510788, 0.19907575845718384]]
[[0.2000439614057541, 0.19978253543376923, 0.19998066127300262, 0.200092613697052, 0.20010024309158325]]
[[0.1979794055223465, 0.2099870890378952, 0.20063577592372894, 0.19502703845500946, 0.1963706761598587]]
hyposthese:
6 pieces , mucosa up to ~1mm , <unk> % thickness
reference:
6 pieces ; mucosa and submucosa only
