[[0.18805783987045288, 0.216038778424263, 0.18018944561481476, 0.1629628688097, 0.25275105237960815]]
[[0.16089539229869843, 0.23426082730293274, 0.16043880581855774, 0.1548401117324829, 0.289564847946167]]
[[0.22035770118236542, 0.1809026300907135, 0.22352609038352966, 0.23192283511161804, 0.1432906687259674]]
[[0.2401718646287918, 0.142218217253685, 0.2492479532957077, 0.2669663727283478, 0.1013956069946289]]
[[0.19518031179904938, 0.20701590180397034, 0.1940302699804306, 0.19229206442832947, 0.21148140728473663]]
[[0.19514553248882294, 0.20855799317359924, 0.19333146512508392, 0.18894250690937042, 0.21402251720428467]]
[[0.20611082017421722, 0.1984238177537918, 0.20778308808803558, 0.2086496651172638, 0.17903262376785278]]
[[0.1971025913953781, 0.20526018738746643, 0.19608476758003235, 0.19429656863212585, 0.20725594460964203]]
[[0.20244315266609192, 0.20177263021469116, 0.20271287858486176, 0.20283770561218262, 0.19023369252681732]]
[[0.19596882164478302, 0.20683181285858154, 0.1944664716720581, 0.1917523443698883, 0.21098053455352783]]
[[0.19765569269657135, 0.20411446690559387, 0.19687454402446747, 0.19530947506427765, 0.20604589581489563]]
hyposthese:
2 pieces ; well trimmed ; 10 % internal fat
reference:
2 pieces ; 10 % internal fat
