[[0.18520447611808777, 0.19723787903785706, 0.22022685408592224, 0.20661209523677826, 0.1907186359167099]]
[[0.17787820100784302, 0.1918943077325821, 0.24384592473506927, 0.20096339285373688, 0.18541818857192993]]
[[0.22065208852291107, 0.20545491576194763, 0.16571606695652008, 0.19364939630031586, 0.21452751755714417]]
[[0.2271033227443695, 0.21175195276737213, 0.14540022611618042, 0.19705615937709808, 0.21868838369846344]]
[[0.19641318917274475, 0.1990288645029068, 0.20600326359272003, 0.20133870840072632, 0.1972159594297409]]
[[0.1997355967760086, 0.19949480891227722, 0.20139187574386597, 0.19966910779476166, 0.19970867037773132]]
[[0.1962795853614807, 0.1991613805294037, 0.20504558086395264, 0.20144176483154297, 0.1980717033147812]]
[[0.19790460169315338, 0.1993008553981781, 0.20386560261249542, 0.20039182901382446, 0.19853714108467102]]
[[0.20274926722049713, 0.20225617289543152, 0.19196441769599915, 0.2005774974822998, 0.2024526596069336]]
[[0.1992785781621933, 0.19978642463684082, 0.20122626423835754, 0.2001589983701706, 0.19954977929592133]]
[[0.19826707243919373, 0.19856588542461395, 0.20505556464195251, 0.19947874546051025, 0.19863274693489075]]
hyposthese:
2 pieces , ~10 % interstitial fat , rep delineated
reference:
2 pieces ; ~10 to 15 % internal fat
