[[0.21510139107704163, 0.22254909574985504, 0.17590470612049103, 0.2083227038383484, 0.1781221181154251]]
[[0.23548132181167603, 0.27475327253341675, 0.12719273567199707, 0.2316797524690628, 0.13089293241500854]]
[[0.19099026918411255, 0.1696292757987976, 0.22306784987449646, 0.19254502654075623, 0.22376756370067596]]
[[0.1517215371131897, 0.1270832121372223, 0.28505614399909973, 0.15902192890644073, 0.27711716294288635]]
[[0.2034623771905899, 0.2066207379102707, 0.19283275306224823, 0.20343133807182312, 0.19365283846855164]]
[[0.20510444045066833, 0.2071140706539154, 0.1924535632133484, 0.20225836336612701, 0.19306959211826324]]
[[0.19359993934631348, 0.18755967915058136, 0.2126418650150299, 0.19345156848430634, 0.2127469927072525]]
[[0.20239898562431335, 0.2038043886423111, 0.19519676268100739, 0.20261725783348083, 0.19598257541656494]]
[[0.19830289483070374, 0.19489799439907074, 0.2047029584646225, 0.19706712663173676, 0.2050289809703827]]
[[0.20284566283226013, 0.20693977177143097, 0.19341163337230682, 0.2031746357679367, 0.19362832605838776]]
[[0.20200736820697784, 0.2029845118522644, 0.1964503824710846, 0.20205973088741302, 0.1964980512857437]]
hyposthese:
6 pieces ; well trimmed ; 10 % dermal fat
reference:
pieces ; 5 % dermal fat ; well trimmed
