[[0.18344123661518097, 0.1900671422481537, 0.19062559306621552, 0.2221515029668808, 0.21371448040008545]]
[[0.19109398126602173, 0.1959959715604782, 0.2031117081642151, 0.2019473910331726, 0.20785096287727356]]
[[0.20547088980674744, 0.20494121313095093, 0.1994781494140625, 0.19231592118740082, 0.1977938860654831]]
[[0.22378601133823395, 0.21027736365795135, 0.20613345503807068, 0.18003831803798676, 0.17976483702659607]]
[[0.1989690661430359, 0.19994978606700897, 0.2004718780517578, 0.19992490112781525, 0.20068438351154327]]
[[0.19818764925003052, 0.19973206520080566, 0.19956129789352417, 0.20139014720916748, 0.20112882554531097]]
[[0.19689014554023743, 0.19914400577545166, 0.19870172441005707, 0.20312170684337616, 0.2021424025297165]]
[[0.19897237420082092, 0.19932633638381958, 0.1998978704214096, 0.20080475509166718, 0.20099863409996033]]
[[0.2013092339038849, 0.2004185914993286, 0.20177991688251495, 0.19757501780986786, 0.19891728460788727]]
[[0.1996016651391983, 0.19974347949028015, 0.19982479512691498, 0.20074240863323212, 0.20008760690689087]]
[[0.19874097406864166, 0.19949297606945038, 0.19992585480213165, 0.20065531134605408, 0.201184943318367]]
hyposthese:
2 pieces , ~10 % fascia/vascular elements , rep delineated
reference:
2 pieces , fibroadipose elements only ; no ductal elements noted
