[[0.16938534379005432, 0.20828402042388916, 0.22202283143997192, 0.17961576581001282, 0.22069206833839417]]
[[0.16270199418067932, 0.2136683315038681, 0.22306986153125763, 0.19096623361110687, 0.20959368348121643]]
[[0.22254621982574463, 0.1921835094690323, 0.1850021630525589, 0.2073989063501358, 0.19286921620368958]]
[[0.2423212230205536, 0.18244628608226776, 0.172458216547966, 0.21351933479309082, 0.1892549991607666]]
[[0.19560205936431885, 0.20254893600940704, 0.2016005665063858, 0.1997486799955368, 0.2004997730255127]]
[[0.19883586466312408, 0.2008947879076004, 0.20027418434619904, 0.19938212633132935, 0.20061297714710236]]
[[0.18985241651535034, 0.20468007028102875, 0.20636701583862305, 0.19517643749713898, 0.2039240002632141]]
[[0.22057095170021057, 0.1940576285123825, 0.18964089453220367, 0.2052837759256363, 0.19044680893421173]]
[[0.20068146288394928, 0.19990304112434387, 0.19975851476192474, 0.20086908340454102, 0.19878795742988586]]
[[0.19797387719154358, 0.20030361413955688, 0.20048551261425018, 0.199488565325737, 0.20174846053123474]]
[[0.1983712911605835, 0.19993029534816742, 0.20035021007061005, 0.19910115003585815, 0.20224706828594208]]
hyposthese:
2 pieces , <unk> & <unk> ; good clean specimens
reference:
2 aliquots , 2.5x1mm . ldacc <unk> both have ~4x2mm adherent nubbins of fat on one edge
