[[0.18491493165493011, 0.16873347759246826, 0.20430557429790497, 0.2158815562725067, 0.22616443037986755]]
[[0.1765076220035553, 0.16975782811641693, 0.21079526841640472, 0.21538130939006805, 0.227557972073555]]
[[0.21246489882469177, 0.22071868181228638, 0.19598685204982758, 0.18758131563663483, 0.18324829638004303]]
[[0.2300531268119812, 0.24266427755355835, 0.1905388981103897, 0.1755429059267044, 0.16120083630084991]]
[[0.1964215636253357, 0.195841446518898, 0.19984343647956848, 0.2025635987520218, 0.20532988011837006]]
[[0.20009014010429382, 0.19824354350566864, 0.19985079765319824, 0.2009911984205246, 0.20082427561283112]]
[[0.1853228658437729, 0.1817529797554016, 0.20482319593429565, 0.20969602465629578, 0.21840494871139526]]
[[0.21977397799491882, 0.22848859429359436, 0.19504357874393463, 0.1853121668100357, 0.17138172686100006]]
[[0.20103198289871216, 0.20370441675186157, 0.199072003364563, 0.19904056191444397, 0.1971510797739029]]
[[0.1982661932706833, 0.19626764953136444, 0.20087376236915588, 0.20157340168952942, 0.20301900804042816]]
[[0.202519029378891, 0.19982455670833588, 0.20006494224071503, 0.19936098158359528, 0.19823044538497925]]
hyposthese:
2 pieces , <unk> & <unk> ; good clean specimens
reference:
4 pieces up to 5x5 mm ; none has squamous or glandular elements ; <unk> <unk> <unk>
