[[0.17186462879180908, 0.19146831333637238, 0.20176564157009125, 0.18685312569141388, 0.2480483502149582]]
[[0.17435802519321442, 0.16268786787986755, 0.22466158866882324, 0.163483664393425, 0.2748088538646698]]
[[0.2168600857257843, 0.2134910672903061, 0.19802603125572205, 0.21506167948246002, 0.15656116604804993]]
[[0.23629620671272278, 0.23155425488948822, 0.17951586842536926, 0.23757147789001465, 0.11506213992834091]]
[[0.19971460103988647, 0.19857501983642578, 0.20226095616817474, 0.19836285710334778, 0.20108658075332642]]
[[0.1899455040693283, 0.18937651813030243, 0.20701520144939423, 0.18793734908103943, 0.22572541236877441]]
[[0.18806228041648865, 0.19315697252750397, 0.20764565467834473, 0.1897931694984436, 0.22134184837341309]]
[[0.22579416632652283, 0.222043976187706, 0.18013887107372284, 0.22536258399486542, 0.1466604769229889]]
[[0.20001280307769775, 0.1985480785369873, 0.19980120658874512, 0.19861973822116852, 0.2030182182788849]]
[[0.19580993056297302, 0.19675734639167786, 0.20126031339168549, 0.19655179977416992, 0.20962055027484894]]
[[0.2001960277557373, 0.19961313903331757, 0.20016877353191376, 0.19941508769989014, 0.20060700178146362]]
[[0.19933736324310303, 0.19854581356048584, 0.19991987943649292, 0.19828248023986816, 0.20391441881656647]]
[[0.19911275804042816, 0.19904153048992157, 0.20028525590896606, 0.1988813579082489, 0.2026790976524353]]
[[0.19821429252624512, 0.19875028729438782, 0.200579434633255, 0.19837459921836853, 0.20408135652542114]]
hyposthese:
6 pieces , up to <unk> ; squamous epithelium is ~1 % thickness
reference:
6 pieces <unk> ; squamous epithelium is 2-3 % of thickness
