[[0.1923791766166687, 0.18375395238399506, 0.23135872185230255, 0.18427804112434387, 0.20823007822036743]]
[[0.17965206503868103, 0.16886407136917114, 0.27240946888923645, 0.1682470291852951, 0.2108273059129715]]
[[0.21749912202358246, 0.2254917472600937, 0.148220032453537, 0.2253781259059906, 0.18341098725795746]]
[[0.2228076308965683, 0.24845768511295319, 0.1086273267865181, 0.24646848440170288, 0.17363886535167694]]
[[0.1930764764547348, 0.19012431800365448, 0.21906644105911255, 0.19056478142738342, 0.20716792345046997]]
[[0.1906932294368744, 0.18354924023151398, 0.23143832385540009, 0.18408454954624176, 0.21023471653461456]]
hyposthese:
2 pieces , no abnormalities
reference:
2 pieces , no abnormalities
