[[0.1946820467710495, 0.18859176337718964, 0.20624981820583344, 0.2099289745092392, 0.20054739713668823]]
[[0.16012831032276154, 0.1812637746334076, 0.2219752073287964, 0.2742064893245697, 0.16242626309394836]]
[[0.2100580632686615, 0.208334818482399, 0.1923368275165558, 0.1782992035150528, 0.21097107231616974]]
[[0.234165757894516, 0.22073407471179962, 0.17486345767974854, 0.14025911688804626, 0.2299775630235672]]
[[0.19738422334194183, 0.19844940304756165, 0.2026209533214569, 0.20436905324459076, 0.19717636704444885]]
[[0.19656416773796082, 0.1974804848432541, 0.20297452807426453, 0.2060663253068924, 0.19691450893878937]]
[[0.1982966512441635, 0.19926826655864716, 0.20117723941802979, 0.20273463428020477, 0.19852314889431]]
[[0.20767417550086975, 0.2056947946548462, 0.19677989184856415, 0.1825954020023346, 0.2072557508945465]]
[[0.1990469992160797, 0.19914409518241882, 0.20115838944911957, 0.2023623287677765, 0.19828824698925018]]
[[0.19788672029972076, 0.19903384149074554, 0.20216572284698486, 0.20275408029556274, 0.1981596201658249]]
[[0.19932138919830322, 0.19978316128253937, 0.2004954218864441, 0.20113961398601532, 0.19926050305366516]]
[[0.19726477563381195, 0.1998136341571808, 0.20256459712982178, 0.2027302384376526, 0.19762679934501648]]
hyposthese:
6 pieces , minimal dermal fat ; squamous epithelium is <unk>
reference:
6 pieces
