[[0.18414725363254547, 0.19819828867912292, 0.19656972587108612, 0.22597190737724304, 0.19511280953884125]]
[[0.18297132849693298, 0.16188420355319977, 0.1606568843126297, 0.32287728786468506, 0.17161032557487488]]
[[0.20839115977287292, 0.20917412638664246, 0.21198809146881104, 0.1655423790216446, 0.20490427315235138]]
[[0.21810896694660187, 0.22801895439624786, 0.23727567493915558, 0.10004674643278122, 0.2165496051311493]]
[[0.1997717171907425, 0.19638141989707947, 0.19545941054821014, 0.21022862195968628, 0.19815878570079803]]
[[0.19801224768161774, 0.1965104192495346, 0.19558356702327728, 0.21167947351932526, 0.1982143223285675]]
[[0.20441944897174835, 0.20485679805278778, 0.2052939534187317, 0.1810423880815506, 0.2043873518705368]]
[[0.20000909268856049, 0.19720487296581268, 0.19692863523960114, 0.20742645859718323, 0.19843092560768127]]
[[0.20168723165988922, 0.20251408219337463, 0.2026427984237671, 0.1907401829957962, 0.20241576433181763]]
[[0.19875729084014893, 0.19492563605308533, 0.19427116215229034, 0.21402859687805176, 0.19801732897758484]]
[[0.19975939393043518, 0.1981412172317505, 0.1976347714662552, 0.20520776510238647, 0.19925685226917267]]
hyposthese:
6 pieces ; well trimmed ; 10 % dermal fat
reference:
6 pieces ; hair bearing skin , few pieces with 5-10 % external fat
