[[0.18681757152080536, 0.2136678248643875, 0.2063603550195694, 0.18854567408561707, 0.20460858941078186]]
[[0.19278381764888763, 0.20546571910381317, 0.19902285933494568, 0.1988210529088974, 0.20390662550926208]]
[[0.20496004819869995, 0.19519123435020447, 0.19611695408821106, 0.20382189750671387, 0.19990991055965424]]
[[0.21318982541561127, 0.1836857795715332, 0.20088817179203033, 0.21194812655448914, 0.19028805196285248]]
[[0.2002212107181549, 0.20061352849006653, 0.1988701969385147, 0.19936436414718628, 0.20093074440956116]]
[[0.19894836843013763, 0.20324158668518066, 0.19821542501449585, 0.19661681354045868, 0.20297782123088837]]
[[0.19225068390369415, 0.20845608413219452, 0.20103175938129425, 0.19186216592788696, 0.20639930665493011]]
[[0.2069949507713318, 0.19340507686138153, 0.1987692266702652, 0.2066352367401123, 0.1941954642534256]]
hyposthese:
2 pieces , <unk> & <unk> ;
reference:
1 pieces ~8x7mm
