[[0.18072359263896942, 0.19951288402080536, 0.19799192249774933, 0.196549654006958, 0.22522196173667908]]
[[0.19151253998279572, 0.20012757182121277, 0.20177142322063446, 0.19486020505428314, 0.21172824501991272]]
[[0.21551699936389923, 0.20024003088474274, 0.19851136207580566, 0.20431531965732574, 0.181416317820549]]
[[0.21858179569244385, 0.20459988713264465, 0.2010711133480072, 0.20657551288604736, 0.16917173564434052]]
[[0.19312046468257904, 0.19840526580810547, 0.20067626237869263, 0.19568414986133575, 0.21211382746696472]]
[[0.19360585510730743, 0.1987280398607254, 0.20106269419193268, 0.19230088591575623, 0.21430249512195587]]
hyposthese:
4 pieces , no abnormalities
reference:
3 pieces , up to 10x7mm ;
