[[0.18661251664161682, 0.19481296837329865, 0.21810869872570038, 0.19508786499500275, 0.20537793636322021]]
[[0.17420223355293274, 0.17881348729133606, 0.24309231340885162, 0.21885614097118378, 0.18503588438034058]]
[[0.22036775946617126, 0.21353808045387268, 0.1738801896572113, 0.1925906091928482, 0.19962337613105774]]
[[0.25296083092689514, 0.2430732101202011, 0.1317453533411026, 0.17113685607910156, 0.20108376443386078]]
[[0.18844498693943024, 0.19329750537872314, 0.2121323198080063, 0.2053411453962326, 0.20078404247760773]]
[[0.18673332035541534, 0.19071905314922333, 0.21906720101833344, 0.2045401930809021, 0.1989402025938034]]
hyposthese:
4 pieces , no abnormalities
reference:
4 pieces , no abnormalities noted
