[[0.1640937626361847, 0.16612792015075684, 0.21390773355960846, 0.20852884650230408, 0.24734167754650116]]
[[0.16411417722702026, 0.16287033259868622, 0.22870291769504547, 0.1869681179523468, 0.25734439492225647]]
[[0.23211537301540375, 0.2333950400352478, 0.18089552223682404, 0.20593643188476562, 0.1476575881242752]]
[[0.25530627369880676, 0.26139166951179504, 0.16024139523506165, 0.20835734903812408, 0.11470328271389008]]
[[0.18929073214530945, 0.18807274103164673, 0.20580396056175232, 0.19825594127178192, 0.21857662498950958]]
[[0.18873094022274017, 0.18941184878349304, 0.20637676119804382, 0.19764456152915955, 0.2178359031677246]]
[[0.17013828456401825, 0.16885696351528168, 0.20923180878162384, 0.1949378252029419, 0.2568351626396179]]
[[0.23766005039215088, 0.24295158684253693, 0.17161297798156738, 0.20422933995723724, 0.14354607462882996]]
hyposthese:
2 pieces , <unk> & <unk> ;
reference:
2 aliquots , ~7x7mm
