[[0.13632304966449738, 0.28035402297973633, 0.2565198242664337, 0.13709399104118347, 0.1897091269493103]]
[[0.139574334025383, 0.2662610411643982, 0.25136715173721313, 0.15619812905788422, 0.18659937381744385]]
[[0.24248944222927094, 0.1519046425819397, 0.16167540848255157, 0.2344961166381836, 0.2094344049692154]]
[[0.2962951362133026, 0.10699985921382904, 0.12399634718894958, 0.2731175720691681, 0.19959107041358948]]
[[0.18865665793418884, 0.2149231731891632, 0.20807024836540222, 0.19096922874450684, 0.19738063216209412]]
[[0.20781965553760529, 0.18920068442821503, 0.19181686639785767, 0.20711469650268555, 0.20404811203479767]]
[[0.18698763847351074, 0.2130701094865799, 0.20832213759422302, 0.19122794270515442, 0.20039209723472595]]
[[0.19558614492416382, 0.20527556538581848, 0.2032179981470108, 0.19648389518260956, 0.19943639636039734]]
hyposthese:
2 pieces ; 10 % external fat
reference:
3 pieces , each includes about 50 % internal and attached fat
