[[0.1610468626022339, 0.19621716439723969, 0.20675678551197052, 0.2322259247303009, 0.203753262758255]]
[[0.15117284655570984, 0.13946397602558136, 0.21821750700473785, 0.27736178040504456, 0.2137838751077652]]
[[0.2248253971338272, 0.21510355174541473, 0.19724948704242706, 0.16573062539100647, 0.19709084928035736]]
[[0.2660570740699768, 0.24665983021259308, 0.18342429399490356, 0.11594842374324799, 0.18791036307811737]]
[[0.1945399045944214, 0.19537262618541718, 0.2017318159341812, 0.20788276195526123, 0.2004728764295578]]
[[0.1916617900133133, 0.19434121251106262, 0.20216304063796997, 0.21396933495998383, 0.19786465167999268]]
[[0.20678269863128662, 0.20865921676158905, 0.199075847864151, 0.18557116389274597, 0.19991108775138855]]
[[0.19706599414348602, 0.1972467601299286, 0.20105578005313873, 0.2050776183605194, 0.19955384731292725]]
[[0.2007923573255539, 0.20095863938331604, 0.20135661959648132, 0.19593225419521332, 0.20096011459827423]]
[[0.19222596287727356, 0.19559209048748016, 0.20363172888755798, 0.20932871103286743, 0.19922152161598206]]
[[0.19754859805107117, 0.19757503271102905, 0.20021626353263855, 0.20468974113464355, 0.19997036457061768]]
hyposthese:
6 pieces ; well trimmed ; 5 % dermal fat
reference:
6 pieces ; well trimmed ; up to 10 % dermal fat
