[[0.20859496295452118, 0.21263183653354645, 0.17314156889915466, 0.17988701164722443, 0.2257446050643921]]
[[0.20681728422641754, 0.20684508979320526, 0.18099290132522583, 0.185781329870224, 0.21956336498260498]]
[[0.19376929104328156, 0.19307807087898254, 0.2200181633234024, 0.2151324301958084, 0.17800208926200867]]
[[0.18397539854049683, 0.1872446984052658, 0.243596613407135, 0.2330060601234436, 0.15217724442481995]]
[[0.1999477744102478, 0.1991000771522522, 0.2038378268480301, 0.2025938183069229, 0.1945205181837082]]
[[0.20006495714187622, 0.2039547562599182, 0.19744755327701569, 0.19595813751220703, 0.20257456600666046]]
[[0.19983366131782532, 0.2009255588054657, 0.19962184131145477, 0.19826334714889526, 0.20135554671287537]]
[[0.20012398064136505, 0.20118600130081177, 0.19892241060733795, 0.19753588736057281, 0.20223169028759003]]
[[0.19952431321144104, 0.19907894730567932, 0.20155742764472961, 0.20177093148231506, 0.19806832075119019]]
[[0.19968309998512268, 0.19685225188732147, 0.2071036696434021, 0.20395146310329437, 0.19240954518318176]]
[[0.20005132257938385, 0.2004910260438919, 0.19919882714748383, 0.19881050288677216, 0.20144832134246826]]
[[0.19939099252223969, 0.2024868279695511, 0.1971806138753891, 0.19594398140907288, 0.20499762892723083]]
hyposthese:
6 pieces , squamous mucosa is <unk> microns , <unk> <unk>
reference:
4 aliquots , ~6x4mm . squamous mucosa present on 2 of 4 pieces , ~5 % of thickness . no <unk> evident
