[[0.17499224841594696, 0.22273679077625275, 0.17572778463363647, 0.18283872306346893, 0.24370434880256653]]
[[0.1846863329410553, 0.18990226089954376, 0.185577854514122, 0.1881559044122696, 0.25167760252952576]]
[[0.21384379267692566, 0.19753257930278778, 0.21253305673599243, 0.2110636830329895, 0.16502688825130463]]
[[0.22208312153816223, 0.19158190488815308, 0.22017085552215576, 0.21346336603164673, 0.152700737118721]]
[[0.20073202252388, 0.19332122802734375, 0.20092810690402985, 0.20061056315898895, 0.20440806448459625]]
[[0.19861842691898346, 0.2008148729801178, 0.19825661182403564, 0.19925765693187714, 0.20305246114730835]]
[[0.19322867691516876, 0.1990485042333603, 0.19394336640834808, 0.19600026309490204, 0.2177792638540268]]
[[0.2059164047241211, 0.20249627530574799, 0.20631691813468933, 0.20492900907993317, 0.18034133315086365]]
[[0.20090386271476746, 0.19931212067604065, 0.20113247632980347, 0.20011241734027863, 0.19853904843330383]]
[[0.19917742908000946, 0.1994132548570633, 0.19855095446109772, 0.2003709375858307, 0.20248742401599884]]
[[0.20077446103096008, 0.20025451481342316, 0.20090293884277344, 0.20087331533432007, 0.19719479978084564]]
[[0.1997688263654709, 0.19908595085144043, 0.1995742917060852, 0.19989190995693207, 0.2016790360212326]]
[[0.1999967098236084, 0.1992938220500946, 0.19992505013942719, 0.1998641937971115, 0.2009201943874359]]
[[0.198635533452034, 0.1997927874326706, 0.19840285181999207, 0.19931919872760773, 0.2038496732711792]]
[[0.19866134226322174, 0.1998969465494156, 0.19849027693271637, 0.199467733502388, 0.2034837156534195]]
hyposthese:
2 pieces , <unk> & <unk> ; all cortex , <unk> % of specimen
reference:
2 pieces , <unk> & 11x8mm ; all cortex
