[[0.2086474895477295, 0.14904651045799255, 0.24198317527770996, 0.18372391164302826, 0.21659888327121735]]
[[0.19548751413822174, 0.13472139835357666, 0.2719537615776062, 0.15630045533180237, 0.24153690040111542]]
[[0.19811765849590302, 0.2593599557876587, 0.14379176497459412, 0.23076358437538147, 0.1679670661687851]]
[[0.19053451716899872, 0.3228927254676819, 0.09878634661436081, 0.2571880519390106, 0.13059842586517334]]
[[0.19947998225688934, 0.18555676937103271, 0.21461381018161774, 0.1929435431957245, 0.20740588009357452]]
[[0.19777995347976685, 0.1900877058506012, 0.21390022337436676, 0.19263161718845367, 0.20560048520565033]]
[[0.1990698277950287, 0.19588007032871246, 0.20392967760562897, 0.199074387550354, 0.2020459771156311]]
[[0.19984082877635956, 0.1920768767595291, 0.20818041265010834, 0.1969466209411621, 0.2029552310705185]]
[[0.19951747357845306, 0.19665780663490295, 0.20322023332118988, 0.19879218935966492, 0.20181231200695038]]
hyposthese:
2 pieces ; glands autolyzed , stroma intact
reference:
2 pieces , glandular hyperplasia pattern , adherent <unk> connective tissue nubbin ( delineated ) , with ganglion ( encircled )
