[[0.18160589039325714, 0.18133844435214996, 0.19407089054584503, 0.1946229189634323, 0.24836187064647675]]
[[0.18102777004241943, 0.18226005136966705, 0.1912125200033188, 0.19507862627506256, 0.25042104721069336]]
[[0.21008658409118652, 0.2090306431055069, 0.203491672873497, 0.20239108800888062, 0.17499996721744537]]
[[0.21734265983104706, 0.21682511270046234, 0.20832780003547668, 0.2042035013437271, 0.15330098569393158]]
[[0.20403620600700378, 0.20380501449108124, 0.201629176735878, 0.20202314853668213, 0.18850643932819366]]
[[0.200209841132164, 0.1998341679573059, 0.19938306510448456, 0.20004141330718994, 0.2005314975976944]]
[[0.19851115345954895, 0.19853158295154572, 0.1989874690771103, 0.20042374730110168, 0.20354609191417694]]
[[0.200081005692482, 0.20000196993350983, 0.19991742074489594, 0.19996777176856995, 0.2000318318605423]]
[[0.19970478117465973, 0.1997736096382141, 0.19967052340507507, 0.20005004107952118, 0.2008010596036911]]
[[0.1999697983264923, 0.1999400109052658, 0.19996212422847748, 0.19996464252471924, 0.20016342401504517]]
[[0.19998681545257568, 0.1999451220035553, 0.20005583763122559, 0.19992385804653168, 0.20008835196495056]]
[[0.19986778497695923, 0.1997249722480774, 0.19945184886455536, 0.20006708800792694, 0.20088829100131989]]
hyposthese:
2 pieces , diffuse macrovesicular steatosis , <unk> <unk> and <unk>
reference:
2 pieces ; diffuse severe microvesicular and macrovesicular steatosis ( ~80 % ) .
