[[0.20779643952846527, 0.18841850757598877, 0.19298870861530304, 0.2185623198747635, 0.19223399460315704]]
[[0.2644902765750885, 0.139321431517601, 0.16983936727046967, 0.28535106778144836, 0.14099784195423126]]
[[0.1750694364309311, 0.2250758856534958, 0.21302905678749084, 0.16237495839595795, 0.22445064783096313]]
[[0.12883277237415314, 0.266790509223938, 0.2279440462589264, 0.10833775997161865, 0.26809489727020264]]
[[0.20421797037124634, 0.1953069567680359, 0.19750496745109558, 0.20780137181282043, 0.19516871869564056]]
[[0.21922825276851654, 0.1785370260477066, 0.19654598832130432, 0.2274540662765503, 0.1782347410917282]]
[[0.21194981038570404, 0.18613779544830322, 0.1968461126089096, 0.21889612078666687, 0.18617019057273865]]
[[0.1649131029844284, 0.2389376014471054, 0.2083648443222046, 0.15179294347763062, 0.23599156737327576]]
[[0.19980895519256592, 0.20001578330993652, 0.20071913301944733, 0.19981040060520172, 0.1996457278728485]]
[[0.215078666806221, 0.18565966188907623, 0.19340971112251282, 0.22086229920387268, 0.18498964607715607]]
[[0.1986541450023651, 0.20113641023635864, 0.20053167641162872, 0.19849586486816406, 0.20118194818496704]]
hyposthese:
6 pieces , up to 8x3mm ; well trimmed .
reference:
6 pieces , intimal thickening
