[[0.20741154253482819, 0.19522354006767273, 0.20891138911247253, 0.18742632865905762, 0.20102718472480774]]
[[0.2037356048822403, 0.19789376854896545, 0.20017962157726288, 0.19645783305168152, 0.20173311233520508]]
[[0.19574026763439178, 0.20010720193386078, 0.19771212339401245, 0.20475412905216217, 0.20168627798557281]]
[[0.18917590379714966, 0.20147719979286194, 0.19442127645015717, 0.20999622344970703, 0.20492945611476898]]
[[0.19996802508831024, 0.20264816284179688, 0.19826552271842957, 0.20133806765079498, 0.19778019189834595]]
[[0.20349720120429993, 0.20206624269485474, 0.19800320267677307, 0.19935515522956848, 0.19707824289798737]]
[[0.20493072271347046, 0.200225368142128, 0.20235304534435272, 0.19473053514957428, 0.19776034355163574]]
[[0.19464196264743805, 0.2004942148923874, 0.1979026347398758, 0.2063508927822113, 0.20061030983924866]]
hyposthese:
2 pieces , <unk> & <unk> ;
reference:
2 pieces ; 20 % fibrous content in 1 , 5 % in other
