[[0.20110678672790527, 0.19224272668361664, 0.20131319761276245, 0.20938880741596222, 0.19594845175743103]]
[[0.18194922804832458, 0.17301826179027557, 0.296552449464798, 0.18032494187355042, 0.16815511882305145]]
[[0.20303046703338623, 0.20677915215492249, 0.18132255971431732, 0.20045872032642365, 0.20840905606746674]]
[[0.2088577300310135, 0.2227293998003006, 0.14131960272789001, 0.20116089284420013, 0.22593237459659576]]
[[0.1991504281759262, 0.1980006992816925, 0.2058069258928299, 0.19932299852371216, 0.19771899282932281]]
[[0.19891926646232605, 0.19787955284118652, 0.20604723691940308, 0.1995343267917633, 0.19761964678764343]]
[[0.2024741917848587, 0.2015979140996933, 0.19184556603431702, 0.20205681025981903, 0.20202553272247314]]
[[0.19940800964832306, 0.1988217830657959, 0.20369741320610046, 0.19947631657123566, 0.1985965222120285]]
[[0.20023663341999054, 0.20055516064167023, 0.1984149068593979, 0.2003263682126999, 0.20046685636043549]]
[[0.19875842332839966, 0.19816601276397705, 0.2068193554878235, 0.19967453181743622, 0.1965816468000412]]
[[0.19974061846733093, 0.19953036308288574, 0.2020474225282669, 0.20010387897491455, 0.19857774674892426]]
hyposthese:
6 pieces ; well trimmed ; 10 % dermal fat
reference:
6 pieces , 7x3mm ; largely free of subcutaneous adipose
