[[0.25066450238227844, 0.15512706339359283, 0.1771010011434555, 0.1671331375837326, 0.2499743103981018]]
[[0.26977089047431946, 0.13409025967121124, 0.1441349983215332, 0.13823749125003815, 0.3137663006782532]]
[[0.16482387483119965, 0.22727443277835846, 0.2246367335319519, 0.23022106289863586, 0.15304388105869293]]
[[0.06952234357595444, 0.3092832863330841, 0.2688676118850708, 0.29408738017082214, 0.058239348232746124]]
[[0.21013139188289642, 0.19295960664749146, 0.1941312551498413, 0.19334183633327484, 0.20943588018417358]]
[[0.2084370255470276, 0.19298680126667023, 0.19631321728229523, 0.19385957717895508, 0.20840336382389069]]
[[0.21460996568202972, 0.18565383553504944, 0.18939803540706635, 0.18710173666477203, 0.22323641180992126]]
[[0.20899184048175812, 0.19085004925727844, 0.19491450488567352, 0.19341270625591278, 0.21183088421821594]]
[[0.17034587264060974, 0.22636297345161438, 0.21797586977481842, 0.22531171143054962, 0.16000358760356903]]
[[0.20263460278511047, 0.19773337244987488, 0.19805079698562622, 0.19759123027324677, 0.20398998260498047]]
[[0.20088759064674377, 0.2000589370727539, 0.2000594437122345, 0.20007798075675964, 0.19891603291034698]]
[[0.2058720588684082, 0.19215568900108337, 0.19735361635684967, 0.1942613273859024, 0.21035730838775635]]
hyposthese:
6 pieces , mucosa up to ~1mm , <unk> % thickness
reference:
deep mucosa well preserved ; surface autolyzed . 7x3mm
