[[0.19554053246974945, 0.19841408729553223, 0.20608165860176086, 0.19013267755508423, 0.20983104407787323]]
[[0.19204871356487274, 0.19672420620918274, 0.2106270045042038, 0.20037660002708435, 0.20022355020046234]]
[[0.2098015695810318, 0.20484110713005066, 0.18683692812919617, 0.20522712171077728, 0.19329328835010529]]
[[0.21342988312244415, 0.20714333653450012, 0.1765497773885727, 0.20772652328014374, 0.1951504796743393]]
[[0.19363363087177277, 0.19714419543743134, 0.210484579205513, 0.19674520194530487, 0.2019924372434616]]
[[0.19291536509990692, 0.19680815935134888, 0.21078266203403473, 0.19701345264911652, 0.20248036086559296]]
hyposthese:
4 pieces , no abnormalities
reference:
4 pieces , no abnormalities
