[[0.19317644834518433, 0.19060397148132324, 0.20993465185165405, 0.19397494196891785, 0.2123100310564041]]
[[0.18974855542182922, 0.18822041153907776, 0.2101866453886032, 0.18797679245471954, 0.22386756539344788]]
[[0.2067198008298874, 0.2100641429424286, 0.19144879281520844, 0.20983655750751495, 0.18193073570728302]]
[[0.2128557711839676, 0.22147774696350098, 0.18525207042694092, 0.21865126490592957, 0.16176317632198334]]
[[0.19725413620471954, 0.19624550640583038, 0.2030705064535141, 0.19608940184116364, 0.20734041929244995]]
[[0.19918149709701538, 0.19824355840682983, 0.20115353167057037, 0.1986536830663681, 0.2027677297592163]]
[[0.19906564056873322, 0.19822776317596436, 0.20078136026859283, 0.19858576357364655, 0.20333948731422424]]
hyposthese:
2 pieces , spermatogenesis is present
reference:
2 pieces , spermatogenesis is present
