[[0.1824742704629898, 0.23797744512557983, 0.17310966551303864, 0.20638035237789154, 0.20005829632282257]]
[[0.18086034059524536, 0.24377302825450897, 0.15901827812194824, 0.18767791986465454, 0.22867043316364288]]
[[0.21755528450012207, 0.162798672914505, 0.23149968683719635, 0.19968371093273163, 0.18846262991428375]]
[[0.2320510298013687, 0.14815346896648407, 0.24696479737758636, 0.21480046212673187, 0.15803031623363495]]
[[0.19419287145137787, 0.20684714615345, 0.19630756974220276, 0.19752377271652222, 0.20512863993644714]]
[[0.1926782727241516, 0.212093323469162, 0.19011618196964264, 0.1972789317369461, 0.20783324539661407]]
hyposthese:
2 pieces , no abnormalities
reference:
2 pieces , minimal fibrosis
