[[0.18062090873718262, 0.22852173447608948, 0.19968625903129578, 0.18810954689979553, 0.2030615359544754]]
[[0.14874611794948578, 0.26289424300193787, 0.22091004252433777, 0.15507669746875763, 0.21237294375896454]]
[[0.22459878027439117, 0.16433188319206238, 0.19394797086715698, 0.21811428666114807, 0.1990070939064026]]
[[0.26771092414855957, 0.11984895914793015, 0.17808897793293, 0.2514221668243408, 0.18292897939682007]]
[[0.1931578516960144, 0.20718450844287872, 0.2031019926071167, 0.19475384056568146, 0.20180177688598633]]
[[0.20100466907024384, 0.19639329612255096, 0.2002299278974533, 0.20159772038459778, 0.2007744014263153]]
[[0.18745896220207214, 0.21265457570552826, 0.20716999471187592, 0.1887577474117279, 0.203958660364151]]
[[0.19723203778266907, 0.2043587565422058, 0.20038242638111115, 0.19779951870441437, 0.20022721588611603]]
hyposthese:
6 pieces , atherosis up to ~0.2mm
reference:
6 pieces ; no plaques ; well trimmed
