[[0.2193722426891327, 0.1763814091682434, 0.20362971723079681, 0.2232588231563568, 0.17735780775547028]]
[[0.21533863246440887, 0.18842174112796783, 0.20302312076091766, 0.208315908908844, 0.18490059673786163]]
[[0.1940937489271164, 0.20874141156673431, 0.19692625105381012, 0.19027243554592133, 0.20996612310409546]]
[[0.1686716228723526, 0.2240281105041504, 0.1916312724351883, 0.17623215913772583, 0.23943684995174408]]
[[0.203079491853714, 0.20025314390659332, 0.19954711198806763, 0.20198358595371246, 0.1951366811990738]]
[[0.20586377382278442, 0.19753098487854004, 0.20144951343536377, 0.20488712191581726, 0.1902686506509781]]
[[0.2187884896993637, 0.18727150559425354, 0.2026919573545456, 0.2128918468952179, 0.17835621535778046]]
[[0.18449999392032623, 0.21110714972019196, 0.19616757333278656, 0.19182124733924866, 0.2164040505886078]]
hyposthese:
2 pieces , <unk> & <unk> ;
reference:
2 pieces , ~5 % fascia/vascular tissue , delineated
