[[0.2206954061985016, 0.15574102103710175, 0.21829785406589508, 0.17491601407527924, 0.23034968972206116]]
[[0.20701444149017334, 0.16266581416130066, 0.20691126585006714, 0.18366310000419617, 0.2397453486919403]]
[[0.19512033462524414, 0.2280762940645218, 0.19190631806850433, 0.21116016805171967, 0.1737368106842041]]
[[0.18013349175453186, 0.26434776186943054, 0.17728978395462036, 0.23781755566596985, 0.14041142165660858]]
[[0.2034747451543808, 0.19344425201416016, 0.19998116791248322, 0.19586488604545593, 0.20723490417003632]]
[[0.20379126071929932, 0.19526559114456177, 0.20021341741085052, 0.1954466700553894, 0.2052830159664154]]
[[0.2061508148908615, 0.1824173927307129, 0.20399309694766998, 0.18859609961509705, 0.21884262561798096]]
[[0.18558265268802643, 0.233661487698555, 0.19055578112602234, 0.21752215921878815, 0.17267797887325287]]
[[0.19842080771923065, 0.2043013721704483, 0.19943806529045105, 0.20348739624023438, 0.19435237348079681]]
[[0.20323306322097778, 0.19253896176815033, 0.20362550020217896, 0.19428308308124542, 0.20631936192512512]]
[[0.20331604778766632, 0.1934838593006134, 0.2034873515367508, 0.19594904780387878, 0.2037636935710907]]
hyposthese:
2 pieces , <unk> & <unk> ; good clean specimens
reference:
4 pieces , up to 1mm adherent nubbins of fibrous tissue , delineated
