[[0.21380148828029633, 0.15842431783676147, 0.2075105607509613, 0.1913001388311386, 0.22896341979503632]]
[[0.20596764981746674, 0.15294256806373596, 0.2269928753376007, 0.20415857434272766, 0.20993831753730774]]
[[0.19686314463615417, 0.224130779504776, 0.19538140296936035, 0.19909310340881348, 0.18453152477741241]]
[[0.18379917740821838, 0.2783800959587097, 0.1700313538312912, 0.19550487399101257, 0.17228448390960693]]
[[0.19822204113006592, 0.1963915228843689, 0.2019069939851761, 0.2016523778438568, 0.20182710886001587]]
[[0.19830137491226196, 0.19324712455272675, 0.20215117931365967, 0.2032560408115387, 0.20304426550865173]]
[[0.1987423598766327, 0.19686360657215118, 0.201028972864151, 0.20151808857917786, 0.20184701681137085]]
hyposthese:
6 pieces , confirmed target muscularis
reference:
6 pieces ; well trimmed muscle
