[[0.19817477464675903, 0.23536381125450134, 0.17973025143146515, 0.1998283863067627, 0.18690279126167297]]
[[0.18466049432754517, 0.2647685706615448, 0.17582885921001434, 0.17216403782367706, 0.20257800817489624]]
[[0.2051292061805725, 0.17195551097393036, 0.2133299857378006, 0.20487873256206512, 0.2047065645456314]]
[[0.2125275880098343, 0.13568253815174103, 0.233291894197464, 0.22090774774551392, 0.19759021699428558]]
[[0.1988450586795807, 0.2039051502943039, 0.1973792016506195, 0.19939041137695312, 0.2004801630973816]]
[[0.1990291029214859, 0.20575091242790222, 0.19611118733882904, 0.19911698997020721, 0.19999179244041443]]
[[0.19856302440166473, 0.20609278976917267, 0.19677327573299408, 0.19857139885425568, 0.19999955594539642]]
hyposthese:
6 pieces , confirmed target muscularis
reference:
6 pieces , confirmed target muscularis
