[[0.18167921900749207, 0.22367998957633972, 0.19834928214550018, 0.2206568419933319, 0.17563457787036896]]
[[0.16968314349651337, 0.2353426069021225, 0.18086588382720947, 0.2514440715312958, 0.1626642495393753]]
[[0.2185356467962265, 0.1769174039363861, 0.2065177708864212, 0.17680223286151886, 0.22122694551944733]]
[[0.23850297927856445, 0.15758168697357178, 0.20702415704727173, 0.14618773758411407, 0.2507034242153168]]
[[0.19478389620780945, 0.20441186428070068, 0.19962790608406067, 0.20957334339618683, 0.19160300493240356]]
[[0.1964685469865799, 0.2024575173854828, 0.20009852945804596, 0.20596438646316528, 0.19501103460788727]]
[[0.20588165521621704, 0.19459393620491028, 0.20160171389579773, 0.19197869300842285, 0.20594395697116852]]
[[0.19584819674491882, 0.20305417478084564, 0.2005007117986679, 0.20625673234462738, 0.19434022903442383]]
[[0.20935063064098358, 0.19270217418670654, 0.1978597342967987, 0.18783701956272125, 0.21225044131278992]]
[[0.1984417736530304, 0.20080682635307312, 0.19954654574394226, 0.20331627130508423, 0.19788858294487]]
[[0.19827353954315186, 0.2010277658700943, 0.1994483321905136, 0.20305873453617096, 0.19819170236587524]]
hyposthese:
2 pieces ; patchy emphysema and fibrosis ; patchy emphysema
reference:
2 pieces ; emphysema , fibrosis , edema , hemorrhage , pigmented macrophages
