[[0.20942778885364532, 0.18992817401885986, 0.1826430857181549, 0.20099188387393951, 0.21700914204120636]]
[[0.2092256247997284, 0.1888294816017151, 0.1817294806241989, 0.19874563813209534, 0.22146974503993988]]
[[0.1902914047241211, 0.21185629069805145, 0.2175741046667099, 0.20010647177696228, 0.18017172813415527]]
[[0.18997961282730103, 0.21331675350666046, 0.21984633803367615, 0.19992366433143616, 0.17693370580673218]]
[[0.1999077945947647, 0.19619973003864288, 0.19809502363204956, 0.2009056657552719, 0.20489180088043213]]
[[0.20067141950130463, 0.1986757069826126, 0.19720709323883057, 0.20293480157852173, 0.20051096379756927]]
[[0.20466694235801697, 0.1919393241405487, 0.188552588224411, 0.20046554505825043, 0.2143756002187729]]
[[0.19106343388557434, 0.21064813435077667, 0.21544697880744934, 0.19948436319828033, 0.18335705995559692]]
hyposthese:
2 pieces , <unk> & <unk> ;
reference:
2 <unk> aliquots
