[[0.15976490080356598, 0.2066088765859604, 0.22586879134178162, 0.21892331540584564, 0.18883411586284637]]
[[0.16546213626861572, 0.21184901893138885, 0.22376088798046112, 0.22006262838840485, 0.17886537313461304]]
[[0.21456378698349, 0.20000457763671875, 0.18580980598926544, 0.18838869035243988, 0.21123315393924713]]
[[0.2461022287607193, 0.194664865732193, 0.16333438456058502, 0.16920119524002075, 0.22669737040996552]]
[[0.20084689557552338, 0.197334423661232, 0.20322084426879883, 0.20418891310691833, 0.19440887868404388]]
[[0.19746015965938568, 0.1992761194705963, 0.2016374170780182, 0.20266540348529816, 0.19896090030670166]]
[[0.17485252022743225, 0.20083975791931152, 0.21985356509685516, 0.2162088304758072, 0.18824537098407745]]
[[0.2329767346382141, 0.19236822426319122, 0.18023350834846497, 0.18188674747943878, 0.2125348299741745]]
hyposthese:
2 pieces , <unk> & <unk> ;
reference:
2 pieces ~10x4mm , <unk> badly autolyzed
