[[0.17761754989624023, 0.21556363999843597, 0.2007434368133545, 0.17460858821868896, 0.23146678507328033]]
[[0.16132047772407532, 0.20114637911319733, 0.19796474277973175, 0.1590956598520279, 0.2804727554321289]]
[[0.223280668258667, 0.19136744737625122, 0.20041561126708984, 0.22984890639781952, 0.15508729219436646]]
[[0.2499324530363083, 0.17840225994586945, 0.19436514377593994, 0.2724219262599945, 0.10487819463014603]]
[[0.1967403143644333, 0.20439566671848297, 0.20071014761924744, 0.19280020892620087, 0.20535364747047424]]
[[0.1958402693271637, 0.20379793643951416, 0.20116126537322998, 0.18673336505889893, 0.21246711909770966]]
[[0.19790993630886078, 0.20209957659244537, 0.19898632168769836, 0.19478510320186615, 0.20621910691261292]]
[[0.1944175511598587, 0.20288650691509247, 0.2002464085817337, 0.18964114785194397, 0.21280845999717712]]
[[0.19805139303207397, 0.20183981955051422, 0.19859400391578674, 0.19597366452217102, 0.20554108917713165]]
[[0.21084052324295044, 0.19926021993160248, 0.20045149326324463, 0.21637701988220215, 0.1730707585811615]]
[[0.19930565357208252, 0.20094384253025055, 0.1998312920331955, 0.19799700379371643, 0.201922208070755]]
[[0.1996159702539444, 0.1996944546699524, 0.19958022236824036, 0.1996501088142395, 0.20145931839942932]]
[[0.19706693291664124, 0.2007453292608261, 0.20106562972068787, 0.1938178837299347, 0.2073042243719101]]
hyposthese:
6 pieces , squamous mucosa up to ~0.5mm , <unk> % thickness
reference:
5 pieces ~7x2mm , ~50 % squamous mucosa , minimal muscle
