[[0.18537814915180206, 0.20102228224277496, 0.20756037533283234, 0.2251308560371399, 0.1809084117412567]]
[[0.16446183621883392, 0.2363145798444748, 0.20126023888587952, 0.24739207327365875, 0.15057125687599182]]
[[0.2273113876581192, 0.1838025450706482, 0.1926749348640442, 0.1665322631597519, 0.2296789139509201]]
[[0.2603111267089844, 0.16817396879196167, 0.17603366076946259, 0.13300365209579468, 0.2624776363372803]]
[[0.1923447847366333, 0.20582030713558197, 0.20319394767284393, 0.20742559432983398, 0.1912154108285904]]
[[0.18578895926475525, 0.21005065739154816, 0.20575489103794098, 0.214905247092247, 0.18350030481815338]]
[[0.19318291544914246, 0.2054593563079834, 0.2027263194322586, 0.20591014623641968, 0.19272124767303467]]
[[0.19419577717781067, 0.2041904330253601, 0.20194929838180542, 0.20569372177124023, 0.19397076964378357]]
[[0.20182225108146667, 0.1997154802083969, 0.1993562877178192, 0.19696356356143951, 0.20214241743087769]]
[[0.2064264863729477, 0.19741962850093842, 0.19882725179195404, 0.19078516960144043, 0.20654146373271942]]
[[0.19755910336971283, 0.20176006853580475, 0.200723797082901, 0.20221541821956635, 0.19774162769317627]]
[[0.19717256724834442, 0.20182742178440094, 0.19928252696990967, 0.20461700856685638, 0.19710049033164978]]
hyposthese:
6 pieces , squamous mucosa is <unk> microns , <unk> <unk>
reference:
6 pieces , squamous mucosa sloughing
