[[0.17362123727798462, 0.19260092079639435, 0.2130584716796875, 0.18179403245449066, 0.23892535269260406]]
[[0.15665124356746674, 0.198678120970726, 0.2002553790807724, 0.18102790415287018, 0.2633873522281647]]
[[0.22856323421001434, 0.2035064697265625, 0.19279955327510834, 0.21216103434562683, 0.16296972334384918]]
[[0.2592126429080963, 0.20485731959342957, 0.18962140381336212, 0.22972437739372253, 0.11658430844545364]]
[[0.19644902646541595, 0.1981007307767868, 0.20177936553955078, 0.1951184868812561, 0.20855242013931274]]
[[0.19170503318309784, 0.19738665223121643, 0.2012801617383957, 0.19372478127479553, 0.21590334177017212]]
[[0.19761861860752106, 0.19924582540988922, 0.19975899159908295, 0.19806066155433655, 0.20531585812568665]]
[[0.21088747680187225, 0.20455001294612885, 0.19886913895606995, 0.2094099074602127, 0.17628341913223267]]
[[0.19899845123291016, 0.2002851665019989, 0.20059184730052948, 0.19966448843479156, 0.2004600614309311]]
[[0.19665981829166412, 0.19901405274868011, 0.20121002197265625, 0.1967374086380005, 0.20637871325016022]]
[[0.1998365968465805, 0.19919392466545105, 0.20061087608337402, 0.1985628455877304, 0.2017958015203476]]
hyposthese:
2 pieces , no adherent fat , good clean specimens
reference:
2 pieces ; focal intimal plaque on 1 ; small ( <unk> mm ) medial calcium deposit in each ; well trimmed
