[[0.13303135335445404, 0.15885968506336212, 0.25646817684173584, 0.24701416492462158, 0.2046266347169876]]
[[0.1203913614153862, 0.13942167162895203, 0.3180399537086487, 0.24162350594997406, 0.18052352964878082]]
[[0.23598793148994446, 0.2220178097486496, 0.15486034750938416, 0.18624374270439148, 0.20089015364646912]]
[[0.33128637075424194, 0.2813691794872284, 0.07628251612186432, 0.11434975266456604, 0.1967121958732605]]
[[0.19596439599990845, 0.1930607110261917, 0.21167676150798798, 0.20270301401615143, 0.19659514725208282]]
[[0.2003841996192932, 0.20158050954341888, 0.1937328726053238, 0.20156244933605194, 0.20273999869823456]]
[[0.20786820352077484, 0.20202651619911194, 0.18717727065086365, 0.20062194764614105, 0.2023061066865921]]
[[0.18323811888694763, 0.18434856832027435, 0.22975890338420868, 0.21034562587738037, 0.19230873882770538]]
[[0.19913536310195923, 0.20084881782531738, 0.19697774946689606, 0.20152203738689423, 0.2015160173177719]]
[[0.21478727459907532, 0.21153368055820465, 0.17398995161056519, 0.19565948843955994, 0.20402953028678894]]
[[0.19435709714889526, 0.1961563527584076, 0.20810770988464355, 0.20194752514362335, 0.19943132996559143]]
[[0.1926881968975067, 0.1904670000076294, 0.21831834316253662, 0.20357666909694672, 0.19494977593421936]]
hyposthese:
6 pieces ; glomeruli present in all sections , no <unk>
reference:
6 pieces ; 10 % interstitial scarring
