[[0.2605414390563965, 0.26796525716781616, 0.10574477165937424, 0.25588110089302063, 0.1098673865199089]]
[[0.24276039004325867, 0.24489489197731018, 0.12377303093671799, 0.26276159286499023, 0.12581008672714233]]
[[0.18040364980697632, 0.1705675721168518, 0.23721621930599213, 0.1784145087003708, 0.23339805006980896]]
[[0.09464287757873535, 0.0918089970946312, 0.3630983233451843, 0.09937884658575058, 0.3510710895061493]]
[[0.2081458866596222, 0.2122085690498352, 0.18753701448440552, 0.20448364317417145, 0.18762493133544922]]
[[0.20891273021697998, 0.2112715095281601, 0.18602308630943298, 0.20593513548374176, 0.18785755336284637]]
[[0.21260850131511688, 0.21456527709960938, 0.18127664923667908, 0.20898564159870148, 0.18256384134292603]]
[[0.20757366716861725, 0.2096588909626007, 0.18958666920661926, 0.2029581367969513, 0.19022269546985626]]
[[0.18636839091777802, 0.17807406187057495, 0.22505277395248413, 0.18740729987621307, 0.2230975180864334]]
[[0.20203186571598053, 0.20400968194007874, 0.1965942531824112, 0.20093180239200592, 0.19643236696720123]]
[[0.20099787414073944, 0.20126095414161682, 0.19820283353328705, 0.2013622373342514, 0.19817613065242767]]
[[0.20575322210788727, 0.20482079684734344, 0.19192862510681152, 0.20458054542541504, 0.19291681051254272]]
hyposthese:
6 pieces , mucosa up to ~1mm , <unk> % thickness
reference:
6 pieces ; 4 pieces have full thickness elements with well preserved mucosa ; 2 have no mucosa ( in this section )
