[[0.16307330131530762, 0.2389967441558838, 0.23018528521060944, 0.21140867471694946, 0.15633602440357208]]
[[0.16688498854637146, 0.24313677847385406, 0.2245057076215744, 0.19631242752075195, 0.1691601574420929]]
[[0.2214934378862381, 0.17263224720954895, 0.18386679887771606, 0.19624550640583038, 0.2257619947195053]]
[[0.23115180432796478, 0.155491903424263, 0.17901074886322021, 0.19535277783870697, 0.23899272084236145]]
[[0.195652574300766, 0.20390437543392181, 0.20292073488235474, 0.20259056985378265, 0.1949317753314972]]
[[0.19670753180980682, 0.20084530115127563, 0.20391932129859924, 0.2018396556377411, 0.1966882050037384]]
[[0.1894332319498062, 0.2127591073513031, 0.21055097877979279, 0.19948668777942657, 0.1877700388431549]]
[[0.2243216633796692, 0.17159369587898254, 0.17737723886966705, 0.198003351688385, 0.22870409488677979]]
[[0.2027529925107956, 0.19717839360237122, 0.19759362936019897, 0.19945909082889557, 0.20301595330238342]]
[[0.19754287600517273, 0.201969176530838, 0.20305097103118896, 0.19999177753925323, 0.19744521379470825]]
[[0.19697166979312897, 0.20194421708583832, 0.20365780591964722, 0.20038354396820068, 0.1970428228378296]]
hyposthese:
2 pieces , <unk> & <unk> ; good clean specimen
reference:
2 pieces . <unk> & 2x2mm ; rim of fat ~0.5mm delineated
