[[0.12090242654085159, 0.12844721972942352, 0.2063506841659546, 0.2562401592731476, 0.28805944323539734]]
[[0.11597228050231934, 0.11816081404685974, 0.18075601756572723, 0.2764906883239746, 0.3086201548576355]]
[[0.25941869616508484, 0.2594558298587799, 0.20693691074848175, 0.14825136959552765, 0.12593719363212585]]
[[0.3244423270225525, 0.31947389245033264, 0.19258004426956177, 0.09072864800691605, 0.07277509570121765]]
[[0.1935121864080429, 0.19419850409030914, 0.19888436794281006, 0.20781363546848297, 0.2055913507938385]]
[[0.19360099732875824, 0.19318662583827972, 0.20306594669818878, 0.208246648311615, 0.20189979672431946]]
[[0.16120240092277527, 0.16169703006744385, 0.18883775174617767, 0.23325215280056, 0.2550106644630432]]
[[0.24330128729343414, 0.24283935129642487, 0.2140248864889145, 0.1579619199037552, 0.1418725848197937]]
[[0.20220375061035156, 0.2019728124141693, 0.20274873077869415, 0.19845934212207794, 0.19461536407470703]]
[[0.1931072175502777, 0.19327791035175323, 0.20099776983261108, 0.20574945211410522, 0.20686766505241394]]
[[0.17685739696025848, 0.17736142873764038, 0.19940093159675598, 0.22001196444034576, 0.22636832296848297]]
[[0.21148885786533356, 0.2122209072113037, 0.2077082246541977, 0.19049708545207977, 0.17808490991592407]]
[[0.19711188971996307, 0.19721125066280365, 0.19964493811130524, 0.2022361308336258, 0.20379574596881866]]
[[0.19672313332557678, 0.19651827216148376, 0.19895094633102417, 0.2032138556241989, 0.20459388196468353]]
[[0.19169582426548004, 0.1915903240442276, 0.2003273367881775, 0.20909647643566132, 0.20729003846645355]]
[[0.1917189508676529, 0.19112032651901245, 0.1996689736843109, 0.2084268033504486, 0.20906490087509155]]
hyposthese:
2 pieces , <unk> & <unk> ; <unk> % cortex , <unk> % of specimen
reference:
3 pieces , well preserved cortex and medulla ( delineated ) -- good specimen
