[[0.1457815319299698, 0.18550385534763336, 0.24977847933769226, 0.27068307995796204, 0.14825303852558136]]
[[0.1464529186487198, 0.16994810104370117, 0.24540819227695465, 0.2901499271392822, 0.14804093539714813]]
[[0.23837041854858398, 0.2140207290649414, 0.16565020382404327, 0.1455361396074295, 0.2364225685596466]]
[[0.27792441844940186, 0.21902385354042053, 0.13078618049621582, 0.0988130271434784, 0.2734525203704834]]
[[0.18945595622062683, 0.19407574832439423, 0.20917309820652008, 0.21845081448554993, 0.18884439766407013]]
[[0.21360252797603607, 0.20550437271595, 0.18795278668403625, 0.17951840162277222, 0.21342189610004425]]
[[0.19013524055480957, 0.19489386677742004, 0.20737400650978088, 0.21770797669887543, 0.18988892436027527]]
[[0.22010470926761627, 0.20737987756729126, 0.18125508725643158, 0.17082640528678894, 0.22043393552303314]]
[[0.1922927349805832, 0.1960137039422989, 0.20656970143318176, 0.21303100883960724, 0.19209282100200653]]
[[0.20067383348941803, 0.2009076029062271, 0.20130020380020142, 0.19740812480449677, 0.19971023499965668]]
[[0.19760362803936005, 0.19860750436782837, 0.20120497047901154, 0.2052566111087799, 0.1973273605108261]]
[[0.19728031754493713, 0.19906872510910034, 0.20240886509418488, 0.20391768217086792, 0.19732441008090973]]
hyposthese:
2 pieces ; emphysema , fibrosis , <unk> , <unk> <unk>
reference:
2 pieces , moderate congestion , marked patchy interstitial fibrosis ; emphysematous changes
