[[0.2629818022251129, 0.15955223143100739, 0.14867590367794037, 0.18478627502918243, 0.2440037727355957]]
[[0.2892538607120514, 0.1538730412721634, 0.14580178260803223, 0.16443167626857758, 0.24663957953453064]]
[[0.14175406098365784, 0.23416025936603546, 0.24213798344135284, 0.21935707330703735, 0.1625906080007553]]
[[0.10488662123680115, 0.2588557004928589, 0.2791099548339844, 0.22441308200359344, 0.13273467123508453]]
[[0.2067427784204483, 0.1963556557893753, 0.194788858294487, 0.1975264847278595, 0.2045862227678299]]
[[0.20770655572414398, 0.1954878866672516, 0.1925145983695984, 0.1976853460073471, 0.2066056877374649]]
hyposthese:
2 pieces , moderate congestion
reference:
2 pieces ; emphysema
