[[0.22385282814502716, 0.2083728164434433, 0.2457173615694046, 0.23844581842422485, 0.08361110836267471]]
[[0.21534298360347748, 0.207838773727417, 0.2473728060722351, 0.20746105909347534, 0.12198445945978165]]
[[0.18624699115753174, 0.19668902456760406, 0.16299845278263092, 0.17624257504940033, 0.27782291173934937]]
[[0.16379080712795258, 0.17450661957263947, 0.12595541775226593, 0.15105479955673218, 0.38469231128692627]]
[[0.20559772849082947, 0.1961897611618042, 0.2116609364748001, 0.20322108268737793, 0.1833304762840271]]
[[0.20736455917358398, 0.1999341994524002, 0.21068871021270752, 0.2010037899017334, 0.1810086965560913]]
[[0.21831175684928894, 0.20294824242591858, 0.24399572610855103, 0.21450480818748474, 0.1202395111322403]]
[[0.17813673615455627, 0.18881386518478394, 0.14887651801109314, 0.1793815940618515, 0.30479130148887634]]
[[0.19714057445526123, 0.20020878314971924, 0.1939133107662201, 0.1964699625968933, 0.21226736903190613]]
[[0.19910697638988495, 0.20003463327884674, 0.19875842332839966, 0.1965065747499466, 0.20559334754943848]]
[[0.20223870873451233, 0.19758978486061096, 0.20765332877635956, 0.20145273208618164, 0.19106543064117432]]
[[0.2010403424501419, 0.20291626453399658, 0.19813652336597443, 0.20067739486694336, 0.19722947478294373]]
[[0.20602022111415863, 0.20171840488910675, 0.2094377726316452, 0.2037970870733261, 0.17902645468711853]]
[[0.20143358409404755, 0.20137864351272583, 0.19798193871974945, 0.20126378536224365, 0.1979421079158783]]
[[0.2005293369293213, 0.20050305128097534, 0.20032043755054474, 0.2009962946176529, 0.19765089452266693]]
hyposthese:
2 pieces , <unk> & <unk> ; <unk> , <unk> % <unk> , delineated
reference:
2 pieces ~9x6mm . one is post menopausal cortex and medulla , the other is all medullary elements ( <unk> <unk> ) , encircled
