[[0.24441169202327728, 0.21793638169765472, 0.17186401784420013, 0.16505195200443268, 0.2007358968257904]]
[[0.3166363835334778, 0.2601829767227173, 0.13375619053840637, 0.12473531812429428, 0.1646891087293625]]
[[0.15468648076057434, 0.184339240193367, 0.2239159494638443, 0.22435340285301208, 0.21270497143268585]]
[[0.06688384711742401, 0.11193252354860306, 0.2974171042442322, 0.3025439381599426, 0.22122253477573395]]
[[0.20546039938926697, 0.203907772898674, 0.19677993655204773, 0.19616377353668213, 0.19768810272216797]]
[[0.2028319388628006, 0.20319801568984985, 0.19867995381355286, 0.19641174376010895, 0.19887834787368774]]
[[0.21782179176807404, 0.20992664992809296, 0.1898971050977707, 0.1876538097858429, 0.19470061361789703]]
[[0.20822416245937347, 0.20351839065551758, 0.19603271782398224, 0.19431863725185394, 0.19790612161159515]]
[[0.1608484983444214, 0.1838490068912506, 0.22491738200187683, 0.2288978397846222, 0.201487198472023]]
[[0.20250950753688812, 0.20128047466278076, 0.19879649579524994, 0.19846126437187195, 0.1989523470401764]]
[[0.1995854377746582, 0.2012588232755661, 0.19989654421806335, 0.1997697651386261, 0.19948941469192505]]
[[0.20929569005966187, 0.20406846702098846, 0.1942151039838791, 0.19178326427936554, 0.20063747465610504]]
hyposthese:
6 pieces , mucosa up to ~1mm , <unk> % thickness
reference:
6 pieces , mucosa well-preserved , good specimens , up to ~0.8mm , <unk> % of thickness
