[[0.17844948172569275, 0.2261749804019928, 0.23060151934623718, 0.21210969984531403, 0.15266436338424683]]
[[0.18487437069416046, 0.2540373206138611, 0.19983476400375366, 0.214268758893013, 0.14698480069637299]]
[[0.21071170270442963, 0.17596295475959778, 0.18744875490665436, 0.19130679965019226, 0.23456978797912598]]
[[0.23266468942165375, 0.13618016242980957, 0.17803741991519928, 0.16936154663562775, 0.2837562561035156]]
[[0.19835898280143738, 0.20229806005954742, 0.20104733109474182, 0.20763856172561646, 0.1906570941209793]]
[[0.19350261986255646, 0.2133544683456421, 0.20549428462982178, 0.2088671326637268, 0.17878150939941406]]
hyposthese:
2 pieces , no abnormalities
reference:
2 pieces ; 5 % to 20 % internal fat
