[[0.13710466027259827, 0.23498165607452393, 0.13655397295951843, 0.27393174171447754, 0.21742795407772064]]
[[0.14609144628047943, 0.2566275894641876, 0.15344847738742828, 0.2281196415424347, 0.2157127857208252]]
[[0.23969347774982452, 0.16493724286556244, 0.23895780742168427, 0.1688746213912964, 0.18753689527511597]]
[[0.2773449420928955, 0.13752105832099915, 0.2767737805843353, 0.1419103741645813, 0.16644985973834991]]
[[0.1970902532339096, 0.20384661853313446, 0.19797644019126892, 0.20042668282985687, 0.20065999031066895]]
[[0.19478406012058258, 0.20418162643909454, 0.1953738033771515, 0.203353613615036, 0.202306866645813]]
[[0.2041502296924591, 0.1940472573041916, 0.20356109738349915, 0.19471362233161926, 0.2035277783870697]]
[[0.1992683708667755, 0.2020380049943924, 0.19906318187713623, 0.19957131147384644, 0.20005908608436584]]
[[0.20013310015201569, 0.20006558299064636, 0.19975587725639343, 0.19995197653770447, 0.20009343326091766]]
[[0.19761882722377777, 0.2021724134683609, 0.19733740389347076, 0.20246870815753937, 0.2004026174545288]]
[[0.1996930092573166, 0.20012442767620087, 0.19968074560165405, 0.2000700980424881, 0.2004317194223404]]
[[0.19924964010715485, 0.20083993673324585, 0.19902700185775757, 0.20039284229278564, 0.2004905641078949]]
[[0.19416677951812744, 0.20352084934711456, 0.19432078301906586, 0.2092294543981552, 0.19876216351985931]]
hyposthese:
2 pieces , well preserved , islets well visualized , rep encircled
reference:
2 pieces
