[[0.18540173768997192, 0.21729114651679993, 0.1977165937423706, 0.20189246535301208, 0.19769808650016785]]
[[0.16037845611572266, 0.2753637731075287, 0.17997696995735168, 0.21118125319480896, 0.1730996072292328]]
[[0.21907757222652435, 0.1641891449689865, 0.20815178751945496, 0.1989223062992096, 0.2096591740846634]]
[[0.2518007159233093, 0.11552422493696213, 0.21914954483509064, 0.18603335320949554, 0.22749218344688416]]
[[0.19535401463508606, 0.21025995910167694, 0.196437805891037, 0.20032468438148499, 0.19762355089187622]]
[[0.20151947438716888, 0.19483588635921478, 0.2015281617641449, 0.20029832422733307, 0.2018180936574936]]
[[0.1900128275156021, 0.22021757066249847, 0.19320927560329437, 0.20160144567489624, 0.1949588805437088]]
[[0.1976640224456787, 0.2052449882030487, 0.19806885719299316, 0.1997574120759964, 0.1992647498846054]]
hyposthese:
6 pieces , atherosis up to ~1mm
reference:
6 pieces . <unk> . no fatty deposits . sparse adherent stroma
