[[0.20511503517627716, 0.19542282819747925, 0.20448578894138336, 0.14498452842235565, 0.24999180436134338]]
[[0.20934855937957764, 0.20102281868457794, 0.21682493388652802, 0.1365230232477188, 0.2362806648015976]]
[[0.19195814430713654, 0.19755768775939941, 0.19233626127243042, 0.24312034249305725, 0.1750274896621704]]
[[0.1957184225320816, 0.19425515830516815, 0.18837431073188782, 0.2720136344432831, 0.14963848888874054]]
[[0.20089901983737946, 0.20067116618156433, 0.20302006602287292, 0.18964554369449615, 0.20576421916484833]]
[[0.1986629068851471, 0.20154613256454468, 0.20259329676628113, 0.18474271893501282, 0.2124549150466919]]
[[0.2001914381980896, 0.20020563900470734, 0.2009284496307373, 0.19756492972373962, 0.20110948383808136]]
hyposthese:
2 pieces , minimal fascia/vascular elements
reference:
2 pieces , minimal fibrous or vascular tissue , <unk> specimens
