[[0.20876717567443848, 0.20917990803718567, 0.2044433057308197, 0.17956584692001343, 0.19804376363754272]]
[[0.2029019296169281, 0.23278188705444336, 0.20149961113929749, 0.17491185665130615, 0.18790468573570251]]
[[0.19353556632995605, 0.17130132019519806, 0.2001739740371704, 0.22784362733364105, 0.20714552700519562]]
[[0.19556477665901184, 0.17089113593101501, 0.19722214341163635, 0.22392520308494568, 0.21239672601222992]]
[[0.2012859433889389, 0.21021431684494019, 0.19814273715019226, 0.19167153537273407, 0.19868546724319458]]
[[0.20182180404663086, 0.21213077008724213, 0.2001599371433258, 0.18944832682609558, 0.19643917679786682]]
hyposthese:
2 pieces , no abnormalities
reference:
2 pieces , no abnormalities
