[[0.21532028913497925, 0.22539496421813965, 0.17439410090446472, 0.13925465941429138, 0.24563603103160858]]
[[0.22316677868366241, 0.21211327612400055, 0.182185560464859, 0.1635684370994568, 0.21896597743034363]]
[[0.18465939164161682, 0.18555226922035217, 0.2160138338804245, 0.23870272934436798, 0.17507179081439972]]
[[0.16749601066112518, 0.17174899578094482, 0.228447824716568, 0.28211158514022827, 0.15019561350345612]]
[[0.20238816738128662, 0.2028449922800064, 0.19675052165985107, 0.19280213117599487, 0.20521415770053864]]
[[0.20263080298900604, 0.20617777109146118, 0.19562803208827972, 0.1889597773551941, 0.20660358667373657]]
[[0.20407819747924805, 0.21289554238319397, 0.1899663805961609, 0.1774383932352066, 0.21562141180038452]]
[[0.1876533031463623, 0.18132048845291138, 0.2112313210964203, 0.23807919025421143, 0.181715726852417]]
[[0.19815070927143097, 0.19550664722919464, 0.2038673311471939, 0.20676997303962708, 0.1957053244113922]]
[[0.2018245905637741, 0.2049405872821808, 0.19648130238056183, 0.19105318188667297, 0.2057003378868103]]
[[0.20083872973918915, 0.2017585039138794, 0.2000008523464203, 0.19404824078083038, 0.2033536434173584]]
hyposthese:
2 pieces , <unk> & <unk> ; good clean specimens
reference:
2 pieces ; <unk> sclerotic plaque on 1 ; 30 % & 10 % external fat
