[[0.2058863639831543, 0.1874770075082779, 0.1973520964384079, 0.20865502953529358, 0.20062953233718872]]
[[0.2033308446407318, 0.18702155351638794, 0.19112765789031982, 0.2155618816614151, 0.2029581367969513]]
[[0.19396984577178955, 0.2117493450641632, 0.204093337059021, 0.19016684591770172, 0.20002056658267975]]
[[0.19121578335762024, 0.21204331517219543, 0.2052893191576004, 0.1909501999616623, 0.2005014419555664]]
[[0.19970998167991638, 0.2001875936985016, 0.19896548986434937, 0.20109178125858307, 0.20004507899284363]]
[[0.20026683807373047, 0.20026977360248566, 0.20005638897418976, 0.19966788589954376, 0.19973914325237274]]
[[0.2018917351961136, 0.198655903339386, 0.19831092655658722, 0.20080392062664032, 0.20033755898475647]]
[[0.2009846419095993, 0.1993667483329773, 0.19952209293842316, 0.20010250806808472, 0.20002402365207672]]
[[0.199605330824852, 0.20014159381389618, 0.20063169300556183, 0.19968847930431366, 0.19993293285369873]]
[[0.20020920038223267, 0.20029787719249725, 0.200069397687912, 0.19967776536941528, 0.199745774269104]]
[[0.2007129043340683, 0.19942650198936462, 0.1996690183877945, 0.20018823444843292, 0.20000329613685608]]
hyposthese:
2 pieces , ~10 % interstitial fat , rep delineated
reference:
2 pieces 12x8 & 9x7 mm ; ~25 % internal and external adipose
