[[0.19031299650669098, 0.17910727858543396, 0.20549027621746063, 0.2131277620792389, 0.2119617462158203]]
[[0.17775529623031616, 0.16658419370651245, 0.18223819136619568, 0.25624334812164307, 0.21717894077301025]]
[[0.21315087378025055, 0.22117392718791962, 0.20487703382968903, 0.17561687529087067, 0.18518127501010895]]
[[0.2280927449464798, 0.239168182015419, 0.21242932975292206, 0.1496647745370865, 0.17064502835273743]]
[[0.19683068990707397, 0.19553892314434052, 0.19748491048812866, 0.203208327293396, 0.20693707466125488]]
[[0.19393981993198395, 0.19056424498558044, 0.19890163838863373, 0.20996703207492828, 0.20662721991539001]]
hyposthese:
2 pieces , no abnormalities
reference:
2 pieces
