[[0.21320001780986786, 0.18601813912391663, 0.20510931313037872, 0.19207462668418884, 0.20359788835048676]]
[[0.24945823848247528, 0.1519535481929779, 0.20813149213790894, 0.1865774691104889, 0.20387916266918182]]
[[0.18516533076763153, 0.2142154574394226, 0.19705437123775482, 0.20484212040901184, 0.19872266054153442]]
[[0.1478477418422699, 0.25116726756095886, 0.19149897992610931, 0.212801992893219, 0.19668403267860413]]
[[0.20404566824436188, 0.19678354263305664, 0.2009633332490921, 0.19784249365329742, 0.20036494731903076]]
[[0.2110816091299057, 0.1892038881778717, 0.20399311184883118, 0.19263438880443573, 0.2030869424343109]]
[[0.20893190801143646, 0.19066168367862701, 0.2040981650352478, 0.19348207116127014, 0.20282618701457977]]
[[0.17405058443546295, 0.23436029255390167, 0.1904773861169815, 0.20693902671337128, 0.1941727250814438]]
[[0.20164471864700317, 0.19837377965450287, 0.20037269592285156, 0.1993531882762909, 0.20025566220283508]]
[[0.201703742146492, 0.1977950930595398, 0.2012733370065689, 0.1979748010635376, 0.2012529969215393]]
[[0.2004593312740326, 0.19871312379837036, 0.2011995166540146, 0.1991044282913208, 0.20052362978458405]]
[[0.2012469619512558, 0.1984715610742569, 0.20080162584781647, 0.19914433360099792, 0.2003355473279953]]
[[0.2024894803762436, 0.19685930013656616, 0.201480433344841, 0.197714701294899, 0.2014560103416443]]
[[0.20187386870384216, 0.19675607979297638, 0.2018262892961502, 0.1981092095375061, 0.20143458247184753]]
[[0.1949489265680313, 0.20296837389469147, 0.2000202089548111, 0.20165669918060303, 0.2004057765007019]]
[[0.19881072640419006, 0.2006431221961975, 0.20019134879112244, 0.20010815560817719, 0.2002466470003128]]
hyposthese:
6 pieces , up to 8x3mm ; subcutaneous adipose is up to 1 mm thick
reference:
6 pieces , include 5-10 % attached and internal adipose tissue , squamous epithelium is <unk> microns thick
