[[0.1883242279291153, 0.19099745154380798, 0.2171458750963211, 0.1782854199409485, 0.2252470701932907]]
[[0.20583407580852509, 0.1975509375333786, 0.19918841123580933, 0.18700025975704193, 0.21042636036872864]]
[[0.2050948441028595, 0.20453724265098572, 0.19022832810878754, 0.2152189314365387, 0.18492059409618378]]
[[0.20301099121570587, 0.21338512003421783, 0.19302967190742493, 0.21124663949012756, 0.17932748794555664]]
[[0.20042651891708374, 0.19847381114959717, 0.19888944923877716, 0.20123831927776337, 0.20097187161445618]]
[[0.19996069371700287, 0.19600990414619446, 0.2003980427980423, 0.20145680010318756, 0.202174574136734]]
[[0.20089900493621826, 0.20029087364673615, 0.19945763051509857, 0.20060399174690247, 0.19874852895736694]]
hyposthese:
2 pieces , minimal fascia/vascular elements
reference:
2 pieces , 10 % interstitial fibrous tissue
