[[0.20839466154575348, 0.15132316946983337, 0.22211208939552307, 0.17207440733909607, 0.246095672249794]]
[[0.21697813272476196, 0.17173612117767334, 0.21325303614139557, 0.17886552214622498, 0.21916712820529938]]
[[0.18425941467285156, 0.24545438587665558, 0.1859281361103058, 0.21933259069919586, 0.165025532245636]]
[[0.18050949275493622, 0.2639361619949341, 0.16170772910118103, 0.23743920028209686, 0.1564074456691742]]
[[0.20211094617843628, 0.194685697555542, 0.2019965946674347, 0.19365307688713074, 0.20755372941493988]]
[[0.20385093986988068, 0.18856734037399292, 0.2064809799194336, 0.19173723459243774, 0.20936350524425507]]
[[0.2011071741580963, 0.19728298485279083, 0.20378394424915314, 0.19720399379730225, 0.20062191784381866]]
hyposthese:
2 pieces , minimal ischemic changes
reference:
2 pieces , no significant interstitial fibrosis/chronic ischemic changes
