[[0.20194697380065918, 0.19789715111255646, 0.1877458393573761, 0.19824516773223877, 0.2141648232936859]]
[[0.20081785321235657, 0.2021818459033966, 0.1935945451259613, 0.1953415870666504, 0.20806415379047394]]
[[0.19666680693626404, 0.1996496617794037, 0.21178306639194489, 0.20530164241790771, 0.18659883737564087]]
[[0.19785256683826447, 0.2045350819826126, 0.212411031126976, 0.20679587125778198, 0.17840547859668732]]
[[0.2015768587589264, 0.20000971853733063, 0.19413354992866516, 0.19568341970443726, 0.20859649777412415]]
[[0.20210407674312592, 0.1987789273262024, 0.19406132400035858, 0.1951349973678589, 0.20992067456245422]]
hyposthese:
4 pieces , no abnormalities
reference:
4 pieces
