[[0.19188763201236725, 0.22088468074798584, 0.197806254029274, 0.1924198716878891, 0.19700154662132263]]
[[0.17984208464622498, 0.3116456866264343, 0.1917356699705124, 0.16457654535770416, 0.15220005810260773]]
[[0.20594695210456848, 0.16352161765098572, 0.20211036503314972, 0.2149357795715332, 0.21348534524440765]]
[[0.21302130818367004, 0.10696978121995926, 0.19941920042037964, 0.23958705365657806, 0.24100258946418762]]
[[0.19920332729816437, 0.20880773663520813, 0.20041346549987793, 0.19577914476394653, 0.19579637050628662]]
[[0.1983322650194168, 0.2086075395345688, 0.19991545379161835, 0.1961490362882614, 0.19699573516845703]]
[[0.20392179489135742, 0.18308043479919434, 0.20228064060211182, 0.2050880491733551, 0.20562903583049774]]
[[0.1990300416946411, 0.20617373287677765, 0.20025591552257538, 0.1972188800573349, 0.19732138514518738]]
[[0.20180083811283112, 0.19153040647506714, 0.20180962979793549, 0.20218129456043243, 0.2026778608560562]]
[[0.19873814284801483, 0.20939607918262482, 0.20114324986934662, 0.19525963068008423, 0.19546282291412354]]
[[0.19967752695083618, 0.203766331076622, 0.20072266459465027, 0.19785398244857788, 0.19797950983047485]]
hyposthese:
6 pieces ; well trimmed ; 10 % dermal fat
reference:
6 pieces , each with attached adipose tissue from 20-50 % , squamous epithelium measures 30-50 microns thick
