[[0.18898428976535797, 0.19547289609909058, 0.2070266753435135, 0.2100522518157959, 0.19846396148204803]]
[[0.18041059374809265, 0.17871098220348358, 0.22645780444145203, 0.23237404227256775, 0.18204651772975922]]
[[0.21274502575397491, 0.21053633093833923, 0.18840813636779785, 0.18354643881320953, 0.20476402342319489]]
[[0.22131487727165222, 0.22181390225887299, 0.18154405057430267, 0.16087889671325684, 0.2144482284784317]]
[[0.1962633728981018, 0.19766364991664886, 0.20055197179317474, 0.20540063083171844, 0.20012041926383972]]
[[0.19384357333183289, 0.194719135761261, 0.20565550029277802, 0.20873919129371643, 0.1970425695180893]]
hyposthese:
2 pieces , no abnormalities
reference:
2 pieces , both ~40 % fat , myocyte hypertrophy
