[[0.12979938089847565, 0.1488281935453415, 0.13139450550079346, 0.2898356020450592, 0.3001423180103302]]
[[0.12569445371627808, 0.1319134682416916, 0.12427865713834763, 0.31160441040992737, 0.3065090477466583]]
[[0.25213584303855896, 0.24513544142246246, 0.25286558270454407, 0.12527191638946533, 0.12459122389554977]]
[[0.2915065884590149, 0.27850785851478577, 0.29589328169822693, 0.06435925513505936, 0.06973297894001007]]
[[0.1975426822900772, 0.19707779586315155, 0.1968344897031784, 0.20551802217960358, 0.20302703976631165]]
[[0.1988038569688797, 0.20001274347305298, 0.19814005494117737, 0.20304995775222778, 0.1999933421611786]]
[[0.16609328985214233, 0.1687113642692566, 0.16473791003227234, 0.2537822425365448, 0.24667522311210632]]
[[0.24161522090435028, 0.23746366798877716, 0.24121659994125366, 0.13619370758533478, 0.1435108631849289]]
[[0.20303459465503693, 0.20317040383815765, 0.20276035368442535, 0.19502288103103638, 0.1960117518901825]]
[[0.19372542202472687, 0.19542965292930603, 0.19310297071933746, 0.2099256068468094, 0.20781634747982025]]
[[0.21399803459644318, 0.21396176517009735, 0.21390874683856964, 0.17766039073467255, 0.1804710328578949]]
[[0.1963472068309784, 0.19655939936637878, 0.19630062580108643, 0.20663930475711823, 0.20415344834327698]]
[[0.197318434715271, 0.1976034790277481, 0.19720159471035004, 0.20498688519001007, 0.2028895616531372]]
[[0.1927981674671173, 0.19400222599506378, 0.19214391708374023, 0.21252158284187317, 0.20853404700756073]]
[[0.19162729382514954, 0.19395677745342255, 0.19090111553668976, 0.21249331533908844, 0.21102149784564972]]
hyposthese:
2 pieces , <unk> & <unk> ; all cortex , <unk> % of specimen
reference:
2 pieces . moderate medullary hyperplasia
