[[0.18737348914146423, 0.20903189480304718, 0.21358560025691986, 0.19371634721755981, 0.19629265367984772]]
[[0.17572121322155, 0.20183782279491425, 0.24938929080963135, 0.18164648115634918, 0.1914052665233612]]
[[0.219400092959404, 0.1941956728696823, 0.16526980698108673, 0.2146175503730774, 0.206516832113266]]
[[0.2273760885000229, 0.19188641011714935, 0.1567211002111435, 0.21661518514156342, 0.20740115642547607]]
[[0.19620463252067566, 0.2009740173816681, 0.20463493466377258, 0.1976039707660675, 0.20058244466781616]]
[[0.19971494376659393, 0.19984231889247894, 0.20044316351413727, 0.20004236698150635, 0.19995717704296112]]
[[0.19637246429920197, 0.20170986652374268, 0.20291019976139069, 0.19818958640098572, 0.20081786811351776]]
[[0.1987280547618866, 0.20061086118221283, 0.20150545239448547, 0.1993187665939331, 0.1998368501663208]]
[[0.201358363032341, 0.19999192655086517, 0.19778293371200562, 0.20079776644706726, 0.20006898045539856]]
[[0.19946454465389252, 0.20041699707508087, 0.20001333951950073, 0.19998767971992493, 0.20011745393276215]]
[[0.19835858047008514, 0.1992359608411789, 0.20538166165351868, 0.1985110193490982, 0.19851277768611908]]
hyposthese:
2 pieces , ~10 % interstitial fat , rep delineated
reference:
2 pieces ; 5 % internal fat
