[[0.20937426388263702, 0.2275262326002121, 0.10653321444988251, 0.2336128056049347, 0.2229534536600113]]
[[0.20641809701919556, 0.2156340330839157, 0.11241503804922104, 0.247562974691391, 0.21796979010105133]]
[[0.19504623115062714, 0.1845686137676239, 0.2744581401348114, 0.1648695468902588, 0.18105746805667877]]
[[0.1736786812543869, 0.15641415119171143, 0.39814549684524536, 0.1226690262556076, 0.1490926593542099]]
[[0.20242224633693695, 0.20310446619987488, 0.18669937551021576, 0.20112283527851105, 0.20665113627910614]]
[[0.20380839705467224, 0.2060256153345108, 0.1702054738998413, 0.21193239092826843, 0.20802807807922363]]
[[0.2015543133020401, 0.20245638489723206, 0.18542540073394775, 0.20608045160770416, 0.20448344945907593]]
[[0.20025090873241425, 0.20201167464256287, 0.18861594796180725, 0.20611883699893951, 0.20300263166427612]]
[[0.20052620768547058, 0.20014217495918274, 0.20056529343128204, 0.19932305812835693, 0.1994432806968689]]
[[0.20001009106636047, 0.20180565118789673, 0.18504327535629272, 0.20951302349567413, 0.20362800359725952]]
hyposthese:
6 pieces , squamous mucosa is <unk> % thickness
reference:
6 pieces , up to 12x5mm . 1 with minimal epithelium .
