[[0.20089168846607208, 0.19950170814990997, 0.2045576423406601, 0.17735041677951813, 0.21769855916500092]]
[[0.20819132030010223, 0.22038644552230835, 0.19242927432060242, 0.19261214137077332, 0.1863807588815689]]
[[0.19842717051506042, 0.1945594847202301, 0.20062842965126038, 0.20658040046691895, 0.19980454444885254]]
[[0.19202789664268494, 0.18669594824314117, 0.20099923014640808, 0.22145508229732513, 0.19882188737392426]]
[[0.20044392347335815, 0.20230638980865479, 0.19936597347259521, 0.19894394278526306, 0.1989397555589676]]
[[0.20032283663749695, 0.2008005529642105, 0.19989407062530518, 0.19865193963050842, 0.20033055543899536]]
[[0.19974280893802643, 0.19873923063278198, 0.2004520744085312, 0.2005082219839096, 0.2005576640367508]]
[[0.20014652609825134, 0.20077212154865265, 0.20022164285182953, 0.19952814280986786, 0.19933155179023743]]
[[0.1994032859802246, 0.1991964727640152, 0.2001105099916458, 0.20089681446552277, 0.200392946600914]]
[[0.2006647288799286, 0.20239508152008057, 0.19926710426807404, 0.19845518469810486, 0.19921793043613434]]
[[0.20061974227428436, 0.2008029818534851, 0.20032866299152374, 0.19869521260261536, 0.19955340027809143]]
hyposthese:
6 pieces ; well trimmed ; 10 % dermal fat
reference:
6 pieces ; well trimmed , but with 10 % intradermal fat
