[[0.1799180954694748, 0.19555318355560303, 0.22706712782382965, 0.17962493002414703, 0.2178366631269455]]
[[0.18525077402591705, 0.19063597917556763, 0.20557239651679993, 0.19293203949928284, 0.22560879588127136]]
[[0.21919628977775574, 0.20705822110176086, 0.19145824015140533, 0.20622508227825165, 0.17606215178966522]]
[[0.23006747663021088, 0.2179144024848938, 0.17565768957138062, 0.2145063877105713, 0.16185402870178223]]
[[0.19343025982379913, 0.1989879459142685, 0.19598519802093506, 0.2023572474718094, 0.2092393934726715]]
[[0.18857404589653015, 0.19493846595287323, 0.20077550411224365, 0.2003929316997528, 0.21531909704208374]]
hyposthese:
4 pieces , no abnormalities
reference:
4 pieces , purkinje layer with minimal hypoxic change
