[[0.16933532059192657, 0.19378359615802765, 0.17537489533424377, 0.2297140657901764, 0.23179207742214203]]
[[0.1685059368610382, 0.17861244082450867, 0.1705625057220459, 0.23841756582260132, 0.2439015656709671]]
[[0.22264161705970764, 0.20721463859081268, 0.21834634244441986, 0.17819063365459442, 0.17360679805278778]]
[[0.23476232588291168, 0.2114584892988205, 0.2302740514278412, 0.16354355216026306, 0.1599615216255188]]
[[0.19620904326438904, 0.19863343238830566, 0.19738134741783142, 0.20500633120536804, 0.2027699053287506]]
[[0.19662286341190338, 0.19980840384960175, 0.1975819319486618, 0.20376239717006683, 0.20222441852092743]]
[[0.18418525159358978, 0.1906336396932602, 0.18494395911693573, 0.22101452946662903, 0.21922266483306885]]
[[0.22717063128948212, 0.2084137350320816, 0.2240332067012787, 0.17178702354431152, 0.1685953289270401]]
[[0.20301802456378937, 0.20075957477092743, 0.20208102464675903, 0.19770775735378265, 0.1964336335659027]]
hyposthese:
2 pieces , <unk> & <unk> ; spermatogenesis
reference:
2 pieces , <unk> & <unk> mm ; spermatogenesis
