[[0.1518644243478775, 0.1564924269914627, 0.1576170176267624, 0.3355894088745117, 0.1984366476535797]]
[[0.15091286599636078, 0.15487965941429138, 0.15302394330501556, 0.35724183917045593, 0.18394170701503754]]
[[0.23422007262706757, 0.22894354164600372, 0.22772596776485443, 0.10655729472637177, 0.20255309343338013]]
[[0.25542157888412476, 0.24923618137836456, 0.2452947199344635, 0.05647049471735954, 0.19357703626155853]]
[[0.1967027485370636, 0.19728706777095795, 0.19759505987167358, 0.20975548028945923, 0.19865962862968445]]
[[0.19627316296100616, 0.19671174883842468, 0.19679215550422668, 0.20971433818340302, 0.20050860941410065]]
[[0.2070230394601822, 0.20800822973251343, 0.20771524310112, 0.16826914250850677, 0.20898425579071045]]
[[0.1976742148399353, 0.19777177274227142, 0.198026642203331, 0.2073337286710739, 0.19919367134571075]]
[[0.2006308138370514, 0.20079870522022247, 0.20103095471858978, 0.1963750272989273, 0.20116451382637024]]
[[0.19764970242977142, 0.19793985784053802, 0.19825178384780884, 0.20688244700431824, 0.1992761790752411]]
[[0.20392264425754547, 0.20414583384990692, 0.20413736999034882, 0.18341459333896637, 0.20437955856323242]]
[[0.19826866686344147, 0.19853392243385315, 0.19882945716381073, 0.20455366373062134, 0.1998143047094345]]
[[0.19366425275802612, 0.1940935105085373, 0.19445358216762543, 0.2218237817287445, 0.19596490263938904]]
hyposthese:
2 pieces , well preserved , islets well visualized , rep encircled
reference:
2 pieces , islets well preserved , rep. delineated
