[[0.19739381968975067, 0.19938983023166656, 0.1854625642299652, 0.1585703045129776, 0.25918349623680115]]
[[0.18579185009002686, 0.19332998991012573, 0.18328922986984253, 0.15289883315563202, 0.28469008207321167]]
[[0.20351386070251465, 0.20109538733959198, 0.21124404668807983, 0.23918308317661285, 0.14496354758739471]]
[[0.21630406379699707, 0.20617201924324036, 0.2247997224330902, 0.2624611258506775, 0.09026303142309189]]
[[0.19878852367401123, 0.1973845660686493, 0.19493739306926727, 0.18956758081912994, 0.21932189166545868]]
[[0.193820521235466, 0.19484135508537292, 0.19090783596038818, 0.1880669742822647, 0.23236322402954102]]
hyposthese:
2 pieces , no abnormalities
reference:
2 pieces , 10x10 & 11x7mm ;
