[[0.17758308351039886, 0.24614806473255157, 0.17630715668201447, 0.19425782561302185, 0.2057037502527237]]
[[0.18433718383312225, 0.2513737380504608, 0.18298383057117462, 0.18476273119449615, 0.19654254615306854]]
[[0.2178993970155716, 0.16361398994922638, 0.2195959836244583, 0.20738406479358673, 0.19150657951831818]]
[[0.23148787021636963, 0.12500707805156708, 0.23499315977096558, 0.21436679363250732, 0.19414512813091278]]
[[0.19198784232139587, 0.21566398441791534, 0.19151997566223145, 0.19567003846168518, 0.20515821874141693]]
[[0.19112485647201538, 0.22245293855667114, 0.1911201924085617, 0.19134031236171722, 0.20396170020103455]]
hyposthese:
4 pieces , no abnormalities
reference:
4 pieces ; autolysis varies from piece to piece , 1 to 3
