[[0.20287860929965973, 0.14466224610805511, 0.21678489446640015, 0.23195426166057587, 0.20372000336647034]]
[[0.1990077793598175, 0.15365460515022278, 0.2218271940946579, 0.22940026223659515, 0.19611011445522308]]
[[0.19739602506160736, 0.2341722995042801, 0.1881016492843628, 0.18079715967178345, 0.19953285157680511]]
[[0.19005097448825836, 0.2941795289516449, 0.1710747480392456, 0.1546405404806137, 0.19005423784255981]]
[[0.19749875366687775, 0.19414588809013367, 0.19966863095760345, 0.20697565376758575, 0.20171113312244415]]
[[0.19791942834854126, 0.19211629033088684, 0.1988677829504013, 0.20778179168701172, 0.2033146619796753]]
[[0.19383391737937927, 0.17495189607143402, 0.20272758603096008, 0.22173939645290375, 0.20674720406532288]]
[[0.2011433094739914, 0.23203538358211517, 0.19352899491786957, 0.1780087649822235, 0.19528351724147797]]
[[0.20219318568706512, 0.20399048924446106, 0.2003811001777649, 0.1933322697877884, 0.20010298490524292]]
[[0.20046068727970123, 0.20692875981330872, 0.1984291970729828, 0.19504941999912262, 0.19913190603256226]]
[[0.19924132525920868, 0.1955891251564026, 0.20048120617866516, 0.20445731282234192, 0.20023103058338165]]
[[0.20079635083675385, 0.20728130638599396, 0.19974066317081451, 0.19317936897277832, 0.19900232553482056]]
[[0.20094041526317596, 0.19140446186065674, 0.2004871815443039, 0.205177903175354, 0.20198996365070343]]
[[0.2002735733985901, 0.1969902068376541, 0.2005317062139511, 0.20210228860378265, 0.20010216534137726]]
hyposthese:
2 pieces , <unk> & <unk> ; 1 with 50 % external adipose
reference:
2 pieces ; large [ 50 % ] intimal plaque in 1 piece , none in other ; 60 % is external fat
