[[0.24368271231651306, 0.1730145364999771, 0.17143520712852478, 0.1963820606470108, 0.21548545360565186]]
[[0.386822372674942, 0.1365686058998108, 0.1343127340078354, 0.16668805480003357, 0.17560824751853943]]
[[0.13056963682174683, 0.22535613179206848, 0.22418534755706787, 0.21410104632377625, 0.2057877779006958]]
[[0.05256776139140129, 0.27609774470329285, 0.26412129402160645, 0.21417701244354248, 0.19303621351718903]]
[[0.2040605992078781, 0.19871297478675842, 0.19735072553157806, 0.19962581992149353, 0.20024995505809784]]
[[0.20650401711463928, 0.1964898705482483, 0.1959073692560196, 0.20035111904144287, 0.20074765384197235]]
[[0.2092033177614212, 0.19581574201583862, 0.19527053833007812, 0.1997280865907669, 0.19998230040073395]]
[[0.18957111239433289, 0.2019735425710678, 0.20201510190963745, 0.2031414657831192, 0.20329879224300385]]
[[0.21521326899528503, 0.19281919300556183, 0.19301801919937134, 0.19863037765026093, 0.2003190964460373]]
[[0.15983319282531738, 0.21238374710083008, 0.21598991751670837, 0.20718905329704285, 0.20460402965545654]]
[[0.2009768784046173, 0.19892166554927826, 0.19967927038669586, 0.20003990828990936, 0.2003822922706604]]
[[0.18833224475383759, 0.20212247967720032, 0.2031305730342865, 0.20328938961029053, 0.20312534272670746]]
[[0.2052951604127884, 0.19637247920036316, 0.19573622941970825, 0.20188510417938232, 0.20071099698543549]]
[[0.20130957663059235, 0.19771121442317963, 0.19920918345451355, 0.2010638415813446, 0.20070618391036987]]
hyposthese:
6 pieces , mucosa is <unk> % thickness , <unk> % of thickness
reference:
6 pieces , unusually abundant and well preserved lymphoid aggregates are ~50 % total specimen .
