[[0.16905725002288818, 0.2008666843175888, 0.19283552467823029, 0.18202891945838928, 0.25521159172058105]]
[[0.17623624205589294, 0.1863211840391159, 0.17950831353664398, 0.18263404071331024, 0.27530017495155334]]
[[0.21988700330257416, 0.20083750784397125, 0.20993715524673462, 0.21193602681159973, 0.15740226209163666]]
[[0.24363894760608673, 0.20759515464305878, 0.22085092961788177, 0.2237444669008255, 0.10417045652866364]]
[[0.19724558293819427, 0.199738547205925, 0.19703064858913422, 0.19929708540439606, 0.20668819546699524]]
[[0.198616161942482, 0.19877280294895172, 0.19920319318771362, 0.19925755262374878, 0.20415034890174866]]
[[0.18664167821407318, 0.1975935995578766, 0.19323043525218964, 0.1942075788974762, 0.228326678276062]]
[[0.2159663885831833, 0.20618517696857452, 0.21075786650180817, 0.2094627320766449, 0.15762785077095032]]
[[0.2003466784954071, 0.20105136930942535, 0.20033961534500122, 0.20090821385383606, 0.19735410809516907]]
[[0.19556434452533722, 0.20071284472942352, 0.1986258178949356, 0.19876697659492493, 0.20633003115653992]]
[[0.1947024017572403, 0.2008708417415619, 0.19900070130825043, 0.19827495515346527, 0.2071511298418045]]
hyposthese:
2 pieces , <unk> & <unk> ; good clean specimens
reference:
2 pieces , 6x4 & 5x4mm ; small amount of attached adipose tissue .
