[[0.27823606133461, 0.1266729235649109, 0.12856628000736237, 0.2679309844970703, 0.19859373569488525]]
[[0.3049761652946472, 0.12139333039522171, 0.12180179357528687, 0.2530728876590729, 0.19875583052635193]]
[[0.13941018283367157, 0.25015223026275635, 0.2504403293132782, 0.15762224793434143, 0.20237502455711365]]
[[0.08977662771940231, 0.3016670048236847, 0.3014073669910431, 0.11621455103158951, 0.19093440473079681]]
[[0.20341716706752777, 0.19609349966049194, 0.19607330858707428, 0.20507505536079407, 0.19934092462062836]]
[[0.19157695770263672, 0.20341061055660248, 0.20305967330932617, 0.19568726420402527, 0.20626544952392578]]
hyposthese:
2 pieces ; moderate congestion
reference:
2 pieces ; several focal hemorrhages [ outlined ] ; capsule sampled
