[[0.2749357521533966, 0.1511050909757614, 0.25631511211395264, 0.17575493454933167, 0.14188914000988007]]
[[0.34097176790237427, 0.13321836292743683, 0.24954631924629211, 0.15071988105773926, 0.12554362416267395]]
[[0.12237652391195297, 0.2425815761089325, 0.15821821987628937, 0.22324974834918976, 0.2535739541053772]]
[[0.06911645084619522, 0.282013863325119, 0.11091724038124084, 0.2357110232114792, 0.3022414743900299]]
[[0.21004660427570343, 0.1938653439283371, 0.20580391585826874, 0.196364164352417, 0.19391994178295135]]
[[0.20083917677402496, 0.19721591472625732, 0.2045501321554184, 0.20128117501735687, 0.19611363112926483]]
[[0.21145746111869812, 0.19160883128643036, 0.20939144492149353, 0.19979333877563477, 0.18774892389774323]]
[[0.1714063286781311, 0.2122259885072708, 0.1900939792394638, 0.20370808243751526, 0.22256562113761902]]
[[0.18011829257011414, 0.2091955989599228, 0.19235219061374664, 0.20561189949512482, 0.21272198855876923]]
[[0.2052856832742691, 0.19703325629234314, 0.20391668379306793, 0.19793027639389038, 0.19583414494991302]]
[[0.20289967954158783, 0.19815503060817719, 0.20217923820018768, 0.20079000294208527, 0.19597598910331726]]
[[0.20894210040569305, 0.19479282200336456, 0.20448215305805206, 0.19632361829280853, 0.19545933604240417]]
[[0.1904240846633911, 0.20341099798679352, 0.19946935772895813, 0.20404791831970215, 0.2026476413011551]]
[[0.2021116316318512, 0.1992456465959549, 0.2010943442583084, 0.19905142486095428, 0.19849686324596405]]
[[0.20992577075958252, 0.19420477747917175, 0.20698349177837372, 0.19743922352790833, 0.1914467215538025]]
hyposthese:
2 pieces ; <unk> and <unk> fibrosis ; islets well visualized , some fibrosis
reference:
2 pieces , numerous well-preserved islets , rep delineated . minimal adherent fat ( ~10 % )
