[[0.192147359251976, 0.19704894721508026, 0.16200660169124603, 0.24615508317947388, 0.20264197885990143]]
[[0.19315005838871002, 0.19254980981349945, 0.16717439889907837, 0.24111229181289673, 0.20601345598697662]]
[[0.20537374913692474, 0.19967688620090485, 0.22141362726688385, 0.17124013602733612, 0.20229555666446686]]
[[0.2077547311782837, 0.20304708182811737, 0.2610066831111908, 0.14344951510429382, 0.18474197387695312]]
[[0.19989663362503052, 0.19894804060459137, 0.19692948460578918, 0.20415666699409485, 0.20006924867630005]]
[[0.19902805984020233, 0.199532151222229, 0.19433468580245972, 0.2065516710281372, 0.20055343210697174]]
[[0.19935984909534454, 0.19929799437522888, 0.19647113978862762, 0.20441636443138123, 0.20045459270477295]]
hyposthese:
6 pieces , confirmed target muscularis
reference:
6 pieces ; well trimmed
