[[0.10923350602388382, 0.18256650865077972, 0.2320949137210846, 0.25636574625968933, 0.2197393923997879]]
[[0.13914482295513153, 0.18785326182842255, 0.2204645574092865, 0.23014245927333832, 0.22239497303962708]]
[[0.25468847155570984, 0.20869465172290802, 0.18079449236392975, 0.17091986536979675, 0.18490254878997803]]
[[0.32904332876205444, 0.21610446274280548, 0.15625371038913727, 0.13961488008499146, 0.15898355841636658]]
[[0.19057604670524597, 0.19575567543506622, 0.20507611334323883, 0.20531050860881805, 0.20328165590763092]]
[[0.17837615311145782, 0.1962934285402298, 0.20684680342674255, 0.2116556614637375, 0.2068280130624771]]
[[0.1934165358543396, 0.19774344563484192, 0.20234940946102142, 0.2044091820716858, 0.20208142697811127]]
[[0.2296527773141861, 0.20698213577270508, 0.19130510091781616, 0.17966923117637634, 0.1923908293247223]]
[[0.19831261038780212, 0.19876234233379364, 0.2015853226184845, 0.20120766758918762, 0.20013204216957092]]
[[0.18880009651184082, 0.19910122454166412, 0.2016812562942505, 0.20741376280784607, 0.2030036449432373]]
hyposthese:
2 pieces , no adherent fat , good specimens
reference:
2 pieces ; focal medial calcification ( outlined ) and <unk> plaque ; up to 5mm adventitia
