[[0.18947942554950714, 0.21353484690189362, 0.1789291352033615, 0.201724573969841, 0.2163320630788803]]
[[0.18553964793682098, 0.2318972945213318, 0.17019787430763245, 0.1937490701675415, 0.21861609816551208]]
[[0.20606274902820587, 0.19191960990428925, 0.21212564408779144, 0.200486421585083, 0.18940559029579163]]
[[0.2109946608543396, 0.16496054828166962, 0.24757449328899384, 0.2044760137796402, 0.17199425399303436]]
[[0.20189878344535828, 0.1995331197977066, 0.19636981189250946, 0.2002139538526535, 0.20198439061641693]]
[[0.1995684951543808, 0.20325854420661926, 0.19329361617565155, 0.19865477085113525, 0.20522461831569672]]
[[0.19880376756191254, 0.1981424242258072, 0.2030888944864273, 0.20149509608745575, 0.19846978783607483]]
[[0.2004859894514084, 0.19941462576389313, 0.2000202238559723, 0.20003566145896912, 0.20004355907440186]]
[[0.1985778957605362, 0.20261752605438232, 0.1966189593076706, 0.19807013869285583, 0.20411545038223267]]
hyposthese:
6 pieces , all muscularis , good specimens
reference:
6 pieces ; mucosa <unk> on all pieces ; only muscularis and submucosa present
