[[0.1972777545452118, 0.2024952620267868, 0.19487138092517853, 0.20576298236846924, 0.19959266483783722]]
[[0.19536910951137543, 0.20057474076747894, 0.2034207284450531, 0.1986943483352661, 0.20194107294082642]]
[[0.2036568969488144, 0.19950911402702332, 0.19924886524677277, 0.19723442196846008, 0.2003507763147354]]
[[0.20262373983860016, 0.1980876922607422, 0.1998942345380783, 0.19804231822490692, 0.2013521045446396]]
[[0.19764429330825806, 0.20136387646198273, 0.20075152814388275, 0.20002751052379608, 0.20021279156208038]]
[[0.19756069779396057, 0.2012805938720703, 0.20047323405742645, 0.20021839439868927, 0.2004670798778534]]
hyposthese:
4 pieces , no abnormalities
reference:
4 pieces
