[[0.22428037226200104, 0.154608353972435, 0.19505080580711365, 0.19329871237277985, 0.23276172578334808]]
[[0.21649223566055298, 0.16446514427661896, 0.19129346311092377, 0.1954331398010254, 0.2323160469532013]]
[[0.1823417842388153, 0.2254970371723175, 0.20492301881313324, 0.209501713514328, 0.17773641645908356]]
[[0.17261210083961487, 0.2710733711719513, 0.20138175785541534, 0.20085254311561584, 0.15408022701740265]]
[[0.20246493816375732, 0.19688457250595093, 0.1992744356393814, 0.1989358514547348, 0.20244021713733673]]
[[0.2034093737602234, 0.19455590844154358, 0.1992046982049942, 0.19894707202911377, 0.20388294756412506]]
[[0.20224137604236603, 0.1963522732257843, 0.19933123886585236, 0.19826450943946838, 0.2038106769323349]]
hyposthese:
6 pieces , confirmed target muscularis
reference:
6 pieces , up to <unk> mm ;
