[[0.26515495777130127, 0.26521173119544983, 0.1694575697183609, 0.23336364328861237, 0.06681206077337265]]
[[0.25658363103866577, 0.26147666573524475, 0.17829687893390656, 0.2034161537885666, 0.10022667795419693]]
[[0.16798079013824463, 0.16709768772125244, 0.21879276633262634, 0.18647459149360657, 0.25965410470962524]]
[[0.1020856574177742, 0.0955050140619278, 0.1843392550945282, 0.13802604377269745, 0.4800439774990082]]
[[0.20482684671878815, 0.199021115899086, 0.20503771305084229, 0.20620335638523102, 0.18491093814373016]]
[[0.21813639998435974, 0.22892163693904877, 0.195001021027565, 0.20476384460926056, 0.15317711234092712]]
[[0.21916793286800385, 0.22536516189575195, 0.19534346461296082, 0.20646023750305176, 0.15366314351558685]]
[[0.13764888048171997, 0.13031116127967834, 0.22667661309242249, 0.18067093193531036, 0.3246924877166748]]
[[0.19956618547439575, 0.19918568432331085, 0.2024608701467514, 0.20051637291908264, 0.19827096164226532]]
[[0.2061949521303177, 0.2078096866607666, 0.19797442853450775, 0.1993628442287445, 0.18865811824798584]]
[[0.1948154717683792, 0.18936903774738312, 0.20789454877376556, 0.20191603899002075, 0.20600487291812897]]
[[0.20089375972747803, 0.2006501853466034, 0.20127546787261963, 0.20136496424674988, 0.1958155632019043]]
[[0.20808915793895721, 0.21202127635478973, 0.19782587885856628, 0.19949865341186523, 0.18256501853466034]]
hyposthese:
6 pieces , up to <unk> ; all muscularis , good specimens
reference:
6 pieces up to 10x4mm ; only ~25 % muscle ( 2 aliquots , delineated ( rest is fat
