[[0.08754041790962219, 0.21231873333454132, 0.22256287932395935, 0.24223338067531586, 0.23534460365772247]]
[[0.11948262155056, 0.2210172861814499, 0.2289542704820633, 0.2269955277442932, 0.20355035364627838]]
[[0.2424127459526062, 0.19999778270721436, 0.18981249630451202, 0.18199338018894196, 0.1857835054397583]]
[[0.4261440336704254, 0.15732461214065552, 0.14315032958984375, 0.1312502920627594, 0.14213073253631592]]
[[0.1868109405040741, 0.19640006124973297, 0.20554520189762115, 0.20585836470127106, 0.20538541674613953]]
[[0.16091935336589813, 0.20306171476840973, 0.2070479840040207, 0.2125844657421112, 0.21638648211956024]]
[[0.16363582015037537, 0.20161399245262146, 0.2096034288406372, 0.21382419764995575, 0.21132253110408783]]
[[0.2935391664505005, 0.18793952465057373, 0.17571797966957092, 0.16364645957946777, 0.1791568547487259]]
[[0.19970622658729553, 0.19865091145038605, 0.20132949948310852, 0.1999288946390152, 0.20038442313671112]]
[[0.18824626505374908, 0.20057091116905212, 0.20258666574954987, 0.20415976643562317, 0.20443636178970337]]
[[0.1820291429758072, 0.20069833099842072, 0.204008087515831, 0.20629245042800903, 0.20697197318077087]]
[[0.20147119462490082, 0.19918303191661835, 0.2005469799041748, 0.2006954848766327, 0.19810332357883453]]
[[0.19603873789310455, 0.19924862682819366, 0.2010793834924698, 0.20152659714221954, 0.20210668444633484]]
[[0.19559741020202637, 0.20023097097873688, 0.20057091116905212, 0.2013413906097412, 0.2022593915462494]]
hyposthese:
6 pieces , up to <unk> ; mucosa moderately autolyzed , muscle intact
reference:
6 pieces up to 9x5 mm ; 3 pieces have mucosa , 3 ( <unk> ) others are all muscle
