[[0.2534773647785187, 0.2545301616191864, 0.23739470541477203, 0.14144310355186462, 0.11315466463565826]]
[[0.2535625994205475, 0.21338286995887756, 0.27828657627105713, 0.13845902681350708, 0.11630889773368835]]
[[0.17900997400283813, 0.18372666835784912, 0.17369616031646729, 0.22673200070858002, 0.23683522641658783]]
[[0.09687843173742294, 0.11807704716920853, 0.09476947784423828, 0.3135903477668762, 0.3766847550868988]]
[[0.20407481491565704, 0.20652024447917938, 0.2065746933221817, 0.19330140948295593, 0.1895289123058319]]
[[0.20615015923976898, 0.2085704803466797, 0.2090388983488083, 0.19185368716716766, 0.18438680469989777]]
[[0.21165533363819122, 0.20836997032165527, 0.21346379816532135, 0.1872434765100479, 0.1792675107717514]]
[[0.20558232069015503, 0.2062365859746933, 0.20685036480426788, 0.19269247353076935, 0.18863819539546967]]
[[0.18574143946170807, 0.19426026940345764, 0.1791359931230545, 0.21736636757850647, 0.22349587082862854]]
[[0.20177017152309418, 0.20235756039619446, 0.2020973116159439, 0.19681817293167114, 0.1969568133354187]]
[[0.20094603300094604, 0.20041872560977936, 0.20019569993019104, 0.19920147955417633, 0.19923807680606842]]
[[0.20424246788024902, 0.20269139111042023, 0.20525994896888733, 0.19750551879405975, 0.1903005838394165]]
hyposthese:
6 pieces , mucosa up to ~1mm , <unk> % thickness
reference:
6 pieces ; mostly well preserved , mucosa and muscularis
