[[0.13052582740783691, 0.21420229971408844, 0.1325410008430481, 0.263192743062973, 0.2595381438732147]]
[[0.1437884122133255, 0.19585385918617249, 0.13752269744873047, 0.25857076048851013, 0.2642642855644226]]
[[0.24905703961849213, 0.19932596385478973, 0.25158199667930603, 0.150568425655365, 0.1494666039943695]]
[[0.30390653014183044, 0.17846477031707764, 0.3056813180446625, 0.106296107172966, 0.10565128922462463]]
[[0.1829865276813507, 0.20637838542461395, 0.18271873891353607, 0.2121734768152237, 0.21574288606643677]]
[[0.18552826344966888, 0.2065567970275879, 0.18309810757637024, 0.21179766952991486, 0.21301919221878052]]
[[0.17732414603233337, 0.20242246985435486, 0.17761793732643127, 0.22030603885650635, 0.22232936322689056]]
[[0.1921476572751999, 0.1995486468076706, 0.19193102419376373, 0.20701119303703308, 0.2093615084886551]]
hyposthese:
2 pieces , typical post menopausal atrophy
reference:
2 pieces ; numerous corpora albicantia , 40 % of area
