[[0.22471122443675995, 0.17746056616306305, 0.1842861771583557, 0.17765069007873535, 0.2358914017677307]]
[[0.3004706799983978, 0.15599368512630463, 0.15594737231731415, 0.15259797871112823, 0.23499034345149994]]
[[0.14662113785743713, 0.23084601759910583, 0.22790051996707916, 0.22890305519104004, 0.1657293289899826]]
[[0.08678878098726273, 0.26783084869384766, 0.2552628219127655, 0.2614235281944275, 0.12869402766227722]]
[[0.21199028193950653, 0.1932762861251831, 0.19397404789924622, 0.1940642148256302, 0.20669518411159515]]
[[0.22350987792015076, 0.1884528249502182, 0.1895638257265091, 0.188151016831398, 0.21032248437404633]]
[[0.21162313222885132, 0.19395504891872406, 0.19492219388484955, 0.1940849870443344, 0.20541462302207947]]
[[0.20905117690563202, 0.19555778801441193, 0.196466326713562, 0.19601915776729584, 0.2029055505990982]]
[[0.19073793292045593, 0.20491617918014526, 0.20328763127326965, 0.20378296077251434, 0.19727522134780884]]
[[0.2039162665605545, 0.19749410450458527, 0.19819094240665436, 0.19826115667819977, 0.20213757455348969]]
[[0.20217756927013397, 0.19894486665725708, 0.1994926631450653, 0.19957111775875092, 0.19981376826763153]]
[[0.20669230818748474, 0.19664838910102844, 0.19753801822662354, 0.19685649871826172, 0.20226484537124634]]
hyposthese:
6 pieces , squamous mucosa is ~0.3mm , <unk> % thickness
reference:
6 pieces , squamous mucosa is <unk> , ~10-15 % thickness
