[[0.19262048602104187, 0.23008029162883759, 0.20690563321113586, 0.18463830649852753, 0.18575525283813477]]
[[0.18557710945606232, 0.253877192735672, 0.2055589258670807, 0.17763736844062805, 0.17734943330287933]]
[[0.21449832618236542, 0.15802425146102905, 0.18934573233127594, 0.2183293104171753, 0.2198023647069931]]
[[0.22544527053833008, 0.11673462390899658, 0.1727275252342224, 0.24214710295200348, 0.24294541776180267]]
[[0.19543702900409698, 0.21339309215545654, 0.2004837989807129, 0.19537556171417236, 0.1953105330467224]]
[[0.19575142860412598, 0.21809588372707367, 0.20473916828632355, 0.19116944074630737, 0.19024412333965302]]
[[0.19763372838497162, 0.20955966413021088, 0.20140479505062103, 0.19577136635780334, 0.19563047587871552]]
[[0.1961318701505661, 0.21510908007621765, 0.20249225199222565, 0.19317477941513062, 0.19309203326702118]]
[[0.19722838699817657, 0.20845243334770203, 0.2006954848766327, 0.1971024125814438, 0.19652128219604492]]
[[0.20629267394542694, 0.17848984897136688, 0.1955033838748932, 0.20976431667804718, 0.20994976162910461]]
[[0.19843703508377075, 0.20410612225532532, 0.20089320838451385, 0.19833289086818695, 0.1982308179140091]]
[[0.19977474212646484, 0.20072753727436066, 0.20041078329086304, 0.19960345327854156, 0.1994834542274475]]
[[0.1987132430076599, 0.20369014143943787, 0.2021254003047943, 0.19783036410808563, 0.1976408213376999]]
hyposthese:
6 pieces , squamous mucosa up to ~0.4mm , <unk> % thickness
reference:
1 piece , correlates with <unk>
