[[0.2526867389678955, 0.18080174922943115, 0.1331789493560791, 0.160646453499794, 0.27268609404563904]]
[[0.23967590928077698, 0.18933211266994476, 0.1472117304801941, 0.1841774731874466, 0.23960275948047638]]
[[0.17026329040527344, 0.20886707305908203, 0.24459809064865112, 0.21810558438301086, 0.15816599130630493]]
[[0.13184209167957306, 0.20965531468391418, 0.3074491322040558, 0.2318039834499359, 0.11924950778484344]]
[[0.20475265383720398, 0.1979481726884842, 0.19202476739883423, 0.19716106355190277, 0.20811337232589722]]
[[0.20955729484558105, 0.19537052512168884, 0.18465040624141693, 0.1924084573984146, 0.21801331639289856]]
[[0.18987971544265747, 0.207854762673378, 0.21147824823856354, 0.20939132571220398, 0.18139593303203583]]
[[0.20110657811164856, 0.19984129071235657, 0.19756953418254852, 0.1998252123594284, 0.2016574591398239]]
[[0.20471777021884918, 0.19727051258087158, 0.1930587738752365, 0.19497200846672058, 0.20998097956180573]]
hyposthese:
2 pieces , no atherosis , clean specimens
reference:
2 pieces ; well trimmed ; minimal plaque ; focal calcification
