[[0.21352331340312958, 0.19207939505577087, 0.18555611371994019, 0.17644348740577698, 0.2323976457118988]]
[[0.18883775174617767, 0.17702065408229828, 0.1765826791524887, 0.17416240274906158, 0.28339651226997375]]
[[0.1914271116256714, 0.21436066925525665, 0.21779188513755798, 0.2254164218902588, 0.151003897190094]]
[[0.1914001703262329, 0.23211422562599182, 0.23706844449043274, 0.2457149475812912, 0.09370219707489014]]
[[0.20691317319869995, 0.19205603003501892, 0.19117994606494904, 0.1889578402042389, 0.2208930104970932]]
[[0.2042333483695984, 0.1861296147108078, 0.1869681179523468, 0.1849047839641571, 0.23776419460773468]]
hyposthese:
4 pieces , no abnormalities
reference:
4 pieces ; purkinje cells well visualized
