[[0.11644607037305832, 0.1896972954273224, 0.12871280312538147, 0.2769109606742859, 0.2882328927516937]]
[[0.12306753545999527, 0.16912195086479187, 0.12408602982759476, 0.2906140685081482, 0.29311037063598633]]
[[0.2547838091850281, 0.2189260870218277, 0.25083214044570923, 0.1432904750108719, 0.1321674883365631]]
[[0.3111860156059265, 0.21984922885894775, 0.3059065043926239, 0.08761793375015259, 0.07544023543596268]]
[[0.19547919929027557, 0.19857990741729736, 0.19584771990776062, 0.2042040079832077, 0.20588916540145874]]
[[0.19481879472732544, 0.20290468633174896, 0.1949755996465683, 0.20303699374198914, 0.20426388084888458]]
[[0.16177909076213837, 0.18128074705600739, 0.16116341948509216, 0.2378639578819275, 0.2579127848148346]]
[[0.2401113212108612, 0.22331641614437103, 0.238309845328331, 0.15584737062454224, 0.14241507649421692]]
[[0.2016904056072235, 0.20311053097248077, 0.20157748460769653, 0.19887124001979828, 0.19475039839744568]]
[[0.1943114995956421, 0.20025213062763214, 0.19470836222171783, 0.2037476748228073, 0.20698034763336182]]
[[0.178206667304039, 0.19594988226890564, 0.17917923629283905, 0.21956412494182587, 0.22710011899471283]]
[[0.19806337356567383, 0.20092813670635223, 0.198708638548851, 0.20242732763290405, 0.19987250864505768]]
[[0.19887761771678925, 0.20060798525810242, 0.19934025406837463, 0.20139004290103912, 0.19978410005569458]]
hyposthese:
2 pieces , <unk> & <unk> ; <unk> % <unk> , delineated
reference:
2 pieces , includes 10-20 % attached <unk> vessels
