[[0.22409647703170776, 0.15767136216163635, 0.18527041375637054, 0.2217465043067932, 0.21121522784233093]]
[[0.23282012343406677, 0.16773001849651337, 0.18291084468364716, 0.22618071734905243, 0.19035829603672028]]
[[0.1667618751525879, 0.2440178394317627, 0.2189708650112152, 0.17568247020244598, 0.1945669949054718]]
[[0.16329285502433777, 0.2519463300704956, 0.21675728261470795, 0.1719602644443512, 0.1960432380437851]]
[[0.20393234491348267, 0.19635170698165894, 0.19670704007148743, 0.2023773491382599, 0.2006315439939499]]
[[0.20743437111377716, 0.1886778473854065, 0.19632580876350403, 0.2060360163450241, 0.2015260010957718]]
[[0.20117899775505066, 0.1973414272069931, 0.19883513450622559, 0.2021005004644394, 0.20054391026496887]]
hyposthese:
2 pieces , minimal ischemic changes
reference:
2 pieces , 8x7 mm each ;
