[[0.18867288529872894, 0.1989310085773468, 0.19859443604946136, 0.21256758272647858, 0.20123408734798431]]
[[0.18504294753074646, 0.2001393884420395, 0.19095663726329803, 0.22092479467391968, 0.20293623208999634]]
[[0.21222376823425293, 0.1979876160621643, 0.20656979084014893, 0.18468643724918365, 0.19853238761425018]]
[[0.225780189037323, 0.19735869765281677, 0.21189281344413757, 0.16763688623905182, 0.1973314732313156]]
[[0.1952655166387558, 0.2004552036523819, 0.19739775359630585, 0.20626725256443024, 0.20061425864696503]]
[[0.19917210936546326, 0.20036610960960388, 0.20010270178318024, 0.20007629692554474, 0.2002827376127243]]
[[0.19798366725444794, 0.2007351517677307, 0.19933409988880157, 0.20174013078212738, 0.20020692050457]]
hyposthese:
2 pieces ; spermatogenesis is present
reference:
2 pieces , <unk> tubules well-preserved , spermatogenesis is present
