[[0.20901848375797272, 0.16699634492397308, 0.17773303389549255, 0.2169734686613083, 0.22927868366241455]]
[[0.24890431761741638, 0.15940582752227783, 0.16728775203227997, 0.20745313167572021, 0.21694894134998322]]
[[0.16426758468151093, 0.24263134598731995, 0.23498791456222534, 0.1867891252040863, 0.17132402956485748]]
[[0.12395532429218292, 0.2852358818054199, 0.26028576493263245, 0.17982976138591766, 0.15069323778152466]]
[[0.21834982931613922, 0.18133050203323364, 0.18380805850028992, 0.2030302733182907, 0.2134813666343689]]
[[0.2204933613538742, 0.17543147504329681, 0.1798463761806488, 0.2073764204978943, 0.2168523073196411]]
hyposthese:
2 pieces , no abnormalities
reference:
2 pieces 6x5 & 7x6 mm ;
