[[0.17041665315628052, 0.1863178014755249, 0.2689557373523712, 0.18037906289100647, 0.1939307451248169]]
[[0.1723138391971588, 0.1717987358570099, 0.2916172444820404, 0.17747023701667786, 0.18679998815059662]]
[[0.22183537483215332, 0.2210550159215927, 0.13964830338954926, 0.21465769410133362, 0.2028036266565323]]
[[0.2324431985616684, 0.2249710112810135, 0.11354783922433853, 0.22131848335266113, 0.20771946012973785]]
[[0.19765539467334747, 0.19770370423793793, 0.20743466913700104, 0.1978658139705658, 0.19934044778347015]]
[[0.2032405436038971, 0.20248566567897797, 0.18778517842292786, 0.20365911722183228, 0.2028294950723648]]
[[0.19465243816375732, 0.19550327956676483, 0.21320092678070068, 0.19706910848617554, 0.19957426190376282]]
hyposthese:
1 piece ; adenohypophysis and neurohypophysis
reference:
1 piece ; anterior present
