[[0.14429253339767456, 0.2196013182401657, 0.254342645406723, 0.15698252618312836, 0.22478103637695312]]
[[0.16620345413684845, 0.21252375841140747, 0.22608277201652527, 0.17544260621070862, 0.2197473794221878]]
[[0.23288486897945404, 0.1880287528038025, 0.1655263900756836, 0.2330804467201233, 0.18047958612442017]]
[[0.2551610469818115, 0.18289293348789215, 0.1488703042268753, 0.2517067790031433, 0.1613689363002777]]
[[0.19879449903964996, 0.20128323137760162, 0.2025061398744583, 0.19725771248340607, 0.20015843212604523]]
[[0.1945914626121521, 0.20085331797599792, 0.20490869879722595, 0.1949435919523239, 0.20470288395881653]]
[[0.17001675069332123, 0.20523425936698914, 0.23527643084526062, 0.17204245924949646, 0.21743008494377136]]
[[0.2356356680393219, 0.18413205444812775, 0.16881681978702545, 0.2346612513065338, 0.1767541915178299]]
hyposthese:
2 pieces , <unk> & <unk> ;
reference:
2 pieces , 8x6mm
