[[0.23382164537906647, 0.2088659703731537, 0.18800903856754303, 0.15893930196762085, 0.21036399900913239]]
[[0.21001304686069489, 0.20641455054283142, 0.19693322479724884, 0.1717967689037323, 0.21484245359897614]]
[[0.1793029010295868, 0.1891821026802063, 0.20976458489894867, 0.2358637899160385, 0.18588657677173615]]
[[0.16175997257232666, 0.18499021232128143, 0.21194343268871307, 0.26409095525741577, 0.17721542716026306]]
[[0.20589330792427063, 0.20110483467578888, 0.19716253876686096, 0.1922110915184021, 0.20362822711467743]]
[[0.19605784118175507, 0.19860967993736267, 0.20070387423038483, 0.2061934620141983, 0.19843511283397675]]
[[0.20423369109630585, 0.20199863612651825, 0.2004406452178955, 0.1932646930217743, 0.20006239414215088]]
[[0.20282158255577087, 0.2015320360660553, 0.19977447390556335, 0.19461338222026825, 0.2012586146593094]]
hyposthese:
2 pieces ; 10 % internal fat
reference:
2 pieces ; atrophy , includes 30 and 40 % <unk>
