[[0.16128651797771454, 0.19997452199459076, 0.17926089465618134, 0.24493181705474854, 0.21454623341560364]]
[[0.15541236102581024, 0.18588516116142273, 0.19648995995521545, 0.23997828364372253, 0.22223423421382904]]
[[0.23892150819301605, 0.20604386925697327, 0.21194584667682648, 0.15829700231552124, 0.18479175865650177]]
[[0.25916993618011475, 0.21751293540000916, 0.22093677520751953, 0.13520294427871704, 0.16717737913131714]]
[[0.19424040615558624, 0.19807188212871552, 0.19923244416713715, 0.20663349330425262, 0.20182178914546967]]
[[0.18710000813007355, 0.1959187239408493, 0.1968415379524231, 0.21547867357730865, 0.20466101169586182]]
[[0.195153146982193, 0.19919490814208984, 0.19924858212471008, 0.2044958472251892, 0.20190759003162384]]
hyposthese:
2 pieces , minimal ischemic changes
reference:
2 pieces
