[[0.1860458105802536, 0.2210233509540558, 0.19069068133831024, 0.199934184551239, 0.20230595767498016]]
[[0.1315130740404129, 0.28763651847839355, 0.1865222007036209, 0.23422962427139282, 0.1600986123085022]]
[[0.22692729532718658, 0.16103595495224, 0.2087319940328598, 0.19128386676311493, 0.2120208442211151]]
[[0.27938440442085266, 0.11229006946086884, 0.2156156748533249, 0.15957507491111755, 0.23313477635383606]]
[[0.1936453878879547, 0.2069176733493805, 0.19882585108280182, 0.20408572256565094, 0.19652535021305084]]
[[0.20045211911201477, 0.19719049334526062, 0.20140454173088074, 0.1992655247449875, 0.20168735086917877]]
[[0.18510213494300842, 0.2137327343225479, 0.19858679175376892, 0.21095548570156097, 0.19162283837795258]]
[[0.19706399738788605, 0.2026536911725998, 0.19944414496421814, 0.2012462466955185, 0.1995919942855835]]
hyposthese:
6 pieces , atherosis up to ~0.2mm
reference:
6 pieces , no atherosis
