[[0.17529378831386566, 0.15878775715827942, 0.18344734609127045, 0.23311179876327515, 0.2493593394756317]]
[[0.16578902304172516, 0.16277849674224854, 0.16777166724205017, 0.23666296899318695, 0.2669977843761444]]
[[0.22671601176261902, 0.23349885642528534, 0.22439903020858765, 0.1677650362253189, 0.14762112498283386]]
[[0.2429436445236206, 0.2563459873199463, 0.23687446117401123, 0.14661571383476257, 0.11722011119127274]]
[[0.19437175989151, 0.1938304454088211, 0.19538529217243195, 0.20404112339019775, 0.21237139403820038]]
[[0.19278648495674133, 0.19297340512275696, 0.19314050674438477, 0.2070845514535904, 0.21401506662368774]]
[[0.17544008791446686, 0.17189252376556396, 0.17998386919498444, 0.22001489996910095, 0.25266867876052856]]
[[0.2271089255809784, 0.23479653894901276, 0.22013022005558014, 0.16766668856143951, 0.15029768645763397]]
[[0.20181412994861603, 0.20339080691337585, 0.2010798454284668, 0.1977711319923401, 0.19594413042068481]]
[[0.19437341392040253, 0.1915721446275711, 0.19515401124954224, 0.20634378492832184, 0.2125566154718399]]
[[0.1984698474407196, 0.197245255112648, 0.19851988554000854, 0.20190374553203583, 0.203861266374588]]
hyposthese:
2 pieces , <unk> & <unk> ; minimal interstitial fat
reference:
2 pieces ; 10 % external fat on 1
