[[0.13790075480937958, 0.22034066915512085, 0.21303237974643707, 0.19748418033123016, 0.23124203085899353]]
[[0.1468607783317566, 0.23806682229042053, 0.20030638575553894, 0.19547274708747864, 0.21929332613945007]]
[[0.2384931743144989, 0.18472382426261902, 0.19541014730930328, 0.19810356199741364, 0.18326926231384277]]
[[0.29586082696914673, 0.16145770251750946, 0.18104685842990875, 0.2088175266981125, 0.15281715989112854]]
[[0.19170533120632172, 0.19915559887886047, 0.20415447652339935, 0.19742858409881592, 0.20755600929260254]]
[[0.18044084310531616, 0.20341739058494568, 0.20609425008296967, 0.19691109657287598, 0.21313641965389252]]
hyposthese:
2 pieces , no abnormalities
reference:
2 pieces , ~50 % adherent/interstitial fat , rep delineated
