[[0.18632559478282928, 0.2047806829214096, 0.19734132289886475, 0.22215507924556732, 0.18939730525016785]]
[[0.17275738716125488, 0.1914690136909485, 0.1933305710554123, 0.2676991820335388, 0.1747439056634903]]
[[0.22013169527053833, 0.20232659578323364, 0.20700043439865112, 0.15468129515647888, 0.21585990488529205]]
[[0.23359376192092896, 0.21114009618759155, 0.20042142271995544, 0.12718646228313446, 0.22765831649303436]]
[[0.19577251374721527, 0.19793915748596191, 0.1991320252418518, 0.210997074842453, 0.19615919888019562]]
[[0.19943805038928986, 0.19908539950847626, 0.199806347489357, 0.20220021903514862, 0.19946996867656708]]
[[0.19547677040100098, 0.19931621849536896, 0.20162120461463928, 0.20651252567768097, 0.19707326591014862]]
[[0.19720348715782166, 0.19988471269607544, 0.1999119222164154, 0.20531241595745087, 0.19768746197223663]]
[[0.2029796838760376, 0.20271767675876617, 0.20125402510166168, 0.1902949959039688, 0.20275364816188812]]
[[0.1991443634033203, 0.20011170208454132, 0.1991974115371704, 0.20223969221115112, 0.19930680096149445]]
[[0.19754379987716675, 0.19850364327430725, 0.19880755245685577, 0.20738337934017181, 0.1977616250514984]]
hyposthese:
2 pieces , ~10 % interstitial fat , rep delineated
reference:
fragmented , minute piece of fat
