[[0.17834433913230896, 0.2036067247390747, 0.1850517839193344, 0.20468568801879883, 0.22831149399280548]]
[[0.19074875116348267, 0.20989911258220673, 0.19543975591659546, 0.20629774034023285, 0.19761459529399872]]
[[0.21263782680034637, 0.1961328536272049, 0.204517662525177, 0.19702431559562683, 0.18968737125396729]]
[[0.22880083322525024, 0.18846377730369568, 0.21220587193965912, 0.19021505117416382, 0.18031443655490875]]
[[0.19490009546279907, 0.2003031224012375, 0.20074234902858734, 0.1995490938425064, 0.2045053094625473]]
[[0.19820742309093475, 0.2003946453332901, 0.2005431354045868, 0.20035013556480408, 0.20050464570522308]]
[[0.19420726597309113, 0.20090347528457642, 0.19964870810508728, 0.19977474212646484, 0.20546576380729675]]
[[0.19892707467079163, 0.20041179656982422, 0.19996196031570435, 0.2002282440662384, 0.2004709243774414]]
[[0.20302391052246094, 0.19942453503608704, 0.20126549899578094, 0.20027191936969757, 0.1960141509771347]]
[[0.1999276727437973, 0.19998425245285034, 0.20002655684947968, 0.20000529289245605, 0.20005621016025543]]
[[0.19917204976081848, 0.20043694972991943, 0.19758173823356628, 0.20140215754508972, 0.20140708982944489]]
hyposthese:
2 pieces , ~10 % fascia/vascular elements , rep delineated
reference:
2 pieces ; ~10 % of fibrovascular component
