[[0.2378535121679306, 0.21682743728160858, 0.21295320987701416, 0.23115773499011993, 0.10120807588100433]]
[[0.22478969395160675, 0.18960802257061005, 0.2259298712015152, 0.23661468923091888, 0.12305771559476852]]
[[0.17501989006996155, 0.197151780128479, 0.1909065991640091, 0.16786272823810577, 0.2690589725971222]]
[[0.13864766061306, 0.17806215584278107, 0.15304917097091675, 0.13068200647830963, 0.399558961391449]]
[[0.20461995899677277, 0.20084616541862488, 0.20215857028961182, 0.20411202311515808, 0.18826328217983246]]
[[0.20768368244171143, 0.20063276588916779, 0.20510035753250122, 0.20948660373687744, 0.17709662020206451]]
[[0.20421035587787628, 0.19939570128917694, 0.20171967148780823, 0.20568037033081055, 0.18899382650852203]]
[[0.20310692489147186, 0.19892123341560364, 0.2004794478416443, 0.2061862200498581, 0.1913062036037445]]
[[0.19999852776527405, 0.20033371448516846, 0.20179863274097443, 0.19922348856925964, 0.19864554703235626]]
[[0.20511862635612488, 0.19984422624111176, 0.2021847367286682, 0.2061036080121994, 0.18674875795841217]]
hyposthese:
6 pieces , squamous mucosa is <unk> % thickness
reference:
6 pieces ; <unk> sloughing
