[[0.21780727803707123, 0.19107866287231445, 0.18839967250823975, 0.20149117708206177, 0.201223224401474]]
[[0.21808376908302307, 0.193428635597229, 0.19103248417377472, 0.19770576059818268, 0.19974936544895172]]
[[0.18310074508190155, 0.20545119047164917, 0.20768634974956512, 0.2019994556903839, 0.20176222920417786]]
[[0.16587598621845245, 0.21197570860385895, 0.21619591116905212, 0.2034495323896408, 0.20250284671783447]]
[[0.19869635999202728, 0.2005847692489624, 0.2002146989107132, 0.19985046982765198, 0.2006537914276123]]
[[0.20611612498760223, 0.19778743386268616, 0.1959698647260666, 0.19895127415657043, 0.20117531716823578]]
[[0.1974971741437912, 0.2010643184185028, 0.20117385685443878, 0.20018184185028076, 0.20008276402950287]]
[[0.20024079084396362, 0.19976800680160522, 0.19966107606887817, 0.19994832575321198, 0.2003818303346634]]
[[0.2009565830230713, 0.19948041439056396, 0.1984539031982422, 0.20028235018253326, 0.20082680881023407]]
hyposthese:
2 pieces , all cortex , well preserved
reference:
2 pieces
