[[0.17279024422168732, 0.22483651340007782, 0.19795773923397064, 0.2251787632703781, 0.1792367398738861]]
[[0.17619390785694122, 0.21872662007808685, 0.22877813875675201, 0.2006593495607376, 0.1756419539451599]]
[[0.21928125619888306, 0.17791739106178284, 0.1979813128709793, 0.19156554341316223, 0.21325455605983734]]
[[0.2514175772666931, 0.16467629373073578, 0.17423610389232635, 0.17893198132514954, 0.23073801398277283]]
[[0.19630727171897888, 0.20200055837631226, 0.20074012875556946, 0.20103371143341064, 0.1999182552099228]]
[[0.19231893122196198, 0.20473286509513855, 0.2037605196237564, 0.20290632545948029, 0.1962813436985016]]
[[0.2020333707332611, 0.19482606649398804, 0.20265144109725952, 0.1983146220445633, 0.20217448472976685]]
[[0.20004823803901672, 0.20034010708332062, 0.19936221837997437, 0.19988110661506653, 0.20036830008029938]]
[[0.19604450464248657, 0.20084431767463684, 0.2035464197397232, 0.2020866423845291, 0.19747810065746307]]
hyposthese:
6 pieces , all muscularis , good specimens
reference:
6 pieces all muscularis , focal attached serosal adipose tissues , delineated
