[[0.20287691056728363, 0.20293684303760529, 0.1982913762331009, 0.17946094274520874, 0.21643395721912384]]
[[0.21058957278728485, 0.20369113981723785, 0.1922948658466339, 0.1896117478609085, 0.20381271839141846]]
[[0.19794127345085144, 0.19969601929187775, 0.20171228051185608, 0.20835046470165253, 0.1922999918460846]]
[[0.18743233382701874, 0.19190701842308044, 0.2078619748353958, 0.23082508146762848, 0.1819736361503601]]
[[0.2012292891740799, 0.20097272098064423, 0.19779235124588013, 0.1970822513103485, 0.20292338728904724]]
[[0.2002968192100525, 0.20049317181110382, 0.1982174962759018, 0.19822749495506287, 0.20276501774787903]]
[[0.20072892308235168, 0.20125918090343475, 0.19731411337852478, 0.1946416050195694, 0.20605622231960297]]
[[0.20002049207687378, 0.20007207989692688, 0.2003811150789261, 0.19853976368904114, 0.20098650455474854]]
[[0.19861862063407898, 0.20021305978298187, 0.20237350463867188, 0.20416250824928284, 0.19463232159614563]]
[[0.19987048208713531, 0.199802428483963, 0.20004074275493622, 0.19960099458694458, 0.20068533718585968]]
[[0.19952556490898132, 0.20017212629318237, 0.2002994418144226, 0.19877763092517853, 0.20122525095939636]]
hyposthese:
2 pieces , ~10 % fascia/vascular elements , rep delineated
reference:
2 pieces , ~10 % <unk> tissue , rep. delineated
