[[0.21585512161254883, 0.1804513931274414, 0.18454806506633759, 0.1866540163755417, 0.23249146342277527]]
[[0.19392649829387665, 0.17310138046741486, 0.17292946577072144, 0.1764751523733139, 0.2835674583911896]]
[[0.19801875948905945, 0.21246682107448578, 0.21112339198589325, 0.2092234045267105, 0.16916760802268982]]
[[0.19251194596290588, 0.2265038937330246, 0.22417069971561432, 0.2193252444267273, 0.1374882161617279]]
[[0.19812500476837158, 0.1990433633327484, 0.19874121248722076, 0.1993090659379959, 0.2047813981771469]]
[[0.19915542006492615, 0.19994120299816132, 0.1999550312757492, 0.20004358887672424, 0.2009047269821167]]
hyposthese:
2 pieces ; moderate congestion
reference:
2 pieces , 7x6 & 7x6 mm ; no lesions
