[[0.19397494196891785, 0.19931963086128235, 0.20026706159114838, 0.20542378723621368, 0.20101453363895416]]
[[0.19280517101287842, 0.19608567655086517, 0.20674361288547516, 0.20859354734420776, 0.19577203691005707]]
[[0.20611971616744995, 0.20398379862308502, 0.19523896276950836, 0.19142048060894012, 0.20323705673217773]]
[[0.20930561423301697, 0.2077295333147049, 0.19301575422286987, 0.18698813021183014, 0.20296095311641693]]
[[0.19889654219150543, 0.19867490231990814, 0.20164301991462708, 0.20143474638462067, 0.19935081899166107]]
[[0.19903886318206787, 0.19929471611976624, 0.2008039951324463, 0.2009309083223343, 0.1999315619468689]]
[[0.19904327392578125, 0.19916264712810516, 0.20069442689418793, 0.2013385146856308, 0.19976122677326202]]
hyposthese:
2 pieces , spermatogenesis is present
reference:
2 pieces
