[[0.21241538226604462, 0.1552625596523285, 0.22119194269180298, 0.20197147130966187, 0.20915861427783966]]
[[0.1817781627178192, 0.17555394768714905, 0.24489614367485046, 0.2032412588596344, 0.19453050196170807]]
[[0.20007193088531494, 0.23779751360416412, 0.16996382176876068, 0.19819356501102448, 0.1939731240272522]]
[[0.1978573054075241, 0.2534931004047394, 0.15820391476154327, 0.19530995190143585, 0.19513572752475739]]
[[0.19784307479858398, 0.197022944688797, 0.20500409603118896, 0.20092640817165375, 0.19920344650745392]]
[[0.19880186021327972, 0.19361494481563568, 0.20714326202869415, 0.2009311318397522, 0.19950881600379944]]
[[0.19801448285579681, 0.17595341801643372, 0.22586308419704437, 0.20181071758270264, 0.19835832715034485]]
[[0.20080898702144623, 0.231700137257576, 0.16692028939723969, 0.19992098212242126, 0.20064957439899445]]
[[0.19983844459056854, 0.20259793102741241, 0.19681359827518463, 0.20029637217521667, 0.20045360922813416]]
[[0.20016297698020935, 0.19904068112373352, 0.20124824345111847, 0.19997546076774597, 0.19957265257835388]]
[[0.20014728605747223, 0.19993209838867188, 0.1999659240245819, 0.19996123015880585, 0.19999341666698456]]
[[0.19961193203926086, 0.19914725422859192, 0.20190902054309845, 0.19967611134052277, 0.19965572655200958]]
[[0.20011255145072937, 0.1998814195394516, 0.19995413720607758, 0.20007015764713287, 0.1999817192554474]]
[[0.20020835101604462, 0.19987881183624268, 0.19992990791797638, 0.19999347627162933, 0.19998937845230103]]
[[0.20030389726161957, 0.19942951202392578, 0.20020677149295807, 0.20005835592746735, 0.20000144839286804]]
[[0.2002285122871399, 0.19981342554092407, 0.1998298019170761, 0.20006825029850006, 0.20006002485752106]]
hyposthese:
2 pieces , <unk> & <unk> ; patchy fibrosis , <unk> , c/w <unk> infarct
reference:
2 pieces , 10x6 & 6x6 mm ;
