[[0.21144796907901764, 0.2090473622083664, 0.1429852396249771, 0.22802744805812836, 0.20849205553531647]]
[[0.19651813805103302, 0.21229980885982513, 0.15169481933116913, 0.227698415517807, 0.21178877353668213]]
[[0.2016647756099701, 0.18750344216823578, 0.23934970796108246, 0.18104253709316254, 0.19043958187103271]]
[[0.1948019117116928, 0.1872750222682953, 0.25488045811653137, 0.16418741643428802, 0.1988552063703537]]
[[0.19957399368286133, 0.20274582505226135, 0.19543509185314178, 0.2020239382982254, 0.20022113621234894]]
[[0.20328134298324585, 0.19721654057502747, 0.19929558038711548, 0.20447435975074768, 0.1957322508096695]]
[[0.20989260077476501, 0.20055288076400757, 0.1743636131286621, 0.22065575420856476, 0.19453515112400055]]
[[0.18840284645557404, 0.19526581466197968, 0.24512580037117004, 0.17638444900512695, 0.1948210895061493]]
hyposthese:
2 pieces , <unk> & <unk> ;
reference:
2 aliquots . one all adipose tissue , the other with focal ductal elements
