[[0.27087387442588806, 0.09587173163890839, 0.2360251545906067, 0.2568146288394928, 0.14041461050510406]]
[[0.2022973895072937, 0.111897312104702, 0.2600639760494232, 0.26063451170921326, 0.16510683298110962]]
[[0.1795932948589325, 0.243496373295784, 0.18190929293632507, 0.16732043027877808, 0.2276805192232132]]
[[0.11843360960483551, 0.4067492187023163, 0.1072411984205246, 0.09439358115196228, 0.27318233251571655]]
[[0.20602433383464813, 0.18810401856899261, 0.20575237274169922, 0.20774385333061218, 0.19237537682056427]]
[[0.2068171352148056, 0.18292565643787384, 0.2094288021326065, 0.21055030822753906, 0.19027814269065857]]
[[0.2068820297718048, 0.1785101443529129, 0.21322262287139893, 0.21378156542778015, 0.18760362267494202]]
[[0.2051057666540146, 0.19002977013587952, 0.20397786796092987, 0.2084580361843109, 0.19242851436138153]]
[[0.186634361743927, 0.2307848334312439, 0.18974187970161438, 0.17569804191589355, 0.2171408087015152]]
[[0.20256862044334412, 0.19601181149482727, 0.20234425365924835, 0.20192934572696686, 0.1971459686756134]]
[[0.1990271508693695, 0.19949878752231598, 0.20078901946544647, 0.20126740634441376, 0.19941766560077667]]
[[0.20165754854679108, 0.19197671115398407, 0.20303946733474731, 0.20457711815834045, 0.19874916970729828]]
hyposthese:
6 pieces , mucosa up to ~1mm , <unk> % thickness
reference:
6 pieces . mucosa is discontinuous but <unk> present is well-preserved , ~20-30 % thickness
