[[0.1535497009754181, 0.18787968158721924, 0.24775166809558868, 0.22074481844902039, 0.190074160695076]]
[[0.16028498113155365, 0.19187787175178528, 0.2582070827484131, 0.2019502818584442, 0.18767979741096497]]
[[0.2340507209300995, 0.20508816838264465, 0.16036085784435272, 0.19459249079227448, 0.20590774714946747]]
[[0.27105095982551575, 0.2126096934080124, 0.12046060711145401, 0.18371976912021637, 0.2121589630842209]]
[[0.1911449134349823, 0.1990467756986618, 0.21511369943618774, 0.1947767287492752, 0.19991792738437653]]
[[0.19259095191955566, 0.19585983455181122, 0.21191123127937317, 0.19973215460777283, 0.19990578293800354]]
[[0.18335412442684174, 0.19471679627895355, 0.22029456496238708, 0.20395787060260773, 0.1976766288280487]]
[[0.19499653577804565, 0.19888055324554443, 0.20553511381149292, 0.20153748989105225, 0.19905026257038116]]
hyposthese:
2 pieces , typical post menopausal atrophy
reference:
2 <unk> x 6 mm post-menopausal stroma
