[[0.1854780614376068, 0.2366727739572525, 0.17295245826244354, 0.21280819177627563, 0.1920885145664215]]
[[0.1869840770959854, 0.23152008652687073, 0.18984563648700714, 0.21185655891895294, 0.1797935962677002]]
[[0.20580452680587769, 0.17479176819324493, 0.2119973599910736, 0.19521985948085785, 0.2121865302324295]]
[[0.2251666635274887, 0.1446654349565506, 0.23496027290821075, 0.1714962273836136, 0.22371143102645874]]
[[0.1962432861328125, 0.21010448038578033, 0.19473451375961304, 0.2019670605659485, 0.19695070385932922]]
[[0.193348690867424, 0.21545837819576263, 0.19143089652061462, 0.20552313327789307, 0.19423885643482208]]
[[0.18400603532791138, 0.23447895050048828, 0.17818495631217957, 0.2142312079668045, 0.18909890949726105]]
[[0.2109677940607071, 0.17529135942459106, 0.21478800475597382, 0.1881221979856491, 0.21083062887191772]]
hyposthese:
2 pieces , <unk> & <unk> ;
reference:
2 pieces <unk>
