[[0.21647784113883972, 0.14673547446727753, 0.21511799097061157, 0.19431141018867493, 0.22735728323459625]]
[[0.24709516763687134, 0.14785394072532654, 0.20735357701778412, 0.15896397829055786, 0.23873336613178253]]
[[0.1851913183927536, 0.21762971580028534, 0.19594205915927887, 0.2143717110157013, 0.1868651956319809]]
[[0.14158077538013458, 0.28981128334999084, 0.18226180970668793, 0.24193096160888672, 0.14441519975662231]]
[[0.20206695795059204, 0.19776983559131622, 0.20059454441070557, 0.1970302164554596, 0.20253843069076538]]
[[0.21088942885398865, 0.18807804584503174, 0.20523497462272644, 0.1852775514125824, 0.21052005887031555]]
[[0.20988543331623077, 0.18239882588386536, 0.20548871159553528, 0.19091112911701202, 0.21131595969200134]]
[[0.17104388773441315, 0.2512652575969696, 0.1805742383003235, 0.2265854924917221, 0.17053113877773285]]
[[0.20146732032299042, 0.19932931661605835, 0.19961579144001007, 0.19787181913852692, 0.20171575248241425]]
[[0.20235271751880646, 0.19689947366714478, 0.20027972757816315, 0.19834023714065552, 0.20212778449058533]]
[[0.2004004716873169, 0.1989925354719162, 0.20044825971126556, 0.1991315335035324, 0.20102719962596893]]
[[0.20090414583683014, 0.19787442684173584, 0.20065437257289886, 0.19789937138557434, 0.2026677131652832]]
[[0.20010967552661896, 0.19908948242664337, 0.1998066008090973, 0.19945743680000305, 0.20153675973415375]]
[[0.20082299411296844, 0.19811972975730896, 0.20057745277881622, 0.19915032386779785, 0.20132948458194733]]
hyposthese:
6 pieces , up to 8x3mm ; squamous epithelium is ~1 % thickness
reference:
6 pieces ~7x3mm . squamous epithelium is ~2-3 % of thickness
