[[0.18691076338291168, 0.18455785512924194, 0.19949255883693695, 0.22452062368392944, 0.204518124461174]]
[[0.2141956090927124, 0.17108586430549622, 0.19955024123191833, 0.21121728420257568, 0.20395103096961975]]
[[0.20443513989448547, 0.20913347601890564, 0.20410561561584473, 0.18654026091098785, 0.1957855224609375]]
[[0.19074127078056335, 0.2285781353712082, 0.20867782831192017, 0.18261690437793732, 0.18938590586185455]]
[[0.19907748699188232, 0.20025451481342316, 0.2007170468568802, 0.2028687447309494, 0.19708213210105896]]
[[0.1988172084093094, 0.19035334885120392, 0.20275713503360748, 0.21051143109798431, 0.1975608766078949]]
[[0.19634896516799927, 0.1945977509021759, 0.20178604125976562, 0.2096748948097229, 0.19759243726730347]]
[[0.19780610501766205, 0.22303953766822815, 0.20469336211681366, 0.17778360843658447, 0.19667738676071167]]
[[0.19979479908943176, 0.20059433579444885, 0.1997896134853363, 0.19977906346321106, 0.20004215836524963]]
[[0.19940590858459473, 0.1975063532590866, 0.19928082823753357, 0.20462371408939362, 0.1991831213235855]]
[[0.20214372873306274, 0.20584535598754883, 0.1976235806941986, 0.19214265048503876, 0.20224465429782867]]
[[0.20001937448978424, 0.20104515552520752, 0.1995471864938736, 0.1994892656803131, 0.19989897310733795]]
[[0.19951045513153076, 0.19737356901168823, 0.20014631748199463, 0.20512202382087708, 0.1978476345539093]]
hyposthese:
6 pieces , up to 8x3mm ; all muscularis , good specimens
reference:
6 pieces mainly muscularis , trace 'contaminant ' mucosa , foci delineated
