[[0.1805965006351471, 0.17639681696891785, 0.17422473430633545, 0.1801947057247162, 0.2885872721672058]]
[[0.17387059330940247, 0.16975121200084686, 0.17026260495185852, 0.17175832390785217, 0.314357191324234]]
[[0.21570323407649994, 0.22032296657562256, 0.221636563539505, 0.21866858005523682, 0.12366865575313568]]
[[0.22137866914272308, 0.22813688218593597, 0.23442228138446808, 0.22893424332141876, 0.0871279239654541]]
[[0.1982271671295166, 0.19862523674964905, 0.19777923822402954, 0.19833196699619293, 0.20703642070293427]]
[[0.19761894643306732, 0.19736573100090027, 0.1943572610616684, 0.19681178033351898, 0.2138463258743286]]
hyposthese:
2 pieces , mild congestion
reference:
2 pieces ; <unk> alveolar spaces suggestive of emphysema
