[[0.23015643656253815, 0.26340240240097046, 0.11811930686235428, 0.25397130846977234, 0.13435058295726776]]
[[0.19366995990276337, 0.27071794867515564, 0.13295228779315948, 0.26123008131980896, 0.14142976701259613]]
[[0.18518313765525818, 0.15194843709468842, 0.257310688495636, 0.15558946132659912, 0.2499682903289795]]
[[0.1824827790260315, 0.11502669006586075, 0.300365686416626, 0.12180925905704498, 0.2803156077861786]]
[[0.20024795830249786, 0.2072802186012268, 0.19070923328399658, 0.21003788709640503, 0.19172468781471252]]
[[0.19835199415683746, 0.19118647277355194, 0.2082989364862442, 0.1926102191209793, 0.20955242216587067]]
[[0.20178121328353882, 0.21284690499305725, 0.18516609072685242, 0.21117068827152252, 0.1890350878238678]]
hyposthese:
1 piece ; adenohypophysis and neurohypophysis
reference:
1 piece ; anterior and posterior [ marked ]
