[[0.2522563338279724, 0.2764609754085541, 0.14889457821846008, 0.08710747212171555, 0.23528063297271729]]
[[0.2380741685628891, 0.25187548995018005, 0.16189727187156677, 0.1142149493098259, 0.23393817245960236]]
[[0.17986908555030823, 0.16651110351085663, 0.22213038802146912, 0.24372641742229462, 0.18776308000087738]]
[[0.10890243947505951, 0.09442365169525146, 0.2747844159603119, 0.4052228033542633, 0.1166667640209198]]
[[0.20711298286914825, 0.2048761546611786, 0.19301818311214447, 0.1858333796262741, 0.2091592699289322]]
[[0.2091030329465866, 0.20773816108703613, 0.19219772517681122, 0.1813480257987976, 0.20961305499076843]]
[[0.20732323825359344, 0.2061108946800232, 0.19178301095962524, 0.186017245054245, 0.20876558125019073]]
[[0.20266751945018768, 0.199833944439888, 0.19998763501644135, 0.1956617385149002, 0.20184916257858276]]
[[0.20098266005516052, 0.19677379727363586, 0.20120784640312195, 0.2002953141927719, 0.20074032247066498]]
[[0.20185840129852295, 0.20160086452960968, 0.19779862463474274, 0.19660812616348267, 0.20213396847248077]]
[[0.20074759423732758, 0.20101305842399597, 0.19922837615013123, 0.19851946830749512, 0.2004915475845337]]
[[0.20318949222564697, 0.20315198600292206, 0.19881148636341095, 0.1924620419740677, 0.20238502323627472]]
hyposthese:
6 pieces , mucosa is <unk> thick , <unk> % thickness
reference:
6 pieces up to <unk> mm ; mucosa up to 0.4mm
