[[0.25341999530792236, 0.254390686750412, 0.1354551762342453, 0.09515519440174103, 0.26157891750335693]]
[[0.24577270448207855, 0.2822544276714325, 0.14725272357463837, 0.11718212068080902, 0.20753800868988037]]
[[0.18065881729125977, 0.17479276657104492, 0.2288423478603363, 0.23755325376987457, 0.17815279960632324]]
[[0.1001906469464302, 0.09339343011379242, 0.3056929409503937, 0.3861292600631714, 0.11459371447563171]]
[[0.20555536448955536, 0.20497258007526398, 0.1910967081785202, 0.18799683451652527, 0.21037857234477997]]
[[0.20690637826919556, 0.2062995433807373, 0.19241179525852203, 0.1849619746208191, 0.209420308470726]]
[[0.21295008063316345, 0.21284358203411102, 0.1858786642551422, 0.17816926538944244, 0.2101583033800125]]
[[0.20576272904872894, 0.20407702028751373, 0.1933441162109375, 0.18834587931632996, 0.20847028493881226]]
[[0.185455322265625, 0.18176759779453278, 0.22063755989074707, 0.22648993134498596, 0.1856495440006256]]
[[0.2014453262090683, 0.20190538465976715, 0.19732820987701416, 0.19573469460010529, 0.2035864144563675]]
[[0.20044465363025665, 0.20178663730621338, 0.19869104027748108, 0.19874106347560883, 0.20033667981624603]]
[[0.20273873209953308, 0.2060510367155075, 0.19795896112918854, 0.18969687819480896, 0.20355437695980072]]
hyposthese:
6 pieces , mucosa up to ~1mm , <unk> % thickness
reference:
6 ~ <unk> pieces . mucosa generally well-preserved , some autolysis <unk> , is ~10 % of thickness
