[[0.20900338888168335, 0.1799735724925995, 0.12032491713762283, 0.22089225053787231, 0.269805908203125]]
[[0.20645080506801605, 0.16337548196315765, 0.14039328694343567, 0.2233249545097351, 0.2664554715156555]]
[[0.19096940755844116, 0.22744669020175934, 0.2566636800765991, 0.18161965906620026, 0.1433006078004837]]
[[0.19626525044441223, 0.23073513805866241, 0.2963593602180481, 0.17207910120487213, 0.10456116497516632]]
[[0.20426885783672333, 0.1915358453989029, 0.18798552453517914, 0.20709525048732758, 0.20911452174186707]]
[[0.1992126703262329, 0.2029307782649994, 0.19347499310970306, 0.2020987719297409, 0.20228278636932373]]
hyposthese:
2 pieces , myometrium only
reference:
11x8 mm ; atrophic endometrium , calcified arteries
