[[0.18400394916534424, 0.20197920501232147, 0.20507986843585968, 0.210410013794899, 0.19852697849273682]]
[[0.18125136196613312, 0.20401723682880402, 0.1895878165960312, 0.2226778119802475, 0.2024657130241394]]
[[0.21532630920410156, 0.19563713669776917, 0.20108740031719208, 0.18730957806110382, 0.20063966512680054]]
[[0.2228432595729828, 0.19394132494926453, 0.20210908353328705, 0.18288396298885345, 0.19822244346141815]]
[[0.19729351997375488, 0.20043867826461792, 0.19923551380634308, 0.20292912423610687, 0.20010320842266083]]
[[0.19801147282123566, 0.20082740485668182, 0.19962026178836823, 0.2018183320760727, 0.19972257316112518]]
[[0.19090302288532257, 0.20127175748348236, 0.20021016895771027, 0.2089138925075531, 0.1987011879682541]]
[[0.212716206908226, 0.19809690117835999, 0.2021293193101883, 0.18693773448467255, 0.20011992752552032]]
[[0.2000836879014969, 0.2001759558916092, 0.20069554448127747, 0.1993434876203537, 0.19970135390758514]]
[[0.19649113714694977, 0.20043538510799408, 0.1995219588279724, 0.20317450165748596, 0.20037701725959778]]
[[0.19885165989398956, 0.20029616355895996, 0.19975778460502625, 0.20075350999832153, 0.2003408819437027]]
hyposthese:
2 pieces , <unk> & <unk> ; minimal interstitial fat
reference:
2 pieces , minimal internal fat
