[[0.19240960478782654, 0.18272355198860168, 0.20467589795589447, 0.20229080319404602, 0.21790018677711487]]
[[0.18747195601463318, 0.1369095742702484, 0.20089906454086304, 0.2170695662498474, 0.25764980912208557]]
[[0.20545564591884613, 0.21900483965873718, 0.19812840223312378, 0.19536501169204712, 0.18204611539840698]]
[[0.21664278209209442, 0.26785436272621155, 0.19448234140872955, 0.1831970512866974, 0.1378234475851059]]
[[0.1995275914669037, 0.19414286315441132, 0.20075860619544983, 0.20235680043697357, 0.20321416854858398]]
[[0.19799764454364777, 0.19434577226638794, 0.1994728446006775, 0.2018173187971115, 0.2063663899898529]]
[[0.20318521559238434, 0.2064981609582901, 0.19968244433403015, 0.19844089448451996, 0.19219331443309784]]
[[0.19996961951255798, 0.19616618752479553, 0.20029650628566742, 0.20115350186824799, 0.20241418480873108]]
[[0.2009531855583191, 0.20131979882717133, 0.20083341002464294, 0.2005894035100937, 0.19630415737628937]]
[[0.19942861795425415, 0.1930381953716278, 0.20066384971141815, 0.20197243988513947, 0.2048969268798828]]
[[0.2001211941242218, 0.19713865220546722, 0.20015908777713776, 0.20048187673091888, 0.20209917426109314]]
hyposthese:
6 pieces ; well trimmed ; 10 % dermal fat
reference:
6 pieces , no dermal fat ; squamous epithelium is ~30 microns
