[[0.18482692539691925, 0.19485168159008026, 0.17434024810791016, 0.2100677192211151, 0.23591338098049164]]
[[0.18927107751369476, 0.1827515810728073, 0.17842768132686615, 0.20063571631908417, 0.24891391396522522]]
[[0.20969931781291962, 0.21044698357582092, 0.22610457241535187, 0.1920023411512375, 0.16174672544002533]]
[[0.22621071338653564, 0.2196357250213623, 0.23585066199302673, 0.18586625158786774, 0.13243666291236877]]
[[0.19604994356632233, 0.19632713496685028, 0.19351781904697418, 0.20280934870243073, 0.21129578351974487]]
[[0.20248031616210938, 0.2019692361354828, 0.20239056646823883, 0.2010580599308014, 0.19210182130336761]]
[[0.19590486586093903, 0.19826562702655792, 0.19390550255775452, 0.20377226173877716, 0.20815175771713257]]
[[0.19725938141345978, 0.1986667811870575, 0.19551442563533783, 0.2024281919002533, 0.2061312198638916]]
hyposthese:
2 pieces ; 10 % internal fat
reference:
2 pieces ; 40 & 10 % internal fat
