[[0.116356760263443, 0.24238497018814087, 0.26299241185188293, 0.11255045235157013, 0.26571542024612427]]
[[0.12053846567869186, 0.24363993108272552, 0.25005868077278137, 0.11924292892217636, 0.2665199935436249]]
[[0.24031341075897217, 0.18274441361427307, 0.17221900820732117, 0.2411813586950302, 0.1635417640209198]]
[[0.34430238604545593, 0.11295177787542343, 0.09348928928375244, 0.36102792620658875, 0.08822852373123169]]
[[0.19140863418579102, 0.20513147115707397, 0.20519307255744934, 0.19125404953956604, 0.2070128172636032]]
[[0.1889764666557312, 0.20724253356456757, 0.2064998298883438, 0.18894971907138824, 0.20833148062229156]]
[[0.18172240257263184, 0.20928554236888885, 0.21178872883319855, 0.18159575760364532, 0.21560758352279663]]
[[0.18980669975280762, 0.20402385294437408, 0.2065475881099701, 0.18926937878131866, 0.21035248041152954]]
[[0.22597254812717438, 0.1900535672903061, 0.18328438699245453, 0.2252923548221588, 0.1753971129655838]]
[[0.1976759433746338, 0.20119109749794006, 0.20190121233463287, 0.19706416130065918, 0.2021675556898117]]
[[0.19848035275936127, 0.19989266991615295, 0.20299024879932404, 0.19849155843257904, 0.20014509558677673]]
[[0.19133129715919495, 0.20486269891262054, 0.20527860522270203, 0.19143033027648926, 0.20709708333015442]]
hyposthese:
6 pieces , mucosa up to ~1mm , <unk> % thickness
reference:
6 pieces ; well dissected full thickness mucosa & muscle
