[[0.20931655168533325, 0.19720862805843353, 0.18971788883209229, 0.1998397707939148, 0.20391717553138733]]
[[0.20521453022956848, 0.18808452785015106, 0.19826194643974304, 0.19670362770557404, 0.2117353230714798]]
[[0.19504804909229279, 0.20282413065433502, 0.20331232249736786, 0.20060932636260986, 0.19820620119571686]]
[[0.1895521879196167, 0.21074917912483215, 0.20884835720062256, 0.2027946412563324, 0.1880556344985962]]
[[0.19940845668315887, 0.20167401432991028, 0.1994294822216034, 0.1991238296031952, 0.20036423206329346]]
[[0.20058795809745789, 0.20146729052066803, 0.19795438647270203, 0.19947513937950134, 0.20051518082618713]]
[[0.19862067699432373, 0.20083628594875336, 0.19950012862682343, 0.2009003907442093, 0.2001424878835678]]
hyposthese:
2 pieces , minimal fascia/vascular elements
reference:
2 pieces , minimal <unk> tissue
