[[0.18084825575351715, 0.177495077252388, 0.19996695220470428, 0.21586883068084717, 0.2258208990097046]]
[[0.1878025084733963, 0.18592509627342224, 0.2035989910364151, 0.2171046882867813, 0.20556873083114624]]
[[0.21605798602104187, 0.21712331473827362, 0.2017376869916916, 0.18236039578914642, 0.18272067606449127]]
[[0.2184249460697174, 0.2204807847738266, 0.202125683426857, 0.17497405409812927, 0.18399453163146973]]
[[0.19788280129432678, 0.20021112263202667, 0.1994154453277588, 0.20328113436698914, 0.19920948147773743]]
[[0.1942397505044937, 0.19641795754432678, 0.20058706402778625, 0.2059195339679718, 0.20283573865890503]]
[[0.19760407507419586, 0.1981862485408783, 0.20084504783153534, 0.201760932803154, 0.20160366594791412]]
hyposthese:
2 pieces , minimal ischemic changes
reference:
2 pieces ; 5 % internal fat ; patchy hypereosinophilia ( possible early ischemia )
