[[0.20862439274787903, 0.18025243282318115, 0.1822749674320221, 0.2049511969089508, 0.2238970398902893]]
[[0.19902126491069794, 0.14486971497535706, 0.16748294234275818, 0.2742614448070526, 0.21436461806297302]]
[[0.1971263438463211, 0.21379274129867554, 0.21441768109798431, 0.18378493189811707, 0.19087834656238556]]
[[0.19319035112857819, 0.25229790806770325, 0.2366175800561905, 0.1490916907787323, 0.16880245506763458]]
[[0.20061570405960083, 0.19749046862125397, 0.1989799588918686, 0.2015986442565918, 0.2013152688741684]]
[[0.19971370697021484, 0.1888672113418579, 0.1961217224597931, 0.20635145902633667, 0.20894590020179749]]
[[0.19945119321346283, 0.1910942792892456, 0.19536523520946503, 0.20252220332622528, 0.21156717836856842]]
[[0.19399136304855347, 0.22950434684753418, 0.2181105762720108, 0.17642873525619507, 0.18196505308151245]]
[[0.20002302527427673, 0.19868096709251404, 0.2012168914079666, 0.20051635801792145, 0.19956281781196594]]
[[0.20056869089603424, 0.19836333394050598, 0.19936051964759827, 0.20032697916030884, 0.20138053596019745]]
[[0.19993603229522705, 0.1993166208267212, 0.2000199407339096, 0.19989213347434998, 0.2008352279663086]]
[[0.20028653740882874, 0.1978144645690918, 0.19894787669181824, 0.20077328383922577, 0.20217788219451904]]
[[0.19968122243881226, 0.19828243553638458, 0.1991008073091507, 0.20086325705051422, 0.20207230746746063]]
[[0.20002351701259613, 0.19807131588459015, 0.19894352555274963, 0.2004866600036621, 0.20247498154640198]]
hyposthese:
6 pieces , up to <unk> ; squamous epithelium is ~1 % thickness
reference:
6 pieces ; too much subcutaneous fat on 4 of 6
