[[0.17723816633224487, 0.24136322736740112, 0.17742975056171417, 0.21435174345970154, 0.1896170973777771]]
[[0.17283368110656738, 0.24462179839611053, 0.1871151179075241, 0.21406641602516174, 0.18136298656463623]]
[[0.22035644948482513, 0.16463695466518402, 0.21355915069580078, 0.19006595015525818, 0.21138152480125427]]
[[0.2359243631362915, 0.15164130926132202, 0.21810229122638702, 0.17877978086471558, 0.2155522257089615]]
[[0.1961696594953537, 0.20535747706890106, 0.1991736739873886, 0.20191624760627747, 0.19738292694091797]]
[[0.20037920773029327, 0.19527041912078857, 0.20155377686023712, 0.20142538845539093, 0.2013712227344513]]
[[0.19223111867904663, 0.2102198600769043, 0.19610515236854553, 0.20579804480075836, 0.1956457942724228]]
hyposthese:
1 piece ; adenohypophysis and neurohypophysis
reference:
1 piece , adenohypophysis
