[[0.18790937960147858, 0.20182503759860992, 0.18493984639644623, 0.24151785671710968, 0.1838078498840332]]
[[0.1780546009540558, 0.19667235016822815, 0.17628860473632812, 0.2630733847618103, 0.18591105937957764]]
[[0.21203751862049103, 0.198593407869339, 0.21794556081295013, 0.1552526354789734, 0.21617089211940765]]
[[0.2265096753835678, 0.18622632324695587, 0.23889443278312683, 0.1113976314663887, 0.2369718998670578]]
[[0.196404367685318, 0.1999536007642746, 0.19553568959236145, 0.21184030175209045, 0.1962660700082779]]
[[0.19344593584537506, 0.20461757481098175, 0.1906895488500595, 0.21725760400295258, 0.19398930668830872]]
[[0.19677484035491943, 0.20167891681194305, 0.1949673593044281, 0.20960251986980438, 0.19697634875774384]]
[[0.19452567398548126, 0.2018854171037674, 0.19261886179447174, 0.21597610414028168, 0.19499394297599792]]
[[0.19813640415668488, 0.20058362185955048, 0.19661547243595123, 0.20789742469787598, 0.19676712155342102]]
[[0.20701228082180023, 0.19952385127544403, 0.21014472842216492, 0.1771860271692276, 0.20613308250904083]]
[[0.19900678098201752, 0.20097734034061432, 0.19818352162837982, 0.2036815881729126, 0.19815079867839813]]
[[0.19811595976352692, 0.20095635950565338, 0.1970076709985733, 0.2062671184539795, 0.19765295088291168]]
[[0.19999004900455475, 0.20003333687782288, 0.1996849924325943, 0.20060819387435913, 0.19968341290950775]]
[[0.20045797526836395, 0.20033398270606995, 0.20003487169742584, 0.19919584691524506, 0.199977308511734]]
[[0.20216533541679382, 0.20088285207748413, 0.20130223035812378, 0.1949847936630249, 0.20066481828689575]]
[[0.19885815680027008, 0.20077116787433624, 0.19813594222068787, 0.204148069024086, 0.1980867087841034]]
[[0.1987711489200592, 0.20071156322956085, 0.19809700548648834, 0.20438078045845032, 0.1980394572019577]]
hyposthese:
6 pieces , squamous mucosa up to ~0.4mm , submucosal mucus glands present , rep delineated
reference:
1 piece , <unk> ; squamous mucosa is ~30 % thickness
