[[0.2231968641281128, 0.22158287465572357, 0.19485041499137878, 0.1618749499320984, 0.19849489629268646]]
[[0.20268578827381134, 0.24568863213062286, 0.18193423748016357, 0.1632865071296692, 0.20640483498573303]]
[[0.19303102791309357, 0.17297370731830597, 0.21211965382099152, 0.22155271470546722, 0.2003229558467865]]
[[0.18217352032661438, 0.136402890086174, 0.2102453112602234, 0.2719188630580902, 0.199259415268898]]
[[0.20320981740951538, 0.20193320512771606, 0.19987937808036804, 0.1923089474439621, 0.2026686668395996]]
[[0.20272547006607056, 0.1988426148891449, 0.20062361657619476, 0.1956634521484375, 0.2021448314189911]]
hyposthese:
6 pieces ; atrophic epithelium
reference:
6 pieces , squamous mucosa is <unk> , ~1.5 % thickness
