[[0.1958354413509369, 0.2115008682012558, 0.1891712099313736, 0.18205223977565765, 0.22144025564193726]]
[[0.22233738005161285, 0.2131577432155609, 0.16977518796920776, 0.1346409171819687, 0.2600887715816498]]
[[0.19649441540241241, 0.19414333999156952, 0.20983797311782837, 0.22222749888896942, 0.17729681730270386]]
[[0.18275359272956848, 0.17140638828277588, 0.24095015227794647, 0.27261441946029663, 0.13227543234825134]]
[[0.20057788491249084, 0.20232543349266052, 0.19637048244476318, 0.19426558911800385, 0.20646065473556519]]
[[0.20258866250514984, 0.20204196870326996, 0.1945580095052719, 0.19304431974887848, 0.20776702463626862]]
[[0.198410764336586, 0.19738559424877167, 0.20623311400413513, 0.20723457634449005, 0.19073595106601715]]
[[0.19979654252529144, 0.20158220827579498, 0.1971818059682846, 0.19638089835643768, 0.20505854487419128]]
[[0.20176656544208527, 0.20095470547676086, 0.20134980976581573, 0.20129156112670898, 0.19463732838630676]]
[[0.20173010230064392, 0.20324262976646423, 0.19495230913162231, 0.1928791105747223, 0.20719584822654724]]
[[0.20065201818943024, 0.20131462812423706, 0.19782380759716034, 0.1966654360294342, 0.20354411005973816]]
hyposthese:
6 pieces ; well trimmed ; 10 % dermal fat
reference:
6 pieces ; up to 10 % attached and periadnexal fat
