[[0.27842798829078674, 0.14973945915699005, 0.28147464990615845, 0.14168035984039307, 0.14867758750915527]]
[[0.3143382668495178, 0.13056284189224243, 0.2982998192310333, 0.12801548838615417, 0.12878356873989105]]
[[0.13358335196971893, 0.24206328392028809, 0.13286474347114563, 0.24653950333595276, 0.2449490875005722]]
[[0.0800081193447113, 0.2745789885520935, 0.08586219698190689, 0.2809871733188629, 0.27856355905532837]]
[[0.20613740384578705, 0.19618059694766998, 0.20584791898727417, 0.19659577310085297, 0.19523833692073822]]
[[0.18836095929145813, 0.20766609907150269, 0.18941064178943634, 0.20793429017066956, 0.20662805438041687]]
[[0.21632689237594604, 0.18944117426872253, 0.2148868888616562, 0.19047176837921143, 0.188873291015625]]
[[0.20701849460601807, 0.19647207856178284, 0.20479798316955566, 0.1968514621257782, 0.19486002624034882]]
hyposthese:
2 pieces ; 10 % internal fat
reference:
2 pieces , moderately <unk> saponification . islets <unk> seen , <unk>
