[[0.16642723977565765, 0.1842949539422989, 0.23124733567237854, 0.23493289947509766, 0.18309752643108368]]
[[0.15088672935962677, 0.16002801060676575, 0.27702540159225464, 0.2393832504749298, 0.17267662286758423]]
[[0.23505307734012604, 0.22455519437789917, 0.15137213468551636, 0.16408255696296692, 0.22493702173233032]]
[[0.29559943079948425, 0.24773959815502167, 0.10309553146362305, 0.12036648392677307, 0.23319901525974274]]
[[0.19209331274032593, 0.19433356821537018, 0.2071378529071808, 0.209961399435997, 0.19647382199764252]]
[[0.1852925717830658, 0.1925104409456253, 0.21538884937763214, 0.2112983763217926, 0.19550980627536774]]
[[0.19165043532848358, 0.19662222266197205, 0.20788875222206116, 0.20587171614170074, 0.1979668289422989]]
[[0.19426968693733215, 0.19756777584552765, 0.2059880495071411, 0.2042815238237381, 0.19789299368858337]]
[[0.20058675110340118, 0.2014734148979187, 0.1950165033340454, 0.20148734748363495, 0.20143593847751617]]
[[0.19730429351329803, 0.1985682100057602, 0.20272304117679596, 0.20285063982009888, 0.19855381548404694]]
[[0.19835563004016876, 0.19814282655715942, 0.20430098474025726, 0.20078667998313904, 0.1984138786792755]]
[[0.19645744562149048, 0.19910244643688202, 0.20337556302547455, 0.201718270778656, 0.19934625923633575]]
hyposthese:
6 pieces , squamous mucosa is <unk> , ~20-25 % thickness
reference:
6 pieces . well dissected mucosa
