[[0.19663399457931519, 0.20028337836265564, 0.1979786902666092, 0.18243193626403809, 0.22267194092273712]]
[[0.1667296588420868, 0.21126309037208557, 0.1743733435869217, 0.19433017075061798, 0.25330373644828796]]
[[0.21035142242908478, 0.2000395506620407, 0.21169401705265045, 0.2092573344707489, 0.16865764558315277]]
[[0.23266004025936127, 0.19521963596343994, 0.21511858701705933, 0.21307076513767242, 0.14393098652362823]]
[[0.1956235021352768, 0.19964659214019775, 0.19735197722911835, 0.19959518313407898, 0.20778276026248932]]
[[0.19364358484745026, 0.20063643157482147, 0.196229949593544, 0.1977909803390503, 0.2116990089416504]]
[[0.19719134271144867, 0.2014997899532318, 0.19869479537010193, 0.19913701713085175, 0.20347703993320465]]
hyposthese:
2 pieces , minimal ischemic changes
reference:
2 pieces
