[[0.19685906171798706, 0.19043102860450745, 0.21575228869915009, 0.19005346298217773, 0.20690412819385529]]
[[0.189280703663826, 0.17966581881046295, 0.23246042430400848, 0.17910459637641907, 0.21948851644992828]]
[[0.20355349779129028, 0.2198863923549652, 0.17478959262371063, 0.21693375706672668, 0.18483665585517883]]
[[0.20365643501281738, 0.2368016093969345, 0.15616868436336517, 0.2319556623697281, 0.17141762375831604]]
[[0.19977393746376038, 0.19631721079349518, 0.20508940517902374, 0.19723081588745117, 0.20158866047859192]]
[[0.19733674824237823, 0.19166412949562073, 0.21064630150794983, 0.19346833229064941, 0.2068844437599182]]
hyposthese:
2 pieces , glandular hyperplasia
reference:
2 pieces , well-preserved glandular elements , no abnormalities
