[[0.17415019869804382, 0.21501745283603668, 0.20431657135486603, 0.2198413610458374, 0.18667447566986084]]
[[0.1773226261138916, 0.1934022754430771, 0.23449839651584625, 0.20673224329948425, 0.18804442882537842]]
[[0.218339204788208, 0.1951056271791458, 0.18950852751731873, 0.18651963770389557, 0.21052692830562592]]
[[0.2493218183517456, 0.18900026381015778, 0.18194569647312164, 0.17142701148986816, 0.20830510556697845]]
[[0.1950986683368683, 0.20103657245635986, 0.19888406991958618, 0.20478175580501556, 0.2001989185810089]]
[[0.19500429928302765, 0.2008068561553955, 0.2011214941740036, 0.20341503620147705, 0.19965234398841858]]
hyposthese:
6 pieces ; well trimmed
reference:
6 pieces , all muscularis , congested , moderately autolyzed in foci
