[[0.21126337349414825, 0.19162219762802124, 0.18704409897327423, 0.2042304277420044, 0.2058398723602295]]
[[0.2242637574672699, 0.19148468971252441, 0.18652673065662384, 0.19750365614891052, 0.2002211958169937]]
[[0.1804475337266922, 0.20985037088394165, 0.21590475738048553, 0.19822557270526886, 0.19557183980941772]]
[[0.1667589247226715, 0.21904383599758148, 0.22889992594718933, 0.19755636155605316, 0.1877409964799881]]
[[0.21117322146892548, 0.19402167201042175, 0.1900288164615631, 0.20015868544578552, 0.20461758971214294]]
[[0.21324604749679565, 0.19189496338367462, 0.18793199956417084, 0.2018577605485916, 0.2050691545009613]]
hyposthese:
4 pieces , no abnormalities
reference:
2 pieces , no abnormalities
