[[0.24301350116729736, 0.24732135236263275, 0.19474932551383972, 0.17106056213378906, 0.14385519921779633]]
[[0.22087810933589935, 0.23045800626277924, 0.2018883377313614, 0.18674878776073456, 0.16002672910690308]]
[[0.17539000511169434, 0.17156027257442474, 0.20354481041431427, 0.21605545282363892, 0.23344944417476654]]
[[0.14930979907512665, 0.1410312056541443, 0.19865356385707855, 0.23530983924865723, 0.2756955921649933]]
[[0.20651961863040924, 0.20569175481796265, 0.19957154989242554, 0.1959766149520874, 0.19224046170711517]]
[[0.21015439927577972, 0.2118479311466217, 0.19728730618953705, 0.19288966059684753, 0.1878206878900528]]
[[0.20371530950069427, 0.20371663570404053, 0.1988566517829895, 0.19766674935817719, 0.19604472815990448]]
[[0.18666446208953857, 0.1834828406572342, 0.20219488441944122, 0.21148458123207092, 0.2161732167005539]]
[[0.2002202421426773, 0.2002740204334259, 0.2007097750902176, 0.19990284740924835, 0.19889312982559204]]
[[0.20464932918548584, 0.20530596375465393, 0.1999770998954773, 0.19644895195960999, 0.19361864030361176]]
[[0.2018004208803177, 0.20173023641109467, 0.1997111290693283, 0.1985236257314682, 0.19823460280895233]]
hyposthese:
2 pieces , no adherent fat , good clean specimens
reference:
2 pieces , excellent specimen , some intimal thickening and small focus of medial calcification
