[[0.1926969438791275, 0.24433398246765137, 0.07307770848274231, 0.24094101786613464, 0.24895025789737701]]
[[0.18967564404010773, 0.25885656476020813, 0.10590250045061111, 0.22492951154708862, 0.22063584625720978]]
[[0.20907948911190033, 0.1741710603237152, 0.2540991008281708, 0.1790766716003418, 0.1835736781358719]]
[[0.18505871295928955, 0.10435235500335693, 0.46316856145858765, 0.12596815824508667, 0.1214522272348404]]
[[0.19894059002399445, 0.2033206969499588, 0.18518827855587006, 0.20595987141132355, 0.20659053325653076]]
[[0.19968262314796448, 0.21664246916770935, 0.15995262563228607, 0.2150059938430786, 0.20871634781360626]]
[[0.20072004199028015, 0.21511514484882355, 0.1573653519153595, 0.21253594756126404, 0.21426346898078918]]
[[0.20065432786941528, 0.15977215766906738, 0.3002346456050873, 0.17182253301143646, 0.1675163209438324]]
[[0.19989755749702454, 0.19954992830753326, 0.1986888349056244, 0.2010197639465332, 0.2008439153432846]]
[[0.19872444868087769, 0.20427271723747253, 0.19124040007591248, 0.2026296854019165, 0.20313279330730438]]
[[0.2000756561756134, 0.2006589025259018, 0.19654811918735504, 0.20025523006916046, 0.2024620920419693]]
[[0.20055188238620758, 0.20049259066581726, 0.1986689269542694, 0.1996077597141266, 0.20067887008190155]]
[[0.19890469312667847, 0.2014264613389969, 0.19601084291934967, 0.20129121840000153, 0.20236675441265106]]
[[0.198219433426857, 0.20827287435531616, 0.18812353909015656, 0.20019865036010742, 0.2051854431629181]]
[[0.19969750940799713, 0.1980365812778473, 0.2114352434873581, 0.1952829211950302, 0.19554775953292847]]
hyposthese:
6 pieces , up to <unk> ; all have mucosa , no muscularis propria
reference:
6 pieces , <unk> well-preserved ; lymphoid aggregates ~10-15 % of total tissue , delineated
