[[0.1804054081439972, 0.18295815587043762, 0.1782292127609253, 0.21780748665332794, 0.24059967696666718]]
[[0.16627411544322968, 0.1915479451417923, 0.1890367865562439, 0.1992269605398178, 0.2539142072200775]]
[[0.2246697098016739, 0.21482256054878235, 0.2190365046262741, 0.18749308586120605, 0.153978168964386]]
[[0.22652752697467804, 0.2209349423646927, 0.2231101244688034, 0.1857742965221405, 0.1436530351638794]]
[[0.19927139580249786, 0.19927775859832764, 0.20031249523162842, 0.19918935000896454, 0.20194897055625916]]
[[0.20012855529785156, 0.199310302734375, 0.19810651242733002, 0.2008821964263916, 0.20157238841056824]]
[[0.1880188286304474, 0.18951059877872467, 0.18666186928749084, 0.2036769539117813, 0.23213179409503937]]
[[0.21264305710792542, 0.2141156643629074, 0.21665281057357788, 0.1948121190071106, 0.16177628934383392]]
[[0.20188987255096436, 0.2014058530330658, 0.2012835144996643, 0.20022372901439667, 0.19519701600074768]]
[[0.19767865538597107, 0.19790633022785187, 0.19658468663692474, 0.20140862464904785, 0.20642171800136566]]
[[0.1997709721326828, 0.1997048556804657, 0.19938616454601288, 0.19994787871837616, 0.20119017362594604]]
hyposthese:
2 pieces , <unk> & <unk> ; minimal ischemic changes
reference:
2 pieces ~10x9mm . minimal ischemic changes
