[[0.20081311464309692, 0.18969324231147766, 0.18648144602775574, 0.2097988724708557, 0.21321335434913635]]
[[0.20780454576015472, 0.18221816420555115, 0.16778501868247986, 0.16775760054588318, 0.27443474531173706]]
[[0.19614891707897186, 0.2109251767396927, 0.2095039188861847, 0.20433606207370758, 0.17908592522144318]]
[[0.18837463855743408, 0.22477345168590546, 0.2403157651424408, 0.21728022396564484, 0.12925593554973602]]
[[0.2009401172399521, 0.19851341843605042, 0.19695822894573212, 0.19741520285606384, 0.20617304742336273]]
[[0.20118114352226257, 0.19675150513648987, 0.19576604664325714, 0.19777843356132507, 0.20852290093898773]]
[[0.2007392793893814, 0.1990697979927063, 0.19726082682609558, 0.19873109459877014, 0.2041989266872406]]
[[0.19853124022483826, 0.2056073248386383, 0.2078721672296524, 0.2071569412946701, 0.18083231151103973]]
[[0.20062553882598877, 0.1989797055721283, 0.19887101650238037, 0.19929713010787964, 0.20222662389278412]]
[[0.20086103677749634, 0.19743239879608154, 0.19769032299518585, 0.19912609457969666, 0.2048902064561844]]
[[0.20036382973194122, 0.19993989169597626, 0.19934876263141632, 0.19955280423164368, 0.20079471170902252]]
[[0.20146986842155457, 0.19953607022762299, 0.19781239330768585, 0.1984865367412567, 0.2026951014995575]]
hyposthese:
6 pieces , minimal dermal fat ; squamous epithelium is <unk>
reference:
6 pieces ~7x3mm . squamous epithelium is ~2-3 % of thickness
