[[0.19784563779830933, 0.12840212881565094, 0.25695163011550903, 0.1848510354757309, 0.231949582695961]]
[[0.18062259256839752, 0.13262610137462616, 0.28230389952659607, 0.15470577776432037, 0.24974162876605988]]
[[0.20856711268424988, 0.24990543723106384, 0.1466166377067566, 0.22586865723133087, 0.1690421998500824]]
[[0.209304541349411, 0.31078529357910156, 0.09593293815851212, 0.25158175826072693, 0.13239547610282898]]
[[0.20030604302883148, 0.19441962242126465, 0.20507517457008362, 0.1968681663274765, 0.20333099365234375]]
[[0.20120951533317566, 0.19072146713733673, 0.2040184587240219, 0.19721949100494385, 0.20683103799819946]]
[[0.1926264464855194, 0.17071127891540527, 0.23934590816497803, 0.1844412088394165, 0.21287520229816437]]
[[0.21103893220424652, 0.23201283812522888, 0.15625575184822083, 0.2215108871459961, 0.17918160557746887]]
[[0.20221607387065887, 0.20136794447898865, 0.19699954986572266, 0.20108166337013245, 0.19833481311798096]]
[[0.20105546712875366, 0.19151604175567627, 0.20534901320934296, 0.19916479289531708, 0.20291468501091003]]
[[0.2059195339679718, 0.208070769906044, 0.18444429337978363, 0.20746751129627228, 0.1940978616476059]]
[[0.1989065706729889, 0.19711968302726746, 0.20433378219604492, 0.1980198621749878, 0.20162007212638855]]
[[0.19875778257846832, 0.19729682803153992, 0.20402684807777405, 0.19786065816879272, 0.2020578682422638]]
[[0.19933240115642548, 0.1925112009048462, 0.20592465996742249, 0.19761255383491516, 0.20461922883987427]]
[[0.19989654421806335, 0.19153642654418945, 0.20678159594535828, 0.19813185930252075, 0.20365354418754578]]
hyposthese:
2 pieces , <unk> & <unk> ; all cortex , <unk> % of specimen
reference:
2 pieces <unk> , all layers of cortex seen ; discontinuous rim of adherent fat up to ~0.7mm
