[[0.1840563863515854, 0.2361726015806198, 0.19457167387008667, 0.182965487241745, 0.20223385095596313]]
[[0.17984122037887573, 0.22417622804641724, 0.20400798320770264, 0.20458625257015228, 0.18738828599452972]]
[[0.2104170024394989, 0.17466560006141663, 0.20331701636314392, 0.21029062569141388, 0.2013096958398819]]
[[0.2292439192533493, 0.158793106675148, 0.19841690361499786, 0.2116461843252182, 0.20189988613128662]]
[[0.19760292768478394, 0.20287679135799408, 0.1998453587293625, 0.1962818056344986, 0.20339317619800568]]
[[0.19097961485385895, 0.21057561039924622, 0.20175620913505554, 0.19619621336460114, 0.20049233734607697]]
[[0.19435429573059082, 0.20788215100765228, 0.19848865270614624, 0.19566838443279266, 0.2036064863204956]]
[[0.22328035533428192, 0.1660643368959427, 0.2045106738805771, 0.21316593885421753, 0.19297870993614197]]
[[0.19844704866409302, 0.20155681669712067, 0.1997261494398117, 0.19753679633140564, 0.20273320376873016]]
[[0.19555053114891052, 0.20593015849590302, 0.20146393775939941, 0.19702620804309845, 0.20002909004688263]]
[[0.20290762186050415, 0.190608412027359, 0.20318473875522614, 0.20414283871650696, 0.19915632903575897]]
[[0.19999757409095764, 0.2006468027830124, 0.1991858333349228, 0.19890600442886353, 0.20126377046108246]]
[[0.19690844416618347, 0.20403927564620972, 0.20204198360443115, 0.19648197293281555, 0.2005283087491989]]
hyposthese:
6 pieces , up to 8x4mm ; all muscularis , good specimens
reference:
1 piece , 8x4mm ; no mucosa , all <unk> , <unk> with <unk>
