[[0.1831582486629486, 0.2313789576292038, 0.22145475447177887, 0.21356460452079773, 0.150443434715271]]
[[0.16818374395370483, 0.20761200785636902, 0.2286941558122635, 0.2114865630865097, 0.18402355909347534]]
[[0.21166709065437317, 0.18476146459579468, 0.18280042707920074, 0.188004270195961, 0.23276668787002563]]
[[0.24026286602020264, 0.1696755290031433, 0.16086940467357635, 0.17779506742954254, 0.25139719247817993]]
[[0.1988898068666458, 0.20247909426689148, 0.20190730690956116, 0.20318832993507385, 0.1935354322195053]]
[[0.19857628643512726, 0.2032710462808609, 0.20557264983654022, 0.20182301104068756, 0.19075699150562286]]
[[0.20669974386692047, 0.19560502469539642, 0.19350740313529968, 0.1981198638677597, 0.2060679793357849]]
hyposthese:
6 pieces ; well trimmed muscle
reference:
6 pieces , <unk> and serosa
