[[0.21607249975204468, 0.19356170296669006, 0.20288653671741486, 0.1904819756746292, 0.19699726998806]]
[[0.2676466703414917, 0.16511251032352448, 0.2401610165834427, 0.1620607227087021, 0.16501908004283905]]
[[0.17859935760498047, 0.21140208840370178, 0.1875782012939453, 0.21315735578536987, 0.20926302671432495]]
[[0.13504354655742645, 0.23186610639095306, 0.16450875997543335, 0.24053405225276947, 0.22804757952690125]]
[[0.20644892752170563, 0.19627247750759125, 0.20433063805103302, 0.19554568827152252, 0.19740232825279236]]
[[0.20639027655124664, 0.1958511471748352, 0.2051466405391693, 0.19564928114414215, 0.1969626545906067]]
[[0.19160707294940948, 0.20414511859416962, 0.19592681527137756, 0.20443405210971832, 0.2038869708776474]]
[[0.20535284280776978, 0.19746220111846924, 0.2015189826488495, 0.1974819004535675, 0.19818411767482758]]
[[0.19649215042591095, 0.20048588514328003, 0.20098236203193665, 0.20085589587688446, 0.2011837363243103]]
[[0.20927701890468597, 0.19486474990844727, 0.20570190250873566, 0.1941641867160797, 0.19599215686321259]]
[[0.20322780311107635, 0.19806192815303802, 0.20222972333431244, 0.1979476362466812, 0.19853292405605316]]
hyposthese:
6 pieces ; well trimmed ; 10 % dermal fat
reference:
6 pieces , minimal dermal fat ; squamous epithelium is <unk>
