[[0.15783722698688507, 0.1423022449016571, 0.24200420081615448, 0.2593485414981842, 0.19850778579711914]]
[[0.1695677489042282, 0.14206840097904205, 0.2504931688308716, 0.2563631236553192, 0.18150757253170013]]
[[0.2219526320695877, 0.23267494142055511, 0.1735096126794815, 0.1661815345287323, 0.20568129420280457]]
[[0.25434258580207825, 0.283821165561676, 0.1413143128156662, 0.11944812536239624, 0.2010737806558609]]
[[0.19677956402301788, 0.19695456326007843, 0.20018257200717926, 0.20710934698581696, 0.1989738494157791]]
[[0.1970270425081253, 0.1972046047449112, 0.20023514330387115, 0.20612294971942902, 0.19941025972366333]]
[[0.18360890448093414, 0.18244901299476624, 0.21179679036140442, 0.2249474674463272, 0.197197824716568]]
[[0.22580640017986298, 0.2323869913816452, 0.17472471296787262, 0.1614268720149994, 0.20565499365329742]]
[[0.20149624347686768, 0.20142357051372528, 0.19991368055343628, 0.19771552085876465, 0.19945096969604492]]
[[0.19641023874282837, 0.19537216424942017, 0.20175115764141083, 0.2078535556793213, 0.19861289858818054]]
[[0.19747211039066315, 0.1978759914636612, 0.20077967643737793, 0.2040674239397049, 0.19980481266975403]]
[[0.2048611044883728, 0.20481491088867188, 0.19542549550533295, 0.190140038728714, 0.20475850999355316]]
[[0.19791898131370544, 0.19752031564712524, 0.20079486072063446, 0.204006165266037, 0.19975963234901428]]
[[0.19926977157592773, 0.19875015318393707, 0.20029546320438385, 0.20150503516197205, 0.20017962157726288]]
hyposthese:
2 pieces , <unk> & <unk> ; up to <unk> mm external adipose
reference:
2 ~6x4mm aliquots , both with ~0.5mm rim of adherent fat
