[[0.21265646815299988, 0.1485442966222763, 0.23017233610153198, 0.18308529257774353, 0.2255415916442871]]
[[0.21848443150520325, 0.12119920551776886, 0.24839696288108826, 0.14045502245426178, 0.27146437764167786]]
[[0.19298282265663147, 0.2290509045124054, 0.1816638559103012, 0.22201582789421082, 0.17428655922412872]]
[[0.16360142827033997, 0.3159666657447815, 0.1278093010187149, 0.2792239487171173, 0.11339864134788513]]
[[0.2017853558063507, 0.19368329644203186, 0.2021843045949936, 0.19646821916103363, 0.20587880909442902]]
[[0.20320723950862885, 0.19421176612377167, 0.2019422948360443, 0.19762615859508514, 0.2030125856399536]]
[[0.1988890916109085, 0.21258622407913208, 0.19045929610729218, 0.21129637956619263, 0.18676899373531342]]
[[0.20156413316726685, 0.1953870952129364, 0.20116066932678223, 0.19670405983924866, 0.20518404245376587]]
[[0.20055155456066132, 0.19688238203525543, 0.20232459902763367, 0.19628207385540009, 0.20395946502685547]]
[[0.2009488344192505, 0.20107463002204895, 0.1993560492992401, 0.20159903168678284, 0.1970214545726776]]
[[0.2009747177362442, 0.19773583114147186, 0.20102405548095703, 0.19880783557891846, 0.20145750045776367]]
[[0.20034754276275635, 0.19975291192531586, 0.19981122016906738, 0.2001548707485199, 0.19993342459201813]]
[[0.2006273865699768, 0.1968006193637848, 0.20110930502414703, 0.198712557554245, 0.20275016129016876]]
[[0.19913721084594727, 0.20201368629932404, 0.19856618344783783, 0.2018982470035553, 0.19838465750217438]]
[[0.2012932449579239, 0.19958123564720154, 0.20004282891750336, 0.20032864809036255, 0.19875405728816986]]
[[0.19895890355110168, 0.1957097351551056, 0.20216207206249237, 0.19721941649913788, 0.2059498429298401]]
hyposthese:
6 pieces , well preserved , lymphoid aggregates are ~20 % total , rep delineated
reference:
5 pieces ; excellent specimen , mucosa only with prominent lymphoid component
