[[0.1902349442243576, 0.197673037648201, 0.21581363677978516, 0.20292460918426514, 0.19335374236106873]]
[[0.14958304166793823, 0.2501528859138489, 0.28559190034866333, 0.1750277429819107, 0.13964441418647766]]
[[0.2223377525806427, 0.1850748360157013, 0.16258837282657623, 0.2078041434288025, 0.22219493985176086]]
[[0.2616216838359833, 0.14577063918113708, 0.11021845042705536, 0.21488957107067108, 0.2674996554851532]]
[[0.19398106634616852, 0.20614103972911835, 0.20903241634368896, 0.19638383388519287, 0.19446168839931488]]
[[0.18062345683574677, 0.21967504918575287, 0.23122504353523254, 0.19133633375167847, 0.17714016139507294]]
[[0.1886884868144989, 0.20996393263339996, 0.21934080123901367, 0.19634339213371277, 0.1856633573770523]]
[[0.23484420776367188, 0.17070944607257843, 0.14928725361824036, 0.2055358737707138, 0.23962324857711792]]
[[0.200433149933815, 0.20097944140434265, 0.19831430912017822, 0.200285866856575, 0.19998717308044434]]
[[0.18669730424880981, 0.2124171108007431, 0.22105978429317474, 0.1944192498922348, 0.18540652096271515]]
[[0.20220120251178741, 0.19871582090854645, 0.19694681465625763, 0.2014015167951584, 0.20073460042476654]]
hyposthese:
6 pieces , up to 8x3mm ; well trimmed .
reference:
6 pieces , up to 8x2mm ; well dissected ; flat plaques
