[[0.20439331233501434, 0.1906668245792389, 0.22553424537181854, 0.20243793725967407, 0.17696772515773773]]
[[0.2344576120376587, 0.1585233509540558, 0.2795019745826721, 0.1947767585515976, 0.1327403336763382]]
[[0.19004683196544647, 0.2155037820339203, 0.16615067422389984, 0.20082277059555054, 0.22747588157653809]]
[[0.1600686013698578, 0.23977939784526825, 0.12085971981287003, 0.20187892019748688, 0.2774132788181305]]
[[0.20314660668373108, 0.195936381816864, 0.20843349397182465, 0.19931861758232117, 0.19316482543945312]]
[[0.20404596626758575, 0.19512464106082916, 0.2088393270969391, 0.1990850269794464, 0.19290506839752197]]
[[0.19516150653362274, 0.20934662222862244, 0.18399696052074432, 0.2016906887292862, 0.2098042368888855]]
[[0.20244044065475464, 0.19723358750343323, 0.2058984637260437, 0.19896142184734344, 0.19546610116958618]]
[[0.19797258079051971, 0.20332656800746918, 0.1926717758178711, 0.202659472823143, 0.2033696174621582]]
[[0.20266762375831604, 0.19640526175498962, 0.20822356641292572, 0.1997457891702652, 0.19295775890350342]]
[[0.20129741728305817, 0.19833286106586456, 0.20417147874832153, 0.19957591593265533, 0.19662237167358398]]
hyposthese:
6 pieces ; well trimmed ; 10 % dermal fat
reference:
6 pieces , minimal dermal fat ; squamous epithelium is 30-50 microns
