[[0.21450290083885193, 0.2038736343383789, 0.20294807851314545, 0.19275979697704315, 0.18591555953025818]]
[[0.23937678337097168, 0.20197804272174835, 0.1895514279603958, 0.19755443930625916, 0.1715392917394638]]
[[0.1898794323205948, 0.1993996948003769, 0.20112456381320953, 0.2020024061203003, 0.2075939029455185]]
[[0.15465998649597168, 0.187142476439476, 0.20764513313770294, 0.20499640703201294, 0.24555598199367523]]
[[0.20162735879421234, 0.2004707306623459, 0.19945821166038513, 0.20044420659542084, 0.19799944758415222]]
[[0.20370860397815704, 0.20139528810977936, 0.19911308586597443, 0.20004600286483765, 0.1957370936870575]]
[[0.19738107919692993, 0.20113293826580048, 0.2007221281528473, 0.20049723982810974, 0.20026665925979614]]
[[0.20116513967514038, 0.20030610263347626, 0.19960515201091766, 0.19967499375343323, 0.19924862682819366]]
[[0.20292925834655762, 0.2017885446548462, 0.19896835088729858, 0.20035062730312347, 0.19596321880817413]]
[[0.20169129967689514, 0.2008565366268158, 0.19917139410972595, 0.19962452352046967, 0.19865626096725464]]
[[0.19247658550739288, 0.19875165820121765, 0.2021746039390564, 0.20098282396793365, 0.20561429858207703]]
[[0.20140765607357025, 0.20030881464481354, 0.19959746301174164, 0.1997441053390503, 0.19894199073314667]]
[[0.20013706386089325, 0.19998767971992493, 0.19995173811912537, 0.19981691241264343, 0.20010659098625183]]
[[0.2018429934978485, 0.20052379369735718, 0.19945093989372253, 0.2014417052268982, 0.19674056768417358]]
hyposthese:
6 pieces , well preserved mucosa up to ~0.4mm , <unk> % thickness
reference:
6 pieces ; all contain only mucosa , no muscularis
