[[0.19253796339035034, 0.2110859900712967, 0.2039411962032318, 0.19520825147628784, 0.1972266584634781]]
[[0.20550580322742462, 0.284871369600296, 0.18498367071151733, 0.16134428977966309, 0.16329486668109894]]
[[0.1996743232011795, 0.17521502077579498, 0.1997254341840744, 0.2136443704366684, 0.21174082159996033]]
[[0.19869442284107208, 0.12594877183437347, 0.20431825518608093, 0.23795835673809052, 0.2330802083015442]]
[[0.20100517570972443, 0.2074430137872696, 0.1986922323703766, 0.19606393575668335, 0.19679561257362366]]
[[0.19985084235668182, 0.20719316601753235, 0.1987074762582779, 0.19663459062576294, 0.1976138800382614]]
[[0.19957786798477173, 0.18792811036109924, 0.20318152010440826, 0.20485925674438477, 0.2044532746076584]]
[[0.19983749091625214, 0.20673519372940063, 0.19893260300159454, 0.19710810482501984, 0.19738651812076569]]
[[0.20090539753437042, 0.19463257491588593, 0.20110052824020386, 0.2016291469335556, 0.20173241198062897]]
[[0.2014264464378357, 0.20947115123271942, 0.19809752702713013, 0.19493348896503448, 0.19607140123844147]]
[[0.2002910077571869, 0.20381991565227509, 0.19944661855697632, 0.19791710376739502, 0.19852538406848907]]
hyposthese:
6 pieces ; well trimmed ; 10 % dermal fat
reference:
6 pieces , minimal dermal fat , squamous epithelium is ~35 microns
