[[0.20422223210334778, 0.1593669056892395, 0.19614626467227936, 0.25982287526130676, 0.1804417222738266]]
[[0.19741247594356537, 0.16302244365215302, 0.19166414439678192, 0.26907405257225037, 0.17882689833641052]]
[[0.19798462092876434, 0.23431451618671417, 0.2095540314912796, 0.13768084347248077, 0.2204660028219223]]
[[0.19934704899787903, 0.2509429454803467, 0.21376356482505798, 0.10678250342607498, 0.22916392982006073]]
[[0.20181044936180115, 0.19328132271766663, 0.1980188488960266, 0.21047717332839966, 0.19641216099262238]]
[[0.1993417888879776, 0.19727258384227753, 0.19772495329380035, 0.2083381861448288, 0.19732250273227692]]
[[0.201748788356781, 0.18999283015727997, 0.1962004154920578, 0.21721138060092926, 0.19484660029411316]]
[[0.20048728585243225, 0.1952354907989502, 0.19699525833129883, 0.21024972200393677, 0.19703224301338196]]
[[0.20428840816020966, 0.20944391191005707, 0.2070719599723816, 0.1714242696762085, 0.207771435379982]]
[[0.19995780289173126, 0.19866766035556793, 0.19935274124145508, 0.20276682078838348, 0.19925494492053986]]
[[0.19747164845466614, 0.19530196487903595, 0.19677940011024475, 0.21435324847698212, 0.19609375298023224]]
hyposthese:
2 pieces , ~10 % interstitial fat , rep delineated
reference:
2 pieces , <unk> & 10x10mm , larger piece has extensive fracture artifact , probable fixation <unk>
