[[0.20004357397556305, 0.20094723999500275, 0.1875268518924713, 0.21045680344104767, 0.20102553069591522]]
[[0.19973978400230408, 0.19567686319351196, 0.19429343938827515, 0.2112431675195694, 0.19904670119285583]]
[[0.19995246827602386, 0.20601357519626617, 0.21041303873062134, 0.18969735503196716, 0.19392356276512146]]
[[0.2047070413827896, 0.20666451752185822, 0.21388818323612213, 0.18146249651908875, 0.19327779114246368]]
[[0.20067183673381805, 0.19748170673847198, 0.19395451247692108, 0.20605194568634033, 0.20183998346328735]]
[[0.19994239509105682, 0.1980852484703064, 0.19060009717941284, 0.20963096618652344, 0.2017413228750229]]
[[0.2007913887500763, 0.19773216545581818, 0.19221587479114532, 0.20947125554084778, 0.19978924095630646]]
[[0.20528846979141235, 0.20780061185359955, 0.22322604060173035, 0.17189303040504456, 0.19179175794124603]]
hyposthese:
4 pieces , up to <unk> ;
reference:
4 pieces ; foci of adherent meninges annotated
