[[0.1928480863571167, 0.2004338949918747, 0.2022380381822586, 0.21055078506469727, 0.1939292550086975]]
[[0.22193937003612518, 0.17369310557842255, 0.1688431054353714, 0.26754456758499146, 0.16797980666160583]]
[[0.19534620642662048, 0.20635241270065308, 0.20765426754951477, 0.1811515986919403, 0.20949548482894897]]
[[0.18489713966846466, 0.22182276844978333, 0.2241208851337433, 0.13672588765621185, 0.23243330419063568]]
[[0.20201177895069122, 0.19813576340675354, 0.19758135080337524, 0.20472711324691772, 0.19754403829574585]]
[[0.20223960280418396, 0.1978079378604889, 0.19705036282539368, 0.20643024146556854, 0.19647184014320374]]
[[0.20077115297317505, 0.19893720746040344, 0.19881348311901093, 0.20287522673606873, 0.19860292971134186]]
[[0.19576051831245422, 0.20582695305347443, 0.20668035745620728, 0.18453097343444824, 0.20720121264457703]]
[[0.2005130797624588, 0.19868361949920654, 0.1991417407989502, 0.20240463316440582, 0.19925695657730103]]
[[0.20123234391212463, 0.19813565909862518, 0.19864000380039215, 0.20384471118450165, 0.1981472373008728]]
[[0.20017017424106598, 0.1996179223060608, 0.1994534581899643, 0.20144197344779968, 0.1993163824081421]]
[[0.20154866576194763, 0.1984938234090805, 0.1983174979686737, 0.20373351871967316, 0.1979065090417862]]
hyposthese:
6 pieces , minimal dermal fat ; squamous epithelium is <unk>
reference:
6 pieces <unk> squamous epithelium is ~2-3 % thickness
