[[0.2090408205986023, 0.1908910870552063, 0.20468609035015106, 0.18656830489635468, 0.20881366729736328]]
[[0.2713865637779236, 0.1812160760164261, 0.16978201270103455, 0.14924556016921997, 0.22836977243423462]]
[[0.18153055012226105, 0.20955456793308258, 0.20462894439697266, 0.21511055529117584, 0.18917539715766907]]
[[0.1314043253660202, 0.2272683084011078, 0.21146079897880554, 0.25862863659858704, 0.17123796045780182]]
[[0.20475885272026062, 0.19795840978622437, 0.19931693375110626, 0.1967061161994934, 0.20125974714756012]]
[[0.2064656913280487, 0.19663114845752716, 0.19992509484291077, 0.1942109614610672, 0.20276711881160736]]
[[0.2041729986667633, 0.1983397901058197, 0.1999279111623764, 0.1970350444316864, 0.2005242258310318]]
[[0.1813357025384903, 0.20436102151870728, 0.20744042098522186, 0.21212635934352875, 0.19473639130592346]]
[[0.2015002816915512, 0.19803068041801453, 0.2003020942211151, 0.19932140409946442, 0.20084558427333832]]
[[0.20397402346134186, 0.19831961393356323, 0.2003081738948822, 0.19691909849643707, 0.20047906041145325]]
[[0.20060518383979797, 0.19964803755283356, 0.20022368431091309, 0.199581116437912, 0.1999419629573822]]
[[0.20253108441829681, 0.19972045719623566, 0.19987212121486664, 0.19762322306632996, 0.20025311410427094]]
hyposthese:
6 pieces , minimal dermal fat ; squamous epithelium is <unk>
reference:
6 pieces ~6x3mm . squamous <unk> is ~2-3 % of thickness
