[[0.2115987092256546, 0.17617875337600708, 0.2003248929977417, 0.18036262691020966, 0.23153498768806458]]
[[0.19685743749141693, 0.18511943519115448, 0.1845548003911972, 0.18754354119300842, 0.24592477083206177]]
[[0.1949549913406372, 0.2140381932258606, 0.20218472182750702, 0.20979464054107666, 0.1790274679660797]]
[[0.1887969821691513, 0.2445022165775299, 0.20683008432388306, 0.2153761237859726, 0.14449462294578552]]
[[0.2011595070362091, 0.19360987842082977, 0.19934242963790894, 0.20085887610912323, 0.20502932369709015]]
[[0.20097936689853668, 0.19149211049079895, 0.19839701056480408, 0.19769127666950226, 0.21144025027751923]]
[[0.20081718266010284, 0.20294830203056335, 0.20145684480667114, 0.20244547724723816, 0.1923321634531021]]
[[0.20030969381332397, 0.19957634806632996, 0.20029319822788239, 0.2003670334815979, 0.19945377111434937]]
[[0.1989559680223465, 0.19683539867401123, 0.19908161461353302, 0.1984616369009018, 0.20666538178920746]]
hyposthese:
6 pieces , all muscularis , good specimens
reference:
3 pieces ; well trimmed
