[[0.18099553883075714, 0.20887576043605804, 0.18362605571746826, 0.2220958024263382, 0.20440681278705597]]
[[0.1987249255180359, 0.20611655712127686, 0.1827210932970047, 0.21747131645679474, 0.1949661672115326]]
[[0.2083655148744583, 0.19241125881671906, 0.21242333948612213, 0.1850932538509369, 0.20170655846595764]]
[[0.2066265344619751, 0.1912173330783844, 0.218622088432312, 0.17810842394828796, 0.20542564988136292]]
[[0.1995421200990677, 0.19973258674144745, 0.2004224956035614, 0.20616517961025238, 0.1941375881433487]]
[[0.20516400039196014, 0.19626384973526, 0.20856444537639618, 0.1919720619916916, 0.19803562760353088]]
[[0.20014344155788422, 0.20013616979122162, 0.198900505900383, 0.2034548968076706, 0.19736500084400177]]
[[0.19876210391521454, 0.20048512518405914, 0.1988552212715149, 0.20191144943237305, 0.199986070394516]]
[[0.1997954398393631, 0.2001640945672989, 0.2002338171005249, 0.20031864941120148, 0.1994880586862564]]
[[0.19918127357959747, 0.2002214640378952, 0.19957995414733887, 0.20117445290088654, 0.19984281063079834]]
hyposthese:
2 pieces ; congestion , <unk> , <unk> <unk>
reference:
2 pieces ; changes <unk> with <unk>
