[[0.19822977483272552, 0.1865462213754654, 0.19140861928462982, 0.2299143671989441, 0.1939009428024292]]
[[0.1871006041765213, 0.16771741211414337, 0.1690102219581604, 0.3056604564189911, 0.17051132023334503]]
[[0.2042955905199051, 0.20855215191841125, 0.20840460062026978, 0.17098185420036316, 0.20776577293872833]]
[[0.20307600498199463, 0.2400525063276291, 0.23156119883060455, 0.09620599448680878, 0.22910435497760773]]
[[0.20026825368404388, 0.1981465369462967, 0.19803933799266815, 0.20536933839321136, 0.1981765329837799]]
[[0.19962777197360992, 0.19799600541591644, 0.19934038817882538, 0.20393486320972443, 0.1991010159254074]]
[[0.20114721357822418, 0.20375949144363403, 0.20645616948604584, 0.18261617422103882, 0.20602096617221832]]
[[0.19952481985092163, 0.19785521924495697, 0.19919098913669586, 0.2045261263847351, 0.1989029198884964]]
[[0.1999475508928299, 0.19603341817855835, 0.2002965360879898, 0.20427070558071136, 0.1994517743587494]]
[[0.20050938427448273, 0.2005036175251007, 0.20155736804008484, 0.19616146385669708, 0.20126813650131226]]
[[0.20007090270519257, 0.19858360290527344, 0.20017512142658234, 0.20142965018749237, 0.1997407078742981]]
[[0.20000262558460236, 0.19966334104537964, 0.20060573518276215, 0.1993759721517563, 0.20035240054130554]]
[[0.20003654062747955, 0.1987217515707016, 0.20011956989765167, 0.20098097622394562, 0.20014114677906036]]
[[0.19964973628520966, 0.2011088877916336, 0.2015155702829361, 0.19637152552604675, 0.2013542503118515]]
[[0.2008773535490036, 0.19964385032653809, 0.20069174468517303, 0.19842493534088135, 0.20036213099956512]]
[[0.19989657402038574, 0.19857700169086456, 0.19912388920783997, 0.20377717912197113, 0.1986253410577774]]
hyposthese:
6 pieces , well preserved , lymphoid aggregates are ~20 % total , rep delineated
reference:
6 pieces , <unk> preserved , <unk> aggregates are up to ~40 % total tissue
