[[0.17098373174667358, 0.27711427211761475, 0.1812783181667328, 0.21191978454589844, 0.15870392322540283]]
[[0.17511260509490967, 0.30682632327079773, 0.17975592613220215, 0.2002505511045456, 0.13805459439754486]]
[[0.2268810272216797, 0.1140262559056282, 0.2222045212984085, 0.20263192057609558, 0.23425626754760742]]
[[0.2405264675617218, 0.0817006528377533, 0.23483610153198242, 0.18502876162528992, 0.2579079866409302]]
[[0.194991797208786, 0.21836698055267334, 0.19569142162799835, 0.20062583684921265, 0.19032390415668488]]
[[0.1930413842201233, 0.21606869995594025, 0.1939079761505127, 0.20191842317581177, 0.19506357610225677]]
[[0.1697627156972885, 0.29599323868751526, 0.17536725103855133, 0.20096473395824432, 0.15791204571723938]]
[[0.22687329351902008, 0.11740809679031372, 0.2254437804222107, 0.19664345681667328, 0.2336314469575882]]
hyposthese:
2 pieces , <unk> & <unk> ;
reference:
2 pieces , diffuse lymphocytic or hashimoto 's thyroiditis , rep lymphoid aggregates delineated
