[[0.18016399443149567, 0.17975248396396637, 0.21921737492084503, 0.1872868686914444, 0.23357929289340973]]
[[0.16156773269176483, 0.16359597444534302, 0.23555085062980652, 0.16856054961681366, 0.2707248628139496]]
[[0.2310272604227066, 0.22966419160366058, 0.16898010671138763, 0.22765690088272095, 0.1426715850830078]]
[[0.25781193375587463, 0.2504401206970215, 0.14418697357177734, 0.2453901320695877, 0.10217080265283585]]
[[0.18679380416870117, 0.18878024816513062, 0.21298247575759888, 0.1877577155828476, 0.22368581593036652]]
[[0.18185299634933472, 0.1848900318145752, 0.2171253263950348, 0.1839226335287094, 0.2322090119123459]]
hyposthese:
2 pieces , no abnormalities
reference:
2 pieces , some <unk> change
