[[0.20473350584506989, 0.1860857903957367, 0.191583052277565, 0.19266603887081146, 0.22493164241313934]]
[[0.19102877378463745, 0.1939963698387146, 0.17420749366283417, 0.21665914356708527, 0.2241082340478897]]
[[0.2024666666984558, 0.20617598295211792, 0.2166382372379303, 0.1980910301208496, 0.17662809789180756]]
[[0.1991942822933197, 0.20819619297981262, 0.22091664373874664, 0.19654951989650726, 0.17514339089393616]]
[[0.1993526816368103, 0.19925133883953094, 0.19894562661647797, 0.20032411813735962, 0.20212619006633759]]
[[0.19995789229869843, 0.19741857051849365, 0.19658216834068298, 0.20121793448925018, 0.20482346415519714]]
[[0.19953638315200806, 0.19186578691005707, 0.19001838564872742, 0.2007220834493637, 0.21785731613636017]]
[[0.202113538980484, 0.20865175127983093, 0.21636711061000824, 0.19758790731430054, 0.1752796769142151]]
[[0.199543759226799, 0.20044644176959991, 0.2003360539674759, 0.20026789605617523, 0.19940584897994995]]
[[0.1995992213487625, 0.19788755476474762, 0.19737888872623444, 0.20069128274917603, 0.2044430673122406]]
[[0.20038458704948425, 0.19873584806919098, 0.19882483780384064, 0.20007699728012085, 0.2019776701927185]]
[[0.200554758310318, 0.1995307058095932, 0.19946624338626862, 0.1998690962791443, 0.20057916641235352]]
hyposthese:
2 pieces , <unk> & 11x8mm ; no significant ischemic changes
reference:
2 pieces
