[[0.19738809764385223, 0.24658764898777008, 0.15574266016483307, 0.17258122563362122, 0.22770042717456818]]
[[0.19719457626342773, 0.22758600115776062, 0.17324139177799225, 0.1897321194410324, 0.21224597096443176]]
[[0.2019839733839035, 0.17171277105808258, 0.22579795122146606, 0.2147676795721054, 0.18573766946792603]]
[[0.204496368765831, 0.13595543801784515, 0.25719350576400757, 0.22305849194526672, 0.17929621040821075]]
[[0.19682028889656067, 0.21496906876564026, 0.1929141730070114, 0.1953376978635788, 0.19995884597301483]]
[[0.20115947723388672, 0.19520626962184906, 0.20280331373214722, 0.20275352895259857, 0.19807738065719604]]
[[0.198045015335083, 0.20998919010162354, 0.1974303275346756, 0.19493308663368225, 0.19960230588912964]]
[[0.19856101274490356, 0.20723631978034973, 0.1971386969089508, 0.19716735184192657, 0.19989661872386932]]
hyposthese:
2 pieces ; 10 % internal fat
reference:
2 pieces ; 1 with 25 % fibroadipose tissue ; 1 with 10 % fat ; scattered atrophic fibers
