[[0.16308839619159698, 0.16299915313720703, 0.1548687070608139, 0.15704090893268585, 0.3620028495788574]]
[[0.16735975444316864, 0.16533693671226501, 0.15959292650222778, 0.16259247064590454, 0.3451179265975952]]
[[0.2179664969444275, 0.2195805013179779, 0.2222318798303604, 0.22102808952331543, 0.11919309943914413]]
[[0.22996576130390167, 0.2309643179178238, 0.2389465570449829, 0.23644587397575378, 0.06367747485637665]]
[[0.2074654996395111, 0.20787227153778076, 0.20871609449386597, 0.20836256444454193, 0.16758356988430023]]
[[0.20343546569347382, 0.20351333916187286, 0.20318244397640228, 0.2032233327627182, 0.1866454929113388]]
[[0.1991172730922699, 0.19893793761730194, 0.1979372650384903, 0.19821767508983612, 0.20578981935977936]]
[[0.20337584614753723, 0.20347407460212708, 0.20338866114616394, 0.20335781574249268, 0.1864035725593567]]
[[0.19952358305454254, 0.19946129620075226, 0.19924911856651306, 0.19935467839241028, 0.20241135358810425]]
[[0.19982805848121643, 0.1998259574174881, 0.19981569051742554, 0.19981789588928223, 0.2007124125957489]]
hyposthese:
2 pieces , diffuse macrovesicular steatosis , <unk> <unk>
reference:
2 pieces ; severe <unk> and macrovesicular ( <unk> ) steatosis , mild fibrosis
