[[0.19116978347301483, 0.1833840161561966, 0.24253179132938385, 0.1811581552028656, 0.2017562985420227]]
[[0.17316694557666779, 0.16630996763706207, 0.30381646752357483, 0.15951785445213318, 0.19718880951404572]]
[[0.2081771343946457, 0.21180807054042816, 0.16690000891685486, 0.21349965035915375, 0.19961519539356232]]
[[0.2320309430360794, 0.24032016098499298, 0.08869817852973938, 0.25168079137802124, 0.18726994097232819]]
[[0.19956716895103455, 0.19744309782981873, 0.20555081963539124, 0.19699513912200928, 0.2004438191652298]]
[[0.19940148293972015, 0.19768469035625458, 0.20477184653282166, 0.1972728818655014, 0.2008691281080246]]
[[0.20356370508670807, 0.20611867308616638, 0.18055379390716553, 0.20591194927692413, 0.20385192334651947]]
[[0.19844909012317657, 0.19907517731189728, 0.20344968140125275, 0.19868749380111694, 0.20033857226371765]]
[[0.19596068561077118, 0.19974201917648315, 0.20447976887226105, 0.19908788800239563, 0.20072969794273376]]
[[0.20057393610477448, 0.20067311823368073, 0.1975698322057724, 0.20078790187835693, 0.20039519667625427]]
[[0.1990906447172165, 0.1994650512933731, 0.2019440084695816, 0.19892610609531403, 0.20057417452335358]]
[[0.19999219477176666, 0.2001877874135971, 0.1992996782064438, 0.20041175186634064, 0.200108602643013]]
[[0.19895540177822113, 0.19963587820529938, 0.2010369449853897, 0.19911225140094757, 0.20125946402549744]]
hyposthese:
6 pieces , well preserved , lymphoid aggregates are ~20 % total
reference:
6 pieces , prominent lymphoid component in 4 of 6 pieces
