[[0.19629459083080292, 0.18806548416614532, 0.1919562667608261, 0.22961169481277466, 0.19407203793525696]]
[[0.19068367779254913, 0.18482929468154907, 0.1831396371126175, 0.25277116894721985, 0.18857625126838684]]
[[0.2070208191871643, 0.21449117362499237, 0.21522696316242218, 0.15446023643016815, 0.2088007777929306]]
[[0.20853564143180847, 0.21906988322734833, 0.21471774578094482, 0.14742179214954376, 0.210254967212677]]
[[0.1996532380580902, 0.19696436822414398, 0.19605182111263275, 0.20812000334262848, 0.19921064376831055]]
[[0.1974450945854187, 0.19448938965797424, 0.19497792422771454, 0.21592383086681366, 0.19716377556324005]]
hyposthese:
2 pieces , no abnormalities
reference:
2 pieces ; slight congestion
