[[0.17442035675048828, 0.19365671277046204, 0.21721163392066956, 0.2208300679922104, 0.19388124346733093]]
[[0.1727670580148697, 0.1953064501285553, 0.21838361024856567, 0.21733471751213074, 0.1962081342935562]]
[[0.2146429568529129, 0.20483174920082092, 0.18927831947803497, 0.18886786699295044, 0.20237910747528076]]
[[0.24131307005882263, 0.20862923562526703, 0.16969674825668335, 0.17218437790870667, 0.20817658305168152]]
[[0.19558538496494293, 0.19841696321964264, 0.20400866866111755, 0.2008565366268158, 0.20113246142864227]]
[[0.19824425876140594, 0.19893990457057953, 0.20274287462234497, 0.2000732421875, 0.19999974966049194]]
[[0.19314847886562347, 0.19673627614974976, 0.20687885582447052, 0.20433039963245392, 0.19890592992305756]]
[[0.21746021509170532, 0.2046460509300232, 0.18757067620754242, 0.18772412836551666, 0.20259888470172882]]
[[0.2024129182100296, 0.20019005239009857, 0.1978030502796173, 0.19879183173179626, 0.20080222189426422]]
[[0.197950080037117, 0.1995353400707245, 0.20187455415725708, 0.2012934535741806, 0.199346661567688]]
[[0.19686280190944672, 0.199064701795578, 0.20243330299854279, 0.20159946382045746, 0.20003965497016907]]
hyposthese:
2 pieces , <unk> & <unk> ; good clean specimens
reference:
2 aliquots , 2.5mm d. good clean specimens
