[[0.16152533888816833, 0.21110519766807556, 0.2066003978252411, 0.2088722586631775, 0.21189680695533752]]
[[0.17877346277236938, 0.1986880749464035, 0.17934489250183105, 0.18126006424427032, 0.26193350553512573]]
[[0.21819166839122772, 0.19588781893253326, 0.20203660428524017, 0.2000541090965271, 0.18382976949214935]]
[[0.2522830069065094, 0.18846438825130463, 0.20917277038097382, 0.20286889374256134, 0.1472109705209732]]
[[0.1966063529253006, 0.2017548680305481, 0.19940006732940674, 0.19909583032131195, 0.20314283668994904]]
[[0.1953861117362976, 0.2018553614616394, 0.199570894241333, 0.19969689846038818, 0.20349077880382538]]
[[0.203078955411911, 0.20084163546562195, 0.203432098031044, 0.20194058120250702, 0.1907067447900772]]
hyposthese:
6 pieces ; well trimmed muscle
reference:
6 pieces , all target muscularis
