[[0.18303227424621582, 0.1992339938879013, 0.2084188610315323, 0.21721269190311432, 0.19210222363471985]]
[[0.17349845170974731, 0.16196925938129425, 0.22031690180301666, 0.2707446813583374, 0.17347073554992676]]
[[0.21015985310077667, 0.21150636672973633, 0.19167740643024445, 0.17799414694309235, 0.20866218209266663]]
[[0.22974568605422974, 0.2353648841381073, 0.1769419014453888, 0.13055269420146942, 0.22739483416080475]]
[[0.19886718690395355, 0.1964302659034729, 0.20163360238075256, 0.20514686405658722, 0.19792208075523376]]
[[0.19728851318359375, 0.1968960165977478, 0.20118410885334015, 0.20763970911502838, 0.1969917118549347]]
[[0.20400060713291168, 0.20436842739582062, 0.196959987282753, 0.19083349406719208, 0.20383742451667786]]
[[0.19963917136192322, 0.19720447063446045, 0.20054572820663452, 0.20386578142642975, 0.19874483346939087]]
[[0.20098575949668884, 0.20102061331272125, 0.2004442811012268, 0.19661679863929749, 0.2009325921535492]]
[[0.1971167027950287, 0.19705113768577576, 0.20218493044376373, 0.20714347064495087, 0.19650375843048096]]
[[0.19974790513515472, 0.198220893740654, 0.20061515271663666, 0.20220689475536346, 0.19920915365219116]]
hyposthese:
6 pieces ; well trimmed ; 10 % dermal fat
reference:
6 pieces , minimal dermal fat , <unk> epithelium is ~60 microns
