[[0.2041071653366089, 0.2324499487876892, 0.19562092423439026, 0.18384642899036407, 0.18397553265094757]]
[[0.25059816241264343, 0.2689393162727356, 0.13610312342643738, 0.14575543999671936, 0.19860398769378662]]
[[0.18541955947875977, 0.16373640298843384, 0.22076426446437836, 0.2231961041688919, 0.20688365399837494]]
[[0.14854545891284943, 0.11814501881599426, 0.2593693137168884, 0.2600387632846832, 0.21390141546726227]]
[[0.20493555068969727, 0.20713366568088531, 0.19484476745128632, 0.19467592239379883, 0.1984100490808487]]
[[0.19984537363052368, 0.197571262717247, 0.20101410150527954, 0.20076796412467957, 0.20080125331878662]]
[[0.2114477902650833, 0.216821551322937, 0.18603627383708954, 0.18677999079227448, 0.19891440868377686]]
[[0.20232602953910828, 0.2052246779203415, 0.1967158019542694, 0.19741573929786682, 0.19831767678260803]]
hyposthese:
6 pieces , atherosis up to ~0.2mm
reference:
6 pieces ; flat plaques ; thick adventitia [ 0.7mm ] on 3 of 6 pieces
