[[0.23788493871688843, 0.17254997789859772, 0.10238092392683029, 0.25473812222480774, 0.23244608938694]]
[[0.23797272145748138, 0.17050322890281677, 0.11506808549165726, 0.22984689474105835, 0.24660898745059967]]
[[0.17608994245529175, 0.21844013035297394, 0.261275053024292, 0.16996917128562927, 0.17422567307949066]]
[[0.13913625478744507, 0.22999979555606842, 0.35016730427742004, 0.1409471184015274, 0.13974948227405548]]
[[0.2066805064678192, 0.1966143101453781, 0.18623994290828705, 0.20480063557624817, 0.20566461980342865]]
[[0.19390444457530975, 0.20755386352539062, 0.21017450094223022, 0.1934877336025238, 0.1948794722557068]]
[[0.2061370462179184, 0.19864292442798615, 0.17995432019233704, 0.2079797089099884, 0.2072860151529312]]
[[0.2023819535970688, 0.19945846498012543, 0.1942238062620163, 0.20209729671478271, 0.20183846354484558]]
hyposthese:
2 pieces ; 10 % external fat
reference:
6 pieces , includes up to 20-30 % fat
