[[0.14156678318977356, 0.27214187383651733, 0.23863933980464935, 0.17177310585975647, 0.17587891221046448]]
[[0.12188734114170074, 0.263889878988266, 0.32887521386146545, 0.1376991868019104, 0.14764843881130219]]
[[0.23084484040737152, 0.1620403379201889, 0.15608897805213928, 0.22631043195724487, 0.22471529245376587]]
[[0.32984867691993713, 0.07046924531459808, 0.06417770683765411, 0.2776477634906769, 0.2578566074371338]]
[[0.19345788657665253, 0.2095944583415985, 0.20744474232196808, 0.19471332430839539, 0.1947895884513855]]
[[0.19277113676071167, 0.20731161534786224, 0.2062637209892273, 0.1953553855419159, 0.1982981562614441]]
[[0.1839073896408081, 0.21562345325946808, 0.22011616826057434, 0.18787193298339844, 0.19248096644878387]]
[[0.19012831151485443, 0.21091072261333466, 0.2085966318845749, 0.1943904310464859, 0.1959739327430725]]
[[0.22590236365795135, 0.1698262244462967, 0.16385138034820557, 0.22223424911499023, 0.21818584203720093]]
[[0.19764208793640137, 0.20312213897705078, 0.20259691774845123, 0.19836601614952087, 0.19827288389205933]]
[[0.2005089372396469, 0.19843699038028717, 0.2004435956478119, 0.20030131936073303, 0.2003091722726822]]
[[0.19061478972434998, 0.2046453356742859, 0.21138952672481537, 0.19498129189014435, 0.198369100689888]]
hyposthese:
6 pieces , mucosa up to ~1mm , <unk> % thickness
reference:
6 pieces , ~ 10x4mm . mucosa extremely well preserved , ~30 % of thickness
