[[0.16659843921661377, 0.17508335411548615, 0.2578577697277069, 0.1827748864889145, 0.21768558025360107]]
[[0.1562114953994751, 0.19640688598155975, 0.26660025119781494, 0.17986908555030823, 0.20091229677200317]]
[[0.2247418463230133, 0.19741760194301605, 0.1589493751525879, 0.22337795794010162, 0.1955132931470871]]
[[0.24034187197685242, 0.21865901350975037, 0.13295572996139526, 0.22097162902355194, 0.1870718002319336]]
[[0.19619819521903992, 0.20628637075424194, 0.20476996898651123, 0.1931549459695816, 0.1995905339717865]]
[[0.20158416032791138, 0.20038878917694092, 0.19665054976940155, 0.19929857552051544, 0.2020779848098755]]
[[0.17618781328201294, 0.1876421570777893, 0.24726726114749908, 0.18439346551895142, 0.20450930297374725]]
[[0.23062565922737122, 0.20981356501579285, 0.15884710848331451, 0.21526367962360382, 0.18544994294643402]]
[[0.21300426125526428, 0.20778892934322357, 0.1757652312517166, 0.20912107825279236, 0.19432048499584198]]
[[0.1996879279613495, 0.20251545310020447, 0.19967393577098846, 0.19912602007389069, 0.1989966481924057]]
[[0.20002910494804382, 0.19988326728343964, 0.1976686716079712, 0.20040833950042725, 0.20201067626476288]]
[[0.19936761260032654, 0.20046265423297882, 0.2022121548652649, 0.1983533501625061, 0.19960422813892365]]
[[0.1998583972454071, 0.19970041513442993, 0.20092631876468658, 0.19947130978107452, 0.20004355907440186]]
[[0.2000006139278412, 0.20042423903942108, 0.19990064203739166, 0.20042040944099426, 0.1992540955543518]]
[[0.20019425451755524, 0.20093934237957, 0.1989654302597046, 0.20109564065933228, 0.1988053321838379]]
[[0.19973106682300568, 0.2006971538066864, 0.200108140707016, 0.1995539367198944, 0.1999097615480423]]
[[0.20086753368377686, 0.20039835572242737, 0.19714082777500153, 0.20096294581890106, 0.20063036680221558]]
[[0.19964487850666046, 0.20081587135791779, 0.2004328966140747, 0.1990942507982254, 0.20001210272312164]]
[[0.19945403933525085, 0.2006015032529831, 0.20190079510211945, 0.1988159567117691, 0.19922766089439392]]
[[0.19733497500419617, 0.1987074315547943, 0.206440269947052, 0.1976408213376999, 0.19987644255161285]]
hyposthese:
2 pieces , <unk> & <unk> mm ; <unk> , <unk> mm thick ; 1 piece has no endometrium
reference:
3 ~6x2.5mm pieces . <unk> <unk> squamous mucosa is ~2-3 % of specimen thickness
