[[0.19252750277519226, 0.18945267796516418, 0.2271474003791809, 0.18964725732803345, 0.20122510194778442]]
[[0.17849095165729523, 0.17866593599319458, 0.2610069215297699, 0.18075186014175415, 0.20108428597450256]]
[[0.21598322689533234, 0.2178162932395935, 0.15254934132099152, 0.21688859164714813, 0.19676253199577332]]
[[0.22467821836471558, 0.22554418444633484, 0.11996874958276749, 0.2249840646982193, 0.2048247754573822]]
[[0.19622953236103058, 0.19534212350845337, 0.21194036304950714, 0.19620966911315918, 0.20027834177017212]]
[[0.19876684248447418, 0.19881834089756012, 0.20421424508094788, 0.198697030544281, 0.19950352609157562]]
[[0.19628293812274933, 0.1952037513256073, 0.21266348659992218, 0.19598473608493805, 0.19986508786678314]]
[[0.19816197454929352, 0.19739311933517456, 0.20776133239269257, 0.19769373536109924, 0.19898979365825653]]
[[0.2037980854511261, 0.20392170548439026, 0.1859249770641327, 0.20375637710094452, 0.20259881019592285]]
[[0.1992725282907486, 0.19894075393676758, 0.20253998041152954, 0.19911502301692963, 0.20013171434402466]]
[[0.1982833296060562, 0.19797973334789276, 0.20722682774066925, 0.19814364612102509, 0.1983664631843567]]
hyposthese:
2 pieces , ~10 % interstitial fat , rep delineated
reference:
2 pieces . 10 % fat in 1 piece .
