[[0.18619263172149658, 0.23960813879966736, 0.1813923567533493, 0.1634923815727234, 0.22931450605392456]]
[[0.19006845355033875, 0.2514643669128418, 0.13218487799167633, 0.14867143332958221, 0.2776109278202057]]
[[0.21321618556976318, 0.16850009560585022, 0.22837527096271515, 0.2284407913684845, 0.16146767139434814]]
[[0.21800684928894043, 0.12026803940534592, 0.2778150737285614, 0.2765248715877533, 0.10738523304462433]]
[[0.19934451580047607, 0.20438380539417267, 0.19389590620994568, 0.19254255294799805, 0.20983317494392395]]
[[0.20211175084114075, 0.1986365020275116, 0.20243339240550995, 0.2014579027891159, 0.1953604817390442]]
[[0.19858916103839874, 0.21169213950634003, 0.18356463313102722, 0.18752944469451904, 0.21862468123435974]]
[[0.19823476672172546, 0.20379017293453217, 0.19578880071640015, 0.19551831483840942, 0.20666788518428802]]
hyposthese:
6 pieces , atherosis up to ~0.2mm
reference:
6 pieces ; atherosclerosis
