[[0.18620368838310242, 0.2116730958223343, 0.18741169571876526, 0.22357997298240662, 0.1911316066980362]]
[[0.15620315074920654, 0.22316087782382965, 0.15875348448753357, 0.28607621788978577, 0.17580625414848328]]
[[0.21979108452796936, 0.18780112266540527, 0.21923255920410156, 0.16279640793800354, 0.2103787362575531]]
[[0.2527524530887604, 0.1603230983018875, 0.25008273124694824, 0.11378932744264603, 0.22305239737033844]]
[[0.1967131793498993, 0.20324312150478363, 0.19691170752048492, 0.20498251914978027, 0.19814953207969666]]
[[0.18621991574764252, 0.2131601870059967, 0.1875101625919342, 0.21980713307857513, 0.19330255687236786]]
hyposthese:
6 pieces , minimal atherosis
reference:
6 pieces ; focal mild plaque
