[[0.22764934599399567, 0.19750963151454926, 0.20606905221939087, 0.1790495365858078, 0.18972241878509521]]
[[0.19768644869327545, 0.2011893391609192, 0.23840007185935974, 0.1700785905122757, 0.19264556467533112]]
[[0.18757344782352448, 0.20111258327960968, 0.19358673691749573, 0.21047823131084442, 0.20724904537200928]]
[[0.17755848169326782, 0.20149552822113037, 0.16236512362957, 0.2410513460636139, 0.2175295650959015]]
[[0.2012586146593094, 0.20100370049476624, 0.20263195037841797, 0.19639983773231506, 0.19870594143867493]]
[[0.20215967297554016, 0.2011697143316269, 0.2051202952861786, 0.19418707489967346, 0.19736319780349731]]
[[0.1976778209209442, 0.2011486142873764, 0.19851529598236084, 0.202384814620018, 0.20027343928813934]]
[[0.2004755288362503, 0.19986967742443085, 0.1997978836297989, 0.19981153309345245, 0.20004531741142273]]
[[0.20125435292720795, 0.1987026482820511, 0.20277023315429688, 0.19895635545253754, 0.19831641018390656]]
hyposthese:
6 pieces , all muscularis , good specimens
reference:
6 pieces , up to 11x5mm ; well trimmed .
