[[0.20121632516384125, 0.18730729818344116, 0.1853298395872116, 0.20791682600975037, 0.21822971105575562]]
[[0.19084817171096802, 0.17990709841251373, 0.1816074401140213, 0.21728432178497314, 0.2303529530763626]]
[[0.20380428433418274, 0.2182271033525467, 0.21865107119083405, 0.18399858474731445, 0.17531895637512207]]
[[0.20557808876037598, 0.22462524473667145, 0.22473517060279846, 0.17993800342082977, 0.16512350738048553]]
[[0.19855570793151855, 0.19737084209918976, 0.19719724357128143, 0.2040422409772873, 0.20283395051956177]]
[[0.19958078861236572, 0.19978515803813934, 0.19980955123901367, 0.20060572028160095, 0.2002188116312027]]
[[0.1995348036289215, 0.19660286605358124, 0.19658015668392181, 0.20351283252239227, 0.20376931130886078]]
[[0.2003089338541031, 0.19805125892162323, 0.1982036679983139, 0.20123815536499023, 0.20219798386096954]]
[[0.20125876367092133, 0.20184572041034698, 0.20168116688728333, 0.1992710381746292, 0.19594329595565796]]
[[0.1996239423751831, 0.19932040572166443, 0.19924908876419067, 0.20072469115257263, 0.20108182728290558]]
[[0.20033566653728485, 0.1993381828069687, 0.19921639561653137, 0.2000800520181656, 0.2010297179222107]]
hyposthese:
2 pieces , ~10 % interstitial fat , rep delineated
reference:
2 pieces . 10 % internal fat
