[[0.19976463913917542, 0.19826877117156982, 0.2185569703578949, 0.19486300647258759, 0.18854667246341705]]
[[0.20165623724460602, 0.2060525268316269, 0.26138707995414734, 0.16887719929218292, 0.16202695667743683]]
[[0.1972716897726059, 0.19835947453975677, 0.1813948154449463, 0.21045759320259094, 0.2125163972377777]]
[[0.19549109041690826, 0.19279271364212036, 0.14057786762714386, 0.22810104489326477, 0.24303728342056274]]
[[0.2010752558708191, 0.20153971016407013, 0.20407073199748993, 0.19674375653266907, 0.19657054543495178]]
[[0.2004256695508957, 0.19973641633987427, 0.20614023506641388, 0.19684946537017822, 0.19684812426567078]]
[[0.20016063749790192, 0.20035499334335327, 0.19179508090019226, 0.20383276045322418, 0.2038564831018448]]
[[0.2001706212759018, 0.2011563926935196, 0.202705517411232, 0.19808751344680786, 0.19787997007369995]]
[[0.20060212910175323, 0.20022322237491608, 0.19638416171073914, 0.20135323703289032, 0.20143721997737885]]
[[0.20103563368320465, 0.20150353014469147, 0.20570336282253265, 0.19650062918663025, 0.19525673985481262]]
[[0.20043128728866577, 0.20097431540489197, 0.20193080604076385, 0.19866237044334412, 0.1980012208223343]]
hyposthese:
6 pieces ; well trimmed ; 10 % dermal fat
reference:
6 pieces , no significant adherent dermal fat ; squamous epithelium is ~50-60 microns
