[[0.22126758098602295, 0.19032157957553864, 0.18502645194530487, 0.18660284578800201, 0.21678155660629272]]
[[0.21615728735923767, 0.19685932993888855, 0.18809089064598083, 0.18867088854312897, 0.21022163331508636]]
[[0.18968048691749573, 0.2061372846364975, 0.20636489987373352, 0.20591191947460175, 0.19190546870231628]]
[[0.17189878225326538, 0.21282443404197693, 0.2194335162639618, 0.21813875436782837, 0.17770449817180634]]
[[0.20066338777542114, 0.19973693788051605, 0.19954095780849457, 0.19950760900974274, 0.20055104792118073]]
[[0.19850514829158783, 0.2000960260629654, 0.20145966112613678, 0.20114824175834656, 0.19879086315631866]]
[[0.1979353129863739, 0.19889219105243683, 0.20316925644874573, 0.20235010981559753, 0.19765311479568481]]
[[0.20021294057369232, 0.2001766711473465, 0.1999436467885971, 0.19987955689430237, 0.1997871845960617]]
[[0.20034381747245789, 0.1999543160200119, 0.19953595101833344, 0.1995028853416443, 0.2006630152463913]]
[[0.20176199078559875, 0.19881707429885864, 0.1990247219800949, 0.19899222254753113, 0.20140404999256134]]
[[0.19960948824882507, 0.19982433319091797, 0.2005641609430313, 0.20016439259052277, 0.19983763992786407]]
[[0.20066793262958527, 0.19967661798000336, 0.19943103194236755, 0.19938433170318604, 0.20084011554718018]]
[[0.20077648758888245, 0.19970597326755524, 0.19924193620681763, 0.19918331503868103, 0.20109231770038605]]
[[0.1984739750623703, 0.19947026669979095, 0.20203644037246704, 0.20185738801956177, 0.19816194474697113]]
hyposthese:
2 pieces ; well dissected glands ; focal atrophy with prominent lymphocytic infiltrate
reference:
2 pieces , ~90 & glandular parenchyma , delineated
