[[0.2218216061592102, 0.17064638435840607, 0.19187435507774353, 0.1897478550672531, 0.22590972483158112]]
[[0.23928067088127136, 0.16092970967292786, 0.18756476044654846, 0.17710743844509125, 0.23511743545532227]]
[[0.1741391271352768, 0.231139674782753, 0.20896665751934052, 0.21301987767219543, 0.1727346032857895]]
[[0.14525558054447174, 0.26000991463661194, 0.2218281775712967, 0.22968356311321259, 0.14322276413440704]]
[[0.2043309062719345, 0.19303618371486664, 0.19792114198207855, 0.1958521455526352, 0.2088596522808075]]
[[0.2115660011768341, 0.18668290972709656, 0.19498322904109955, 0.19440455734729767, 0.21236324310302734]]
hyposthese:
2 pieces , no abnormalities
reference:
2 pieces
