[[0.1521235704421997, 0.1687586009502411, 0.2632323205471039, 0.2703917324542999, 0.1454937607049942]]
[[0.1419835239648819, 0.15577983856201172, 0.2949845492839813, 0.2715296745300293, 0.13572244346141815]]
[[0.24095255136489868, 0.22714759409427643, 0.14001764357089996, 0.14769276976585388, 0.24418948590755463]]
[[0.27659720182418823, 0.24690371751785278, 0.09240777790546417, 0.10162994265556335, 0.28246134519577026]]
[[0.18616166710853577, 0.1888701617717743, 0.22016668319702148, 0.2192349135875702, 0.18556657433509827]]
[[0.21584555506706238, 0.21111983060836792, 0.1761932373046875, 0.1806173473596573, 0.2162240594625473]]
[[0.18733985722064972, 0.18937604129314423, 0.21874934434890747, 0.21755024790763855, 0.18698452413082123]]
[[0.19488780200481415, 0.19609932601451874, 0.206961527466774, 0.2073294222354889, 0.19472193717956543]]
hyposthese:
2 pieces ; emphysema ; pulmonary edema
reference:
2 pieces , moderate congestion/edema
