[[0.2004701942205429, 0.18524351716041565, 0.1936974674463272, 0.20623576641082764, 0.2143530696630478]]
[[0.1984248012304306, 0.1732466071844101, 0.18752259016036987, 0.22788166999816895, 0.2129242867231369]]
[[0.19990791380405426, 0.22090405225753784, 0.21122519671916962, 0.18279817700386047, 0.185164675116539]]
[[0.20115438103675842, 0.2288006842136383, 0.21428923308849335, 0.1690399944782257, 0.18671567738056183]]
[[0.19950032234191895, 0.19765305519104004, 0.19807583093643188, 0.20404881238937378, 0.20072194933891296]]
[[0.1998070925474167, 0.199825257062912, 0.1998908966779709, 0.2007683962583542, 0.19970837235450745]]
[[0.20095695555210114, 0.1965143084526062, 0.19700577855110168, 0.20343519747257233, 0.20208774507045746]]
[[0.20044457912445068, 0.1980849951505661, 0.19864781200885773, 0.2018408477306366, 0.2009817510843277]]
[[0.20096836984157562, 0.20225049555301666, 0.20183858275413513, 0.19680078327655792, 0.19814178347587585]]
[[0.19996176660060883, 0.1994229257106781, 0.19984367489814758, 0.20095288753509521, 0.19981873035430908]]
[[0.1997455358505249, 0.1989026963710785, 0.19911004602909088, 0.20061254501342773, 0.2016291618347168]]
hyposthese:
2 pieces , ~10 % interstitial fat , rep delineated
reference:
2 pieces 9x9 & 9x5 mm ; clean except for a 1 mm nodule of fibroadipose
