[[0.21068887412548065, 0.16215334832668304, 0.24033278226852417, 0.20362304151058197, 0.18320195376873016]]
[[0.18789097666740417, 0.1576615273952484, 0.27902135252952576, 0.21095801889896393, 0.16446807980537415]]
[[0.2018544226884842, 0.22936613857746124, 0.153166264295578, 0.19643250107765198, 0.2191806584596634]]
[[0.19694297015666962, 0.27186402678489685, 0.11527474224567413, 0.1727878749370575, 0.24313034117221832]]
[[0.2000095695257187, 0.1914098858833313, 0.20938274264335632, 0.20347058773040771, 0.19572730362415314]]
[[0.20094917714595795, 0.18804101645946503, 0.21329066157341003, 0.20355595648288727, 0.19416317343711853]]
[[0.20290863513946533, 0.2075936496257782, 0.18481558561325073, 0.20083816349506378, 0.20384398102760315]]
[[0.20053963363170624, 0.19351062178611755, 0.20555807650089264, 0.2031887173652649, 0.19720296561717987]]
[[0.20098581910133362, 0.2020949274301529, 0.19371536374092102, 0.20104913413524628, 0.202154740691185]]
[[0.2009337693452835, 0.19099348783493042, 0.20944297313690186, 0.20309491455554962, 0.1955348402261734]]
[[0.20079028606414795, 0.19503119587898254, 0.20468705892562866, 0.20218528807163239, 0.19730612635612488]]
hyposthese:
2 pieces ; well trimmed ; 10 % internal fat
reference:
nerve tissue is ~80 % of specimen ; remainder fat ; ( <unk> <unk> peripheral <unk> of <unk> )
