[[0.17394539713859558, 0.16377650201320648, 0.1717652827501297, 0.24745027720928192, 0.2430625855922699]]
[[0.15259625017642975, 0.14856967329978943, 0.1500936597585678, 0.2683778703212738, 0.2803625464439392]]
[[0.23627230525016785, 0.2441515028476715, 0.236203134059906, 0.14297379553318024, 0.14039933681488037]]
[[0.25294575095176697, 0.25633785128593445, 0.25771844387054443, 0.11738213151693344, 0.11561577767133713]]
[[0.19131213426589966, 0.1867399513721466, 0.19045019149780273, 0.21800275146961212, 0.21349498629570007]]
[[0.185239776968956, 0.17968082427978516, 0.1842626929283142, 0.2279701828956604, 0.2228465974330902]]
hyposthese:
2 pieces , no abnormalities
reference:
2 pieces , moderate congestion
