[[0.1711869090795517, 0.16615132987499237, 0.2613678574562073, 0.1721101999282837, 0.22918370366096497]]
[[0.17758393287658691, 0.1765395700931549, 0.2435154914855957, 0.1873103827238083, 0.21505065262317657]]
[[0.2186497002840042, 0.2196166217327118, 0.1609497219324112, 0.21392400562763214, 0.18686002492904663]]
[[0.24912254512310028, 0.24671849608421326, 0.12191551923751831, 0.22477060556411743, 0.15747274458408356]]
[[0.1955203115940094, 0.19610831141471863, 0.2074020802974701, 0.1991841346025467, 0.2017851620912552]]
[[0.19107908010482788, 0.1916339248418808, 0.2155306041240692, 0.1950434446334839, 0.2067129909992218]]
[[0.19745013117790222, 0.19742809236049652, 0.2052677869796753, 0.19832287728786469, 0.20153112709522247]]
[[0.21313859522342682, 0.21294164657592773, 0.17119693756103516, 0.20838409662246704, 0.19433875381946564]]
[[0.19966691732406616, 0.199945330619812, 0.19916053116321564, 0.20027147233486176, 0.2009558230638504]]
[[0.19613073766231537, 0.1952372044324875, 0.2081529051065445, 0.19848772883415222, 0.20199142396450043]]
[[0.19909140467643738, 0.19852793216705322, 0.20098067820072174, 0.199824720621109, 0.20157530903816223]]
hyposthese:
2 pieces , no adherent fat , good clean specimens
reference:
2 pieces ; well trimmed
