[[0.21930144727230072, 0.19759121537208557, 0.22426971793174744, 0.2174096703529358, 0.14142796397209167]]
[[0.1792176216840744, 0.17367948591709137, 0.2844369113445282, 0.22132346034049988, 0.141342431306839]]
[[0.19904758036136627, 0.21691001951694489, 0.15887561440467834, 0.18848221004009247, 0.23668454587459564]]
[[0.19517500698566437, 0.2171277105808258, 0.10508135706186295, 0.15469251573085785, 0.32792341709136963]]
[[0.1987805962562561, 0.19558516144752502, 0.2100183218717575, 0.20573954284191132, 0.18987640738487244]]
[[0.19983206689357758, 0.1936100423336029, 0.21746455132961273, 0.20989562571048737, 0.17919772863388062]]
[[0.1993676722049713, 0.19692562520503998, 0.20927870273590088, 0.20518817007541656, 0.18923979997634888]]
[[0.19907601177692413, 0.19696904718875885, 0.20801059901714325, 0.20277640223503113, 0.19316793978214264]]
[[0.2007126361131668, 0.20128487050533295, 0.19745926558971405, 0.20006196200847626, 0.20048126578330994]]
[[0.20030617713928223, 0.19928833842277527, 0.2025163769721985, 0.20091943442821503, 0.19696968793869019]]
[[0.19990697503089905, 0.19992174208164215, 0.20141465961933136, 0.19991254806518555, 0.1988440901041031]]
[[0.19955064356327057, 0.19935427606105804, 0.20393851399421692, 0.20192117989063263, 0.19523538649082184]]
hyposthese:
6 pieces , squamous mucosa is <unk> , <unk> % thickness
reference:
6 pieces , up to 5x2mm ; superficial sloughing of squamous mucosa
