[[0.16305102407932281, 0.17955449223518372, 0.24063803255558014, 0.1988079696893692, 0.21794848144054413]]
[[0.18016017973423004, 0.17501908540725708, 0.2106284350156784, 0.1959521770477295, 0.23824015259742737]]
[[0.21484209597110748, 0.2155902087688446, 0.183881938457489, 0.20007099211215973, 0.18561482429504395]]
[[0.23249824345111847, 0.23260951042175293, 0.16812986135482788, 0.19950567185878754, 0.16725680232048035]]
[[0.20020538568496704, 0.19822902977466583, 0.19948925077915192, 0.1993410438299179, 0.2027353197336197]]
[[0.19868147373199463, 0.19853676855564117, 0.20082609355449677, 0.20016203820705414, 0.2017936110496521]]
[[0.19945678114891052, 0.2000489979982376, 0.20009657740592957, 0.20021647214889526, 0.20018117129802704]]
[[0.20000559091567993, 0.19956190884113312, 0.19962558150291443, 0.2002248615026474, 0.20058207213878632]]
[[0.19996033608913422, 0.19966331124305725, 0.20017385482788086, 0.20023612678050995, 0.19996634125709534]]
[[0.19947004318237305, 0.1982334703207016, 0.2010899931192398, 0.2002211958169937, 0.20098532736301422]]
[[0.19986216723918915, 0.19904394447803497, 0.20064769685268402, 0.1998981386423111, 0.20054812729358673]]
[[0.1997821033000946, 0.19872575998306274, 0.20022998750209808, 0.2003844827413559, 0.20087768137454987]]
[[0.1989419311285019, 0.19807788729667664, 0.2016385793685913, 0.2000473439693451, 0.2012942135334015]]
hyposthese:
2 pieces , well preserved , islets well visualized , rep encircled
reference:
2 pieces , focally approaching score 2 for autolysis ; islets well-preserved , rep delineated . focal adherent fat , ~2mm
