[[0.22526952624320984, 0.19513899087905884, 0.19532349705696106, 0.17859788239002228, 0.20567010343074799]]
[[0.2342298924922943, 0.19299882650375366, 0.18910175561904907, 0.18653683364391327, 0.1971326768398285]]
[[0.16962914168834686, 0.20846202969551086, 0.2110775262117386, 0.21897266805171967, 0.1918586790561676]]
[[0.14507269859313965, 0.2169659435749054, 0.216417595744133, 0.23083586990833282, 0.19070789217948914]]
[[0.218135267496109, 0.19472309947013855, 0.19470730423927307, 0.19207368791103363, 0.20036067068576813]]
[[0.22289621829986572, 0.1914481520652771, 0.19140464067459106, 0.19195039570331573, 0.20230059325695038]]
hyposthese:
4 pieces , no abnormalities
reference:
2 pieces , no abnormalities
