[[0.20045176148414612, 0.21650774776935577, 0.18269379436969757, 0.20640040934085846, 0.19394630193710327]]
[[0.20031394064426422, 0.20495788753032684, 0.19592083990573883, 0.19725772738456726, 0.20154957473278046]]
[[0.19935168325901031, 0.19055654108524323, 0.21234746277332306, 0.19552405178546906, 0.20222018659114838]]
[[0.2011530101299286, 0.18864116072654724, 0.20671449601650238, 0.19779393076896667, 0.20569740235805511]]
[[0.20049269497394562, 0.20021845400333405, 0.20255742967128754, 0.19970978796482086, 0.19702160358428955]]
[[0.20077632367610931, 0.20026631653308868, 0.20148347318172455, 0.19949619472026825, 0.19797764718532562]]
[[0.2024470716714859, 0.20222388207912445, 0.20091299712657928, 0.19855186343193054, 0.1958642303943634]]
[[0.20050184428691864, 0.20050382614135742, 0.19970235228538513, 0.20000147819519043, 0.19929052889347076]]
[[0.19930164515972137, 0.1969643235206604, 0.1991502046585083, 0.201030433177948, 0.2035534381866455]]
[[0.20066820085048676, 0.1998060941696167, 0.2004985809326172, 0.19958429038524628, 0.1994427889585495]]
[[0.19950327277183533, 0.20094247162342072, 0.20073789358139038, 0.19890031218528748, 0.1999160200357437]]
hyposthese:
2 pieces , ~10 % fascia/vascular elements , rep delineated
reference:
2 pieces , <unk> & <unk> ;
