[[0.1792762726545334, 0.18980097770690918, 0.2029123455286026, 0.19890554249286652, 0.2291048765182495]]
[[0.1800684779882431, 0.1842103898525238, 0.19518370926380157, 0.1931670755147934, 0.24737024307250977]]
[[0.2142416536808014, 0.21021801233291626, 0.20342475175857544, 0.20479479432106018, 0.1673208475112915]]
[[0.22822728753089905, 0.22065533697605133, 0.20597001910209656, 0.2066311091184616, 0.13851618766784668]]
[[0.19609400629997253, 0.19652999937534332, 0.1977381706237793, 0.19880692660808563, 0.2108309119939804]]
[[0.20004862546920776, 0.19980277121067047, 0.1999935656785965, 0.20060525834560394, 0.19954977929592133]]
[[0.19834445416927338, 0.1985352486371994, 0.19951234757900238, 0.1999865025281906, 0.203621506690979]]
hyposthese:
2 pieces ; spermatogenesis is present
reference:
2 pieces , spermatogenesis present but appears reduced
