[[0.2613976299762726, 0.14522917568683624, 0.17678400874137878, 0.21577490866184235, 0.20081429183483124]]
[[0.23834607005119324, 0.16085229814052582, 0.18202553689479828, 0.21711769700050354, 0.2016584426164627]]
[[0.16863062977790833, 0.23930557072162628, 0.2174493968486786, 0.18045268952846527, 0.19416168332099915]]
[[0.13311254978179932, 0.27733102440834045, 0.2286575585603714, 0.17213907837867737, 0.18875977396965027]]
[[0.211177259683609, 0.1913502812385559, 0.19683989882469177, 0.2024649977684021, 0.198167622089386]]
[[0.19325034320354462, 0.20366449654102325, 0.20291370153427124, 0.19839312136173248, 0.2017783522605896]]
[[0.21015530824661255, 0.19298909604549408, 0.1983024626970291, 0.1999865621328354, 0.19856655597686768]]
[[0.20705516636371613, 0.19417741894721985, 0.1982220709323883, 0.200853168964386, 0.19969214498996735]]
hyposthese:
2 pieces ; 10 % internal fat
reference:
2 pieces , 10-30 % adipose tissue ( predominantly internal ) , attached portion of tendon
