[[0.17619608342647552, 0.1407141387462616, 0.2303953915834427, 0.19944626092910767, 0.2532481253147125]]
[[0.17978399991989136, 0.1558704823255539, 0.22429117560386658, 0.20511561632156372, 0.23493874073028564]]
[[0.2150743156671524, 0.23734410107135773, 0.1786724478006363, 0.19919314980506897, 0.16971595585346222]]
[[0.2287599742412567, 0.29184502363204956, 0.15814977884292603, 0.18234585225582123, 0.13889941573143005]]
[[0.19789151847362518, 0.19449616968631744, 0.20247043669223785, 0.20270352065563202, 0.20243839919567108]]
[[0.1974443793296814, 0.19237859547138214, 0.20276670157909393, 0.20203803479671478, 0.20537227392196655]]
[[0.19056886434555054, 0.1824411302804947, 0.207222118973732, 0.20140598714351654, 0.21836189925670624]]
[[0.21027588844299316, 0.2352834790945053, 0.18677537143230438, 0.19235603511333466, 0.1753092259168625]]
[[0.20108090341091156, 0.20312915742397308, 0.20005086064338684, 0.19898171722888947, 0.19675739109516144]]
[[0.19982308149337769, 0.19973990321159363, 0.2002364993095398, 0.20000511407852173, 0.20019538700580597]]
[[0.1971379816532135, 0.18977338075637817, 0.20404385030269623, 0.20053410530090332, 0.20851071178913116]]
[[0.19977353513240814, 0.19887326657772064, 0.2007315754890442, 0.20024718344211578, 0.20037436485290527]]
[[0.20205052196979523, 0.21011142432689667, 0.19864650070667267, 0.19598792493343353, 0.1932036280632019]]
[[0.19910293817520142, 0.19880999624729156, 0.20080627501010895, 0.2002227008342743, 0.20105807483196259]]
[[0.19891783595085144, 0.19807806611061096, 0.20111756026744843, 0.20000264048576355, 0.201883926987648]]
hyposthese:
2 pieces , <unk> & <unk> ; <unk> % occlusive atherosclerosis , focally calcified
reference:
2 pieces ; sclerotic plaques ; extraneous fat and nerve comprise 40 % of <unk>
