[[0.16078731417655945, 0.22602112591266632, 0.2098020613193512, 0.18003994226455688, 0.22334961593151093]]
[[0.16635088622570038, 0.21256105601787567, 0.21203313767910004, 0.19707976281642914, 0.2119751274585724]]
[[0.22977741062641144, 0.188806414604187, 0.1920914202928543, 0.20489998161792755, 0.18442481756210327]]
[[0.27210891246795654, 0.16344763338565826, 0.1836584359407425, 0.20916636288166046, 0.17161865532398224]]
[[0.19195404648780823, 0.20662935078144073, 0.20381906628608704, 0.19758827984333038, 0.2000093162059784]]
[[0.1923602968454361, 0.20886850357055664, 0.20098794996738434, 0.19693714380264282, 0.2008461058139801]]
[[0.17978717386722565, 0.21989746391773224, 0.2033148556947708, 0.18940086662769318, 0.20759958028793335]]
[[0.22612059116363525, 0.18555250763893127, 0.193191260099411, 0.20634765923023224, 0.1887880265712738]]
hyposthese:
2 pieces , <unk> & <unk> ;
reference:
2 pieces ; ducts present , especially in 1 piece [ annotated ]
