[[0.1807091236114502, 0.17435070872306824, 0.19464215636253357, 0.2380390614271164, 0.2122589647769928]]
[[0.18548639118671417, 0.1797112077474594, 0.18699835240840912, 0.22924289107322693, 0.2185610979795456]]
[[0.21519622206687927, 0.2130681723356247, 0.20883704721927643, 0.17265811562538147, 0.19024044275283813]]
[[0.229494109749794, 0.2401031106710434, 0.22213749587535858, 0.14460556209087372, 0.16365976631641388]]
[[0.19724267721176147, 0.19673983752727509, 0.19758138060569763, 0.20622310042381287, 0.20221297442913055]]
[[0.1946060210466385, 0.1917801946401596, 0.19561047852039337, 0.21202504634857178, 0.20597827434539795]]
[[0.19897907972335815, 0.1981535702943802, 0.19855670630931854, 0.20329995453357697, 0.20101071894168854]]
[[0.208498015999794, 0.20949265360832214, 0.20563183724880219, 0.18256184458732605, 0.1938156634569168]]
[[0.19921360909938812, 0.1998937577009201, 0.19903826713562012, 0.2016441971063614, 0.20021015405654907]]
[[0.1978888064622879, 0.19402828812599182, 0.1991826593875885, 0.20652472972869873, 0.20237551629543304]]
hyposthese:
2 pieces , no adherent fat , good specimens
reference:
2 pieces , clean sections , no fat
