[[0.2278071492910385, 0.2103869765996933, 0.21895329654216766, 0.17913123965263367, 0.16372127830982208]]
[[0.211744487285614, 0.2056473195552826, 0.21315152943134308, 0.1862054169178009, 0.18325121700763702]]
[[0.18317241966724396, 0.19277022778987885, 0.18825022876262665, 0.21343153715133667, 0.22237567603588104]]
[[0.17414353787899017, 0.18293242156505585, 0.17896242439746857, 0.22710683941841125, 0.23685480654239655]]
[[0.2031564563512802, 0.2007157951593399, 0.2024349719285965, 0.19783064723014832, 0.19586212933063507]]
[[0.20540902018547058, 0.20293007791042328, 0.20432719588279724, 0.19578376412391663, 0.19154994189739227]]
[[0.19998931884765625, 0.2007996290922165, 0.20116886496543884, 0.1991572082042694, 0.1988850086927414]]
hyposthese:
2 pieces , minimal fascia/vascular elements
reference:
2 pieces ~8x7mm
