[[0.21755017340183258, 0.17830224335193634, 0.20344524085521698, 0.2750436067581177, 0.12565873563289642]]
[[0.2077934294939041, 0.19573558866977692, 0.20642860233783722, 0.25235310196876526, 0.13768929243087769]]
[[0.18850177526474, 0.21081797778606415, 0.19357724487781525, 0.16008764505386353, 0.2470153272151947]]
[[0.16750212013721466, 0.20299722254276276, 0.18170873820781708, 0.12295983731746674, 0.32483214139938354]]
[[0.20305697619915009, 0.19872979819774628, 0.20078685879707336, 0.20830151438713074, 0.18912485241889954]]
[[0.19723786413669586, 0.2027669996023178, 0.2006189227104187, 0.19113577902317047, 0.20824040472507477]]
[[0.20401327311992645, 0.2001703977584839, 0.20052401721477509, 0.20857790112495422, 0.18671442568302155]]
[[0.2009260207414627, 0.1997382789850235, 0.20047853887081146, 0.20379287004470825, 0.1950642317533493]]
hyposthese:
2 pieces ; 10 % external fat
reference:
2 <unk> aliquots ; good clean specimens
