[[0.1583985984325409, 0.18213345110416412, 0.23792825639247894, 0.18055513501167297, 0.24098458886146545]]
[[0.11901393532752991, 0.1424461156129837, 0.26427632570266724, 0.1428055614233017, 0.3314579725265503]]
[[0.23321306705474854, 0.222780242562294, 0.17415453493595123, 0.2217661738395691, 0.14808599650859833]]
[[0.3043978214263916, 0.25972920656204224, 0.10921096801757812, 0.25772199034690857, 0.06893999129533768]]
[[0.19573576748371124, 0.19676382839679718, 0.2035272717475891, 0.19730058312416077, 0.20667248964309692]]
[[0.19536951184272766, 0.19647188484668732, 0.20431526005268097, 0.19671295583248138, 0.20713046193122864]]
[[0.1940314918756485, 0.19578324258327484, 0.20478986203670502, 0.19547247886657715, 0.20992295444011688]]
[[0.202857106924057, 0.20321831107139587, 0.19658160209655762, 0.2035500705242157, 0.193792924284935]]
[[0.1904018372297287, 0.1932004690170288, 0.2085862159729004, 0.1922982633113861, 0.21551324427127838]]
[[0.2220963090658188, 0.21201792359352112, 0.18259461224079132, 0.21441997587680817, 0.1688712239265442]]
[[0.19905662536621094, 0.199241042137146, 0.1995289921760559, 0.1994941532611847, 0.20267923176288605]]
[[0.20333994925022125, 0.20367759466171265, 0.19594494998455048, 0.20404158532619476, 0.19299587607383728]]
hyposthese:
6 pieces , mucosa is <unk> % thickness , <unk> <unk>
reference:
5 pieces ; several lymphoid nodules in 3 pieces ; well dissected
