[[0.18265248835086823, 0.19980187714099884, 0.20746348798274994, 0.2319021373987198, 0.1781800091266632]]
[[0.15319585800170898, 0.2118195742368698, 0.23030786216259003, 0.25074487924575806, 0.15393182635307312]]
[[0.23973654210567474, 0.18989405035972595, 0.17352035641670227, 0.15802469849586487, 0.23882441222667694]]
[[0.27366164326667786, 0.18280839920043945, 0.15178844332695007, 0.1236816942691803, 0.2680598497390747]]
[[0.1892918199300766, 0.20583662390708923, 0.20824730396270752, 0.2076936811208725, 0.18893055617809296]]
[[0.18233005702495575, 0.2092372328042984, 0.21071411669254303, 0.216471329331398, 0.18124724924564362]]
[[0.1900378316640854, 0.20458459854125977, 0.20680838823318481, 0.20802025496959686, 0.19054892659187317]]
[[0.19215813279151917, 0.20253470540046692, 0.20537300407886505, 0.2077256590127945, 0.19220849871635437]]
[[0.20112887024879456, 0.20074526965618134, 0.19950418174266815, 0.19711366295814514, 0.20150800049304962]]
[[0.196723073720932, 0.20086728036403656, 0.20223906636238098, 0.20320360362529755, 0.1969669610261917]]
[[0.19917386770248413, 0.2002945840358734, 0.200152188539505, 0.2009006291627884, 0.19947874546051025]]
[[0.19762350618839264, 0.19953179359436035, 0.20129740238189697, 0.20399214327335358, 0.19755518436431885]]
hyposthese:
6 pieces , squamous mucosa is <unk> , <unk> % thickness
reference:
6 pieces
