[[0.18245983123779297, 0.22847521305084229, 0.17398591339588165, 0.23476532101631165, 0.18031375110149384]]
[[0.14111003279685974, 0.304739773273468, 0.13915984332561493, 0.25641539692878723, 0.15857499837875366]]
[[0.2237311750650406, 0.1612662523984909, 0.22353975474834442, 0.17218361794948578, 0.2192792445421219]]
[[0.2644277811050415, 0.0990227535367012, 0.2730754613876343, 0.11922626197338104, 0.24424773454666138]]
[[0.19616301357746124, 0.2057717889547348, 0.1961805522441864, 0.20396336913108826, 0.19792132079601288]]
[[0.1815263330936432, 0.23268654942512512, 0.18034882843494415, 0.21777895092964172, 0.1876593679189682]]
[[0.18777363002300262, 0.22044065594673157, 0.18655861914157867, 0.21480467915534973, 0.19042238593101501]]
[[0.2414225935935974, 0.12952597439289093, 0.24769215285778046, 0.1565789133310318, 0.22478032112121582]]
[[0.19787755608558655, 0.20270077884197235, 0.19861911237239838, 0.20168131589889526, 0.19912125170230865]]
[[0.19426694512367249, 0.21391725540161133, 0.19314216077327728, 0.2050372064113617, 0.19363637268543243]]
[[0.19877153635025024, 0.20214249193668365, 0.19852101802825928, 0.2007034569978714, 0.199861541390419]]
[[0.19725340604782104, 0.20387299358844757, 0.19707447290420532, 0.20286217331886292, 0.19893698394298553]]
[[0.19842708110809326, 0.2022833675146103, 0.19805973768234253, 0.20222142338752747, 0.19900842010974884]]
[[0.1977856606245041, 0.2049553543329239, 0.1973116099834442, 0.20185431838035583, 0.19809302687644958]]
hyposthese:
6 pieces , up to 8x3mm ; squamous epithelium is ~1 % thickness
reference:
6 pieces up to 9x3 mm ;
