[[0.253213495016098, 0.1965760737657547, 0.1751568466424942, 0.17026859521865845, 0.2047850340604782]]
[[0.26871898770332336, 0.18135325610637665, 0.17192234098911285, 0.17442341148853302, 0.2035820037126541]]
[[0.15143784880638123, 0.2081509381532669, 0.22263090312480927, 0.22303271293640137, 0.19474750757217407]]
[[0.1271256059408188, 0.20931793749332428, 0.24096104502677917, 0.2413616180419922, 0.18123388290405273]]
[[0.2031574249267578, 0.2002578228712082, 0.19729165732860565, 0.19763648509979248, 0.20165662467479706]]
[[0.20351366698741913, 0.2006283849477768, 0.19708110392093658, 0.19662946462631226, 0.20214737951755524]]
hyposthese:
2 pieces , moderate congestion
reference:
2 pieces , hemosiderin-laden macrophages , focal emphysematous change and fibrosis
