[[0.22298379242420197, 0.27203723788261414, 0.08542220294475555, 0.27866852283477783, 0.1408882588148117]]
[[0.22218388319015503, 0.25572139024734497, 0.11338936537504196, 0.2606644332408905, 0.14804089069366455]]
[[0.2044929713010788, 0.1657564640045166, 0.2435135692358017, 0.16155573725700378, 0.2246812880039215]]
[[0.13083551824092865, 0.08975198119878769, 0.4119856655597687, 0.08545482158660889, 0.2819719910621643]]
[[0.2058888077735901, 0.20794585347175598, 0.1867566853761673, 0.20699992775917053, 0.1924087107181549]]
[[0.20572353899478912, 0.2089574784040451, 0.18563887476921082, 0.20614813268184662, 0.19353201985359192]]
[[0.20405809581279755, 0.2139805555343628, 0.17931607365608215, 0.21473495662212372, 0.1879103034734726]]
[[0.2018411010503769, 0.20802560448646545, 0.18799686431884766, 0.20885662734508514, 0.19327984750270844]]
[[0.20480677485466003, 0.1789996176958084, 0.22183725237846375, 0.17592813074588776, 0.21842823922634125]]
[[0.200796976685524, 0.20301909744739532, 0.1958497017621994, 0.20244106650352478, 0.1978931427001953]]
[[0.19911295175552368, 0.2014065980911255, 0.1987723708152771, 0.20190675556659698, 0.19880130887031555]]
[[0.2010166198015213, 0.20441028475761414, 0.19199518859386444, 0.20439505577087402, 0.1981828808784485]]
hyposthese:
6 pieces , mucosa up to ~1mm , <unk> % thickness
reference:
6 pieces , up to 8x4mm ; good mucosa and muscularis on all
