[[0.1798473596572876, 0.22965364158153534, 0.18634499609470367, 0.1971973478794098, 0.20695661008358002]]
[[0.17331331968307495, 0.27184683084487915, 0.17686016857624054, 0.18427033722400665, 0.1937093585729599]]
[[0.2217123657464981, 0.1539355367422104, 0.21729372441768646, 0.209298238158226, 0.19776013493537903]]
[[0.23095588386058807, 0.13799481093883514, 0.225025475025177, 0.21218807995319366, 0.19383573532104492]]
[[0.1933528333902359, 0.21175336837768555, 0.19391591846942902, 0.19151458144187927, 0.20946335792541504]]
[[0.1904972344636917, 0.2199113517999649, 0.19189144670963287, 0.1935749053955078, 0.2041250318288803]]
hyposthese:
2 pieces , no abnormalities
reference:
2 pieces , no abnormalities
