[[0.1975758969783783, 0.18297776579856873, 0.24212537705898285, 0.1938280463218689, 0.18349292874336243]]
[[0.21459800004959106, 0.18314525485038757, 0.2349594235420227, 0.1861698180437088, 0.18112751841545105]]
[[0.19590380787849426, 0.2181699424982071, 0.15907888114452362, 0.2084384709596634, 0.21840892732143402]]
[[0.18290317058563232, 0.23996853828430176, 0.12478950619697571, 0.2120065540075302, 0.24033217132091522]]
[[0.2012343406677246, 0.19554488360881805, 0.2093515396118164, 0.19817963242530823, 0.1956896036863327]]
[[0.2029084414243698, 0.19230696558952332, 0.21212466061115265, 0.20085644721984863, 0.1918034553527832]]
[[0.20072431862354279, 0.1963898241519928, 0.20658600330352783, 0.20002757012844086, 0.19627229869365692]]
[[0.2018631100654602, 0.19352014362812042, 0.2126939594745636, 0.1983693242073059, 0.19355343282222748]]
[[0.19940759241580963, 0.19687442481517792, 0.20738941431045532, 0.19928503036499023, 0.1970434933900833]]
[[0.19760271906852722, 0.2079891860485077, 0.18377366662025452, 0.20292575657367706, 0.20770873129367828]]
[[0.2000540941953659, 0.19839191436767578, 0.20290282368659973, 0.20010949671268463, 0.19854174554347992]]
[[0.2001177966594696, 0.19978542625904083, 0.2002767026424408, 0.19993917644023895, 0.19988089799880981]]
[[0.20217587053775787, 0.19653217494487762, 0.20494294166564941, 0.1998075395822525, 0.19654151797294617]]
hyposthese:
6 pieces , squamous mucosa up to ~0.5mm , <unk> % thickness
reference:
squamous epithelium <unk> mm thick ; scattered fracture defects
