[[0.17577840387821198, 0.20484857261180878, 0.18581046164035797, 0.2353845238685608, 0.19817805290222168]]
[[0.18244287371635437, 0.2121870368719101, 0.1966526210308075, 0.21443289518356323, 0.19428464770317078]]
[[0.21642400324344635, 0.19517837464809418, 0.20605814456939697, 0.18150050938129425, 0.20083892345428467]]
[[0.22363318502902985, 0.18614523112773895, 0.21649041771888733, 0.16712164878845215, 0.2066095620393753]]
[[0.20199279487133026, 0.20057249069213867, 0.1958736777305603, 0.20387831330299377, 0.19768273830413818]]
[[0.20118021965026855, 0.1999276727437973, 0.19799812138080597, 0.20217467844486237, 0.198719322681427]]
[[0.20037312805652618, 0.20108851790428162, 0.19616232812404633, 0.2049255520105362, 0.1974504590034485]]
[[0.19969144463539124, 0.2002340704202652, 0.19897378981113434, 0.20129160583019257, 0.19980908930301666]]
[[0.2036396563053131, 0.19736677408218384, 0.20583638548851013, 0.19101254642009735, 0.20214468240737915]]
[[0.20062585175037384, 0.1996983289718628, 0.19955220818519592, 0.20016957819461823, 0.19995400309562683]]
[[0.19866307079792023, 0.2004755139350891, 0.19926288723945618, 0.2023051232099533, 0.19929343461990356]]
hyposthese:
2 pieces , ~10 % fascia/vascular elements , rep delineated
reference:
2 pieces , fibroadipose elements , trace atrophic ductal structures , rep delineated
