[[0.15346011519432068, 0.20122936367988586, 0.19017860293388367, 0.2224148064851761, 0.23271720111370087]]
[[0.17300239205360413, 0.20156709849834442, 0.19260206818580627, 0.20326127111911774, 0.22956721484661102]]
[[0.22429582476615906, 0.1998683512210846, 0.20402561128139496, 0.19365070760250092, 0.17815952003002167]]
[[0.2582532465457916, 0.2012583315372467, 0.21651121973991394, 0.1740228831768036, 0.14995431900024414]]
[[0.19128847122192383, 0.19948866963386536, 0.19722497463226318, 0.2043832391500473, 0.20761467516422272]]
[[0.1953122615814209, 0.19971750676631927, 0.1973705142736435, 0.20228081941604614, 0.20531892776489258]]
hyposthese:
2 pieces , myometrium only
reference:
2 pieces ; myometrium only in this section
