[[0.19139112532138824, 0.20556233823299408, 0.21304726600646973, 0.20362862944602966, 0.18637067079544067]]
[[0.19478972256183624, 0.19391070306301117, 0.21610817313194275, 0.20231810212135315, 0.1928732693195343]]
[[0.20306037366390228, 0.1968955546617508, 0.18941010534763336, 0.19872824847698212, 0.21190571784973145]]
[[0.21480844914913177, 0.20152992010116577, 0.17496879398822784, 0.19155848026275635, 0.21713440120220184]]
[[0.1977856159210205, 0.19866017997264862, 0.20359046757221222, 0.20029295980930328, 0.19967077672481537]]
[[0.1964379996061325, 0.1996893286705017, 0.20612949132919312, 0.2022218257188797, 0.19552138447761536]]
[[0.19936630129814148, 0.2004605382680893, 0.2002619504928589, 0.20022620260715485, 0.1996850222349167]]
hyposthese:
2 pieces , minimal fascia/vascular elements
reference:
2 pieces , 10x7 & 9x7mm ; well fixed , no artifacts
