[[0.16574139893054962, 0.24098093807697296, 0.1605931669473648, 0.22762490808963776, 0.20505963265895844]]
[[0.16497910022735596, 0.24409471452236176, 0.1682649701833725, 0.23436352610588074, 0.18829762935638428]]
[[0.22133469581604004, 0.1720174103975296, 0.22516556084156036, 0.18263685703277588, 0.1988455355167389]]
[[0.24907945096492767, 0.1423349529504776, 0.25479450821876526, 0.14990153908729553, 0.20388951897621155]]
[[0.19607970118522644, 0.2057836949825287, 0.19510529935359955, 0.20626147091388702, 0.1967698335647583]]
[[0.19514505565166473, 0.20589834451675415, 0.19301238656044006, 0.20686659216880798, 0.19907763600349426]]
[[0.1840611696243286, 0.22252069413661957, 0.1809886246919632, 0.21685859560966492, 0.19557097554206848]]
[[0.22686520218849182, 0.16907361149787903, 0.23086105287075043, 0.17474715411663055, 0.19845296442508698]]
[[0.2045716494321823, 0.19437140226364136, 0.2042780965566635, 0.19628532230854034, 0.20049349963665009]]
[[0.19763295352458954, 0.20334216952323914, 0.19491666555404663, 0.20386472344398499, 0.20024342834949493]]
[[0.19740773737430573, 0.20284909009933472, 0.1952097862958908, 0.20305894315242767, 0.20147445797920227]]
hyposthese:
2 pieces , <unk> & <unk> ; good clean specimens
reference:
artery with 60 % occlusion by atheromatous plaque
