[[0.18725846707820892, 0.18851937353610992, 0.19689159095287323, 0.21400757133960724, 0.2133229523897171]]
[[0.18054427206516266, 0.18314313888549805, 0.18930768966674805, 0.1953403502702713, 0.25166454911231995]]
[[0.2143392264842987, 0.21278534829616547, 0.20428888499736786, 0.19469811022281647, 0.17388835549354553]]
[[0.23126867413520813, 0.22574546933174133, 0.21073417365550995, 0.1892102211713791, 0.1430414319038391]]
[[0.19530785083770752, 0.19687098264694214, 0.19901318848133087, 0.20167012512683868, 0.20713788270950317]]
[[0.19340316951274872, 0.19466371834278107, 0.19780215620994568, 0.2038884460926056, 0.21024249494075775]]
[[0.2026538848876953, 0.20211370289325714, 0.20142655074596405, 0.19916139543056488, 0.1946445107460022]]
[[0.19619889557361603, 0.19729392230510712, 0.1986657828092575, 0.2018347531557083, 0.20600658655166626]]
[[0.20041391253471375, 0.20039451122283936, 0.20033423602581024, 0.19965869188308716, 0.19919855892658234]]
[[0.1952751725912094, 0.19712556898593903, 0.19871625304222107, 0.20265887677669525, 0.20622406899929047]]
[[0.19737961888313293, 0.19802013039588928, 0.1982061117887497, 0.2017878144979477, 0.2046063393354416]]
hyposthese:
2 pieces ; well trimmed ; 10 % internal fat
reference:
2 pieces , 5x4 & 7x3mm ; 20 % peripheral adipose
