[[0.19363097846508026, 0.1804618239402771, 0.2217622995376587, 0.203838050365448, 0.20030689239501953]]
[[0.18307381868362427, 0.1708039492368698, 0.323746919631958, 0.15783214569091797, 0.16454307734966278]]
[[0.20392228662967682, 0.21330983936786652, 0.1622568815946579, 0.20961201190948486, 0.2108989953994751]]
[[0.20585066080093384, 0.23461046814918518, 0.10111827403306961, 0.2293393760919571, 0.22908124327659607]]
[[0.19972477853298187, 0.198672354221344, 0.2062792032957077, 0.19753161072731018, 0.19779208302497864]]
[[0.20017488300800323, 0.19545748829841614, 0.2100387066602707, 0.19712792336940765, 0.1972009390592575]]
[[0.1996319442987442, 0.1987212598323822, 0.20506295561790466, 0.19818538427352905, 0.19839845597743988]]
[[0.20511983335018158, 0.2074882537126541, 0.1705542802810669, 0.20890389382839203, 0.20793378353118896]]
[[0.20007295906543732, 0.199189230799675, 0.2026851922273636, 0.1992482990026474, 0.19880428910255432]]
[[0.19944392144680023, 0.19772402942180634, 0.20591826736927032, 0.19805629551410675, 0.19885747134685516]]
[[0.1998334527015686, 0.19981913268566132, 0.20100155472755432, 0.19940422475337982, 0.19994160532951355]]
[[0.1992793083190918, 0.20033209025859833, 0.20378370583057404, 0.19794709980487823, 0.1986577957868576]]
hyposthese:
6 pieces , minimal dermal fat ; squamous epithelium is <unk>
reference:
6 pieces , trace adherent dermal fat , delineated ; squamous epithelium is <unk> thick
