[[0.2182978391647339, 0.1872364580631256, 0.21311447024345398, 0.18711991608142853, 0.19423136115074158]]
[[0.21501585841178894, 0.19188526272773743, 0.20453518629074097, 0.19906094670295715, 0.18950282037258148]]
[[0.19011883437633514, 0.2095116376876831, 0.1922784149646759, 0.2046431452035904, 0.20344799757003784]]
[[0.17671826481819153, 0.21715478599071503, 0.178712859749794, 0.21238136291503906, 0.215032696723938]]
[[0.2018136829137802, 0.19625887274742126, 0.20365852117538452, 0.19911400973796844, 0.19915488362312317]]
[[0.20063041150569916, 0.19904667139053345, 0.2022179365158081, 0.19869622588157654, 0.19940878450870514]]
[[0.20212005078792572, 0.1976812779903412, 0.20520047843456268, 0.19705671072006226, 0.19794151186943054]]
[[0.2002507895231247, 0.19969315826892853, 0.2005353718996048, 0.199417844414711, 0.2001028209924698]]
[[0.19621746242046356, 0.20252688229084015, 0.19655930995941162, 0.2027249038219452, 0.20197144150733948]]
[[0.1998888999223709, 0.19988079369068146, 0.20048978924751282, 0.1995573341846466, 0.2001831829547882]]
[[0.20099307596683502, 0.1994781494140625, 0.20198607444763184, 0.19867925345897675, 0.1988634467124939]]
hyposthese:
2 pieces , ~10 % fascia/vascular elements , rep delineated
reference:
2 pieces ; 10 % & < 5 % fibrous component
