[[0.19875715672969818, 0.18644514679908752, 0.19082105159759521, 0.19679918885231018, 0.2271774411201477]]
[[0.19861474633216858, 0.18810756504535675, 0.19157405197620392, 0.18888746201992035, 0.23281624913215637]]
[[0.20043407380580902, 0.2070789337158203, 0.2029893547296524, 0.20149394869804382, 0.18800370395183563]]
[[0.2027728408575058, 0.22519905865192413, 0.21569424867630005, 0.20889905095100403, 0.1474347561597824]]
[[0.19967244565486908, 0.1993236243724823, 0.19861146807670593, 0.2005278766155243, 0.2018645852804184]]
[[0.198619082570076, 0.19749808311462402, 0.19709743559360504, 0.19970302283763885, 0.20708239078521729]]
[[0.20101788640022278, 0.20169129967689514, 0.20191043615341187, 0.200469508767128, 0.19491085410118103]]
[[0.2002430260181427, 0.19998298585414886, 0.2001315951347351, 0.2002032995223999, 0.19943909347057343]]
[[0.19830985367298126, 0.19911609590053558, 0.19986964762210846, 0.1987208127975464, 0.20398351550102234]]
hyposthese:
6 pieces , all muscularis , good specimens
reference:
6 pieces , confirmed target muscularis
