[[0.22416511178016663, 0.20912539958953857, 0.1685103327035904, 0.19368606805801392, 0.20451302826404572]]
[[0.24635018408298492, 0.1966710090637207, 0.16616690158843994, 0.1680360585451126, 0.22277593612670898]]
[[0.18691933155059814, 0.19525642693042755, 0.21126167476177216, 0.20505598187446594, 0.2015065848827362]]
[[0.16119301319122314, 0.1874113827943802, 0.24984997510910034, 0.22196294367313385, 0.1795826554298401]]
[[0.1992815136909485, 0.20480802655220032, 0.1963295340538025, 0.20052140951156616, 0.19905951619148254]]
[[0.2081858515739441, 0.20478059351444244, 0.18493561446666718, 0.19491927325725555, 0.20717866718769073]]
[[0.20523549616336823, 0.207220658659935, 0.18834933638572693, 0.19809196889400482, 0.20110253989696503]]
[[0.16943490505218506, 0.19669052958488464, 0.23013192415237427, 0.2144618034362793, 0.18928079307079315]]
[[0.1981145441532135, 0.20174071192741394, 0.2009151130914688, 0.20117010176181793, 0.1980595737695694]]
[[0.20077581703662872, 0.20126110315322876, 0.19848665595054626, 0.1993931382894516, 0.20008327066898346]]
[[0.1927599310874939, 0.20086868107318878, 0.20513980090618134, 0.2036355882883072, 0.19759605824947357]]
[[0.1996353715658188, 0.20101633667945862, 0.19929088652133942, 0.20052595436573029, 0.1995314359664917]]
[[0.20236429572105408, 0.20262306928634644, 0.1961134821176529, 0.1976088434457779, 0.20129035413265228]]
hyposthese:
6 pieces , up to <unk> ; all muscularis , good specimens
reference:
6 pieces 7x4mm . no mucosa , <unk> muscle . may be used <unk> <unk>
