[[0.166100412607193, 0.1690870076417923, 0.25426560640335083, 0.22104409337043762, 0.18950290977954865]]
[[0.1664309948682785, 0.1817670613527298, 0.2400718480348587, 0.222549170255661, 0.18918097019195557]]
[[0.22149842977523804, 0.2185652256011963, 0.16832424700260162, 0.18409059941768646, 0.2075214833021164]]
[[0.25565117597579956, 0.2340867519378662, 0.13764695823192596, 0.16671863198280334, 0.20589648187160492]]
[[0.19468636810779572, 0.19668056070804596, 0.20538881421089172, 0.20360924303531647, 0.19963505864143372]]
[[0.20113007724285126, 0.20477204024791718, 0.19817672669887543, 0.19863511621952057, 0.19728608429431915]]
[[0.19718433916568756, 0.19845454394817352, 0.20299021899700165, 0.2025667279958725, 0.1988041251897812]]
[[0.19703179597854614, 0.19918836653232574, 0.20298856496810913, 0.20183564722537994, 0.19895559549331665]]
[[0.20731507241725922, 0.20541910827159882, 0.19104145467281342, 0.19506576657295227, 0.20115868747234344]]
[[0.1956096887588501, 0.19666333496570587, 0.2047351449728012, 0.20347756147384644, 0.19951429963111877]]
[[0.1988639533519745, 0.19836698472499847, 0.20170244574546814, 0.20135170221328735, 0.19971488416194916]]
hyposthese:
2 pieces ; 1 piece has 30 % fibrous content
reference:
2 pieces trace adherent fat , delineated
