[[0.1881370097398758, 0.19314303994178772, 0.20778922736644745, 0.22189933061599731, 0.18903131783008575]]
[[0.1939910352230072, 0.198083758354187, 0.20245029032230377, 0.20555688440799713, 0.1999180018901825]]
[[0.20586656033992767, 0.20359286665916443, 0.19559486210346222, 0.1896120011806488, 0.20533376932144165]]
[[0.22445695102214813, 0.20210348069667816, 0.1943364441394806, 0.1747286319732666, 0.20437446236610413]]
[[0.19408152997493744, 0.20010000467300415, 0.20081906020641327, 0.20649927854537964, 0.1985001564025879]]
[[0.18938182294368744, 0.20003466308116913, 0.20054945349693298, 0.2104184329509735, 0.19961565732955933]]
[[0.1976766735315323, 0.20064978301525116, 0.1977449655532837, 0.20267966389656067, 0.20124897360801697]]
hyposthese:
2 pieces , minimal fascia/vascular elements
reference:
2 pieces ; no more than 10 % <unk> component
