[[0.24237950146198273, 0.21345815062522888, 0.1765584945678711, 0.1385175734758377, 0.2290862500667572]]
[[0.2203996777534485, 0.20183883607387543, 0.1780160516500473, 0.15717488527297974, 0.24257060885429382]]
[[0.17775055766105652, 0.19948183000087738, 0.21794576942920685, 0.22899454832077026, 0.17582730948925018]]
[[0.1345074623823166, 0.18097396194934845, 0.23139916360378265, 0.32573920488357544, 0.12738025188446045]]
[[0.20866738259792328, 0.19887614250183105, 0.19399520754814148, 0.19016140699386597, 0.20829986035823822]]
[[0.2073267102241516, 0.19965901970863342, 0.1944134384393692, 0.19099277257919312, 0.20760804414749146]]
[[0.2068508267402649, 0.200987309217453, 0.19484005868434906, 0.19043588638305664, 0.2068859338760376]]
[[0.19374006986618042, 0.20020103454589844, 0.2069346159696579, 0.2078009396791458, 0.191323384642601]]
[[0.20501510798931122, 0.19933167099952698, 0.19699327647686005, 0.19512608647346497, 0.20353378355503082]]
[[0.20078006386756897, 0.1995091587305069, 0.19964711368083954, 0.19873812794685364, 0.20132556557655334]]
hyposthese:
6 pieces ; mucosa largely autolyzed ; muscle intact
reference:
6 pieces ; mucosa=3 ; muscle = 1 ( autolysis )
