[[0.19381612539291382, 0.2056473046541214, 0.19312770664691925, 0.18766500055789948, 0.21974396705627441]]
[[0.17548982799053192, 0.19793196022510529, 0.1587286740541458, 0.1566789150238037, 0.31117063760757446]]
[[0.21013833582401276, 0.19635501503944397, 0.21573036909103394, 0.21945184469223022, 0.15832434594631195]]
[[0.2274555116891861, 0.18708749115467072, 0.24326062202453613, 0.2464842051267624, 0.09571212530136108]]
[[0.19750353693962097, 0.19968105852603912, 0.19627569615840912, 0.19638562202453613, 0.21015413105487823]]
[[0.19310976564884186, 0.20333722233772278, 0.18800070881843567, 0.1880834698677063, 0.22746877372264862]]
hyposthese:
6 pieces , minimal atherosis
reference:
5 pieces ; atherosis
