[[0.17798209190368652, 0.23519344627857208, 0.20118725299835205, 0.19225558638572693, 0.19338162243366241]]
[[0.1797766238451004, 0.2584339678287506, 0.18714118003845215, 0.18700717389583588, 0.18764100968837738]]
[[0.21622446179389954, 0.1597251296043396, 0.20731548964977264, 0.20882558822631836, 0.20790931582450867]]
[[0.24073109030723572, 0.1130710318684578, 0.21309323608875275, 0.21577422320842743, 0.21733051538467407]]
[[0.1977139562368393, 0.20612750947475433, 0.19820380210876465, 0.1985689252614975, 0.19938576221466064]]
[[0.19749335944652557, 0.20551055669784546, 0.19911359250545502, 0.19850623607635498, 0.19937625527381897]]
[[0.18675996363162994, 0.225820854306221, 0.1963064819574356, 0.19610194861888885, 0.19501075148582458]]
[[0.2118450254201889, 0.1638616919517517, 0.20664158463478088, 0.2084360420703888, 0.2092156708240509]]
[[0.2005002200603485, 0.19841676950454712, 0.19995428621768951, 0.20026586949825287, 0.2008628100156784]]
[[0.19545000791549683, 0.20469601452350616, 0.20065893232822418, 0.19950531423091888, 0.1996898055076599]]
[[0.19448958337306976, 0.20769678056240082, 0.20010437071323395, 0.19864274561405182, 0.19906647503376007]]
hyposthese:
2 pieces , <unk> & <unk> ; good clean specimens
reference:
2 pieces ; thin ( <unk> mm ) rim of fat <unk> external <unk>
