[[0.1730928122997284, 0.1605655699968338, 0.23714028298854828, 0.2374151051044464, 0.19178621470928192]]
[[0.1581791341304779, 0.14931726455688477, 0.2600657343864441, 0.251275897026062, 0.1811619997024536]]
[[0.2341124713420868, 0.2416970580816269, 0.15712375938892365, 0.15837213397026062, 0.20869457721710205]]
[[0.24413082003593445, 0.25887104868888855, 0.1399870216846466, 0.14426285028457642, 0.21274827420711517]]
[[0.19273149967193604, 0.19153282046318054, 0.20783786475658417, 0.20850057899951935, 0.1993972361087799]]
[[0.19571897387504578, 0.1928199678659439, 0.20509442687034607, 0.20405472815036774, 0.20231188833713531]]
hyposthese:
2 pieces , moderate congestion
reference:
2 fragmented pieces ; moderate congestion
