[[0.24599464237689972, 0.16458798944950104, 0.1614631861448288, 0.24593353271484375, 0.18202073872089386]]
[[0.2384008765220642, 0.17082896828651428, 0.17846748232841492, 0.23391616344451904, 0.17838644981384277]]
[[0.1758367419242859, 0.22131115198135376, 0.21890898048877716, 0.17547473311424255, 0.20846843719482422]]
[[0.1415393203496933, 0.24843992292881012, 0.24582546949386597, 0.13975346088409424, 0.22444190084934235]]
[[0.2032298445701599, 0.19408148527145386, 0.1938663125038147, 0.2100544422864914, 0.19876785576343536]]
[[0.21175070106983185, 0.19010034203529358, 0.18794023990631104, 0.21587269008159637, 0.19433605670928955]]
hyposthese:
2 pieces , no abnormalities
reference:
2 pieces ~9x9mm
