[[0.1904757022857666, 0.1725921928882599, 0.20948578417301178, 0.21116484701633453, 0.21628150343894958]]
[[0.12459058314561844, 0.13343533873558044, 0.24181140959262848, 0.25471368432044983, 0.24544894695281982]]
[[0.22958247363567352, 0.23063978552818298, 0.1824401319026947, 0.17891369760036469, 0.1784239560365677]]
[[0.29201459884643555, 0.2861872613430023, 0.14788992702960968, 0.13660508394241333, 0.13730311393737793]]
[[0.1920328587293625, 0.19180606305599213, 0.20519638061523438, 0.20601792633533478, 0.20494674146175385]]
[[0.20202335715293884, 0.20170250535011292, 0.19849835336208344, 0.19920901954174042, 0.19856682419776917]]
[[0.1819964498281479, 0.18277119100093842, 0.21152575314044952, 0.2127009630203247, 0.21100564301013947]]
[[0.1969285011291504, 0.19582201540470123, 0.20239223539829254, 0.20225147902965546, 0.2026057243347168]]
hyposthese:
6 pieces , atherosis up to ~0.2mm
reference:
6 pieces ; atherosclerosis
