[[0.21344426274299622, 0.1798161119222641, 0.2310570329427719, 0.20948295295238495, 0.16619960963726044]]
[[0.20554369688034058, 0.17602810263633728, 0.2699485719203949, 0.19704602658748627, 0.15143358707427979]]
[[0.19059881567955017, 0.22656475007534027, 0.15311960875988007, 0.19410157203674316, 0.23561519384384155]]
[[0.17989811301231384, 0.23998227715492249, 0.10741323232650757, 0.18517181277275085, 0.28753453493118286]]
[[0.20242735743522644, 0.1932123452425003, 0.21123874187469482, 0.20234955847263336, 0.19077202677726746]]
[[0.20688718557357788, 0.19005154073238373, 0.21731001138687134, 0.20511160790920258, 0.1806396245956421]]
[[0.20164771378040314, 0.19580763578414917, 0.2100791186094284, 0.20132100582122803, 0.19114452600479126]]
[[0.2030838280916214, 0.18998396396636963, 0.21879248321056366, 0.20365191996097565, 0.18448783457279205]]
[[0.2001289427280426, 0.19538557529449463, 0.21331556141376495, 0.19981162250041962, 0.1913582980632782]]
[[0.1955752670764923, 0.21428023278713226, 0.17095977067947388, 0.1973356157541275, 0.22184914350509644]]
[[0.2002110779285431, 0.19838576018810272, 0.20413553714752197, 0.20011146366596222, 0.1971561312675476]]
[[0.20117823779582977, 0.19743238389492035, 0.20556247234344482, 0.20062069594860077, 0.1952061802148819]]
[[0.1992986649274826, 0.2000771462917328, 0.20135200023651123, 0.1992812603712082, 0.19999095797538757]]
[[0.19954174757003784, 0.20176085829734802, 0.1971084028482437, 0.19982801377773285, 0.20176105201244354]]
[[0.20000994205474854, 0.20397348701953888, 0.19103500247001648, 0.20029059052467346, 0.20469099283218384]]
[[0.2002439796924591, 0.19844970107078552, 0.20393192768096924, 0.20026293396949768, 0.19711147248744965]]
[[0.19941434264183044, 0.1977423131465912, 0.20728318393230438, 0.19924476742744446, 0.19631539285182953]]
hyposthese:
6 pieces , squamous mucosa up to ~0.4mm , submucosal mucus glands present , rep delineated
reference:
6 pieces ; well dissected
