[[0.18385906517505646, 0.21521098911762238, 0.17763540148735046, 0.188753142952919, 0.2345414012670517]]
[[0.14369842410087585, 0.2691281735897064, 0.13901536166667938, 0.14524167776107788, 0.30291637778282166]]
[[0.22164183855056763, 0.17638105154037476, 0.2218344807624817, 0.2172224074602127, 0.16292023658752441]]
[[0.2565370202064514, 0.1274053156375885, 0.2679310441017151, 0.24543826282024384, 0.10268843173980713]]
[[0.1943066567182541, 0.2059369832277298, 0.19330410659313202, 0.19479478895664215, 0.21165743470191956]]
[[0.19371113181114197, 0.20568972826004028, 0.19283528625965118, 0.1945631057024002, 0.21320068836212158]]
[[0.209025040268898, 0.1919269859790802, 0.20853744447231293, 0.2085627168416977, 0.1819477528333664]]
[[0.19590236246585846, 0.20512868463993073, 0.19546085596084595, 0.1964554488658905, 0.2070525884628296]]
[[0.20389389991760254, 0.1969449520111084, 0.20342431962490082, 0.20373423397541046, 0.19200265407562256]]
[[0.19335944950580597, 0.20736545324325562, 0.1917809545993805, 0.19432926177978516, 0.21316485106945038]]
[[0.19690853357315063, 0.20296844840049744, 0.19681930541992188, 0.19767789542675018, 0.2056257724761963]]
hyposthese:
6 pieces ; well trimmed ; 10 % dermal fat
reference:
6 pieces ; 20 % dermal fat in the 2 larger pieces
