[[0.17256209254264832, 0.24164807796478271, 0.17030532658100128, 0.1888212114572525, 0.22666335105895996]]
[[0.17437443137168884, 0.24423848092556, 0.17360785603523254, 0.19071699678897858, 0.21706226468086243]]
[[0.21225658059120178, 0.17917682230472565, 0.21301104128360748, 0.20472878217697144, 0.19082669913768768]]
[[0.2399468719959259, 0.14866667985916138, 0.2365896850824356, 0.212318554520607, 0.16247813403606415]]
[[0.19844865798950195, 0.2029043734073639, 0.19737739861011505, 0.19893775880336761, 0.20233182609081268]]
[[0.19751283526420593, 0.2044752538204193, 0.19626840949058533, 0.19856636226177216, 0.20317710936069489]]
[[0.19821768999099731, 0.2029566466808319, 0.19681225717067719, 0.1990233063697815, 0.20299005508422852]]
hyposthese:
6 pieces , confirmed target muscularis
reference:
6 pieces , all muscularis , good specimens
