[[0.17685985565185547, 0.16841353476047516, 0.20707473158836365, 0.22351518273353577, 0.2241365909576416]]
[[0.18159480392932892, 0.1646043062210083, 0.20198479294776917, 0.23169545829296112, 0.22012057900428772]]
[[0.21995216608047485, 0.22654657065868378, 0.1935316026210785, 0.17466866970062256, 0.18530093133449554]]
[[0.2283208817243576, 0.24312742054462433, 0.1943768858909607, 0.16798239946365356, 0.16619248688220978]]
[[0.19745546579360962, 0.19863425195217133, 0.19933120906352997, 0.2032475620508194, 0.20133155584335327]]
[[0.19237437844276428, 0.19223353266716003, 0.20210711658000946, 0.2081022560596466, 0.20518270134925842]]
[[0.19717583060264587, 0.19763757288455963, 0.20032009482383728, 0.2025211751461029, 0.20234531164169312]]
hyposthese:
2 pieces , minimal ischemic changes
reference:
2 pieces
