[[0.21183408796787262, 0.1986602246761322, 0.20564118027687073, 0.2034653276205063, 0.18039914965629578]]
[[0.21168291568756104, 0.202026829123497, 0.20548680424690247, 0.20594137907028198, 0.1748620718717575]]
[[0.19268301129341125, 0.20172588527202606, 0.19936692714691162, 0.19838669896125793, 0.20783747732639313]]
[[0.18349230289459229, 0.20225293934345245, 0.19602088630199432, 0.19482357800006866, 0.22341027855873108]]
[[0.20390430092811584, 0.20031212270259857, 0.20018716156482697, 0.19969825446605682, 0.19589823484420776]]
[[0.20489056408405304, 0.1998717188835144, 0.20128482580184937, 0.1998431384563446, 0.1941096931695938]]
[[0.20485785603523254, 0.2006404846906662, 0.20195335149765015, 0.20081880688667297, 0.19172950088977814]]
hyposthese:
2 pieces , glandular hyperplastic pattern
reference:
2 pieces ; well preserved
