[[0.15517231822013855, 0.2278580665588379, 0.15679362416267395, 0.23654136061668396, 0.22363467514514923]]
[[0.14966577291488647, 0.21058128774166107, 0.1518145203590393, 0.2228020876646042, 0.26513633131980896]]
[[0.23503756523132324, 0.18937645852565765, 0.2334907352924347, 0.18023519217967987, 0.16186009347438812]]
[[0.2413175106048584, 0.18539489805698395, 0.2404637485742569, 0.1738969385623932, 0.1589268296957016]]
[[0.1954433172941208, 0.19812282919883728, 0.19518683850765228, 0.20253266394138336, 0.20871436595916748]]
[[0.1996953785419464, 0.19770066440105438, 0.20036689937114716, 0.19927790760993958, 0.20295920968055725]]
[[0.1697297841310501, 0.2038750946521759, 0.17084895074367523, 0.2183610200881958, 0.23718507587909698]]
[[0.23643627762794495, 0.18693244457244873, 0.23496653139591217, 0.18009112775325775, 0.16157357394695282]]
hyposthese:
2 pieces , <unk> & <unk> ;
reference:
2 aliquots , ~8x7mm
