[[0.17136697471141815, 0.1937313675880432, 0.2472846657037735, 0.21498920023441315, 0.17262771725654602]]
[[0.17257225513458252, 0.15947026014328003, 0.26772037148475647, 0.2418612837791443, 0.1583758443593979]]
[[0.22345814108848572, 0.21954087913036346, 0.14914532005786896, 0.1790824979543686, 0.22877314686775208]]
[[0.24059684574604034, 0.23722927272319794, 0.1135927364230156, 0.1512962281703949, 0.25728487968444824]]
[[0.19456885755062103, 0.19511312246322632, 0.21201561391353607, 0.20556746423244476, 0.19273492693901062]]
[[0.20376165211200714, 0.2038917988538742, 0.1905350536108017, 0.1965571939945221, 0.20525430142879486]]
[[0.19493547081947327, 0.19728253781795502, 0.20935435593128204, 0.20659103989601135, 0.19183652102947235]]
[[0.1984822154045105, 0.19899770617485046, 0.20302623510360718, 0.20233596861362457, 0.1971578598022461]]
hyposthese:
2 pieces ; 10 % external fat
reference:
2 pieces ; thin rim of external fat occupies 20 % & 5 %
