[[0.19385270774364471, 0.20026779174804688, 0.21721062064170837, 0.18866237998008728, 0.20000648498535156]]
[[0.20040197670459747, 0.156874418258667, 0.2769218385219574, 0.15762631595134735, 0.20817552506923676]]
[[0.20088304579257965, 0.2099754363298416, 0.17370425164699554, 0.21517127752304077, 0.20026597380638123]]
[[0.19873082637786865, 0.22797292470932007, 0.13023871183395386, 0.2478070855140686, 0.19525045156478882]]
[[0.2013634294271469, 0.19645558297634125, 0.20610357820987701, 0.19571785628795624, 0.2003595381975174]]
[[0.20040112733840942, 0.19805113971233368, 0.20459944009780884, 0.19638372957706451, 0.20056450366973877]]
[[0.2011827975511551, 0.20423142611980438, 0.18950039148330688, 0.2046632170677185, 0.20042219758033752]]
[[0.20099635422229767, 0.19758446514606476, 0.2039339244365692, 0.19757018983364105, 0.1999150812625885]]
[[0.20105566084384918, 0.20231032371520996, 0.19375170767307281, 0.20182980597019196, 0.20105253159999847]]
[[0.20134639739990234, 0.19659386575222015, 0.2063564658164978, 0.19447769224643707, 0.20122553408145905]]
[[0.20069317519664764, 0.198469877243042, 0.20252177119255066, 0.1978180706501007, 0.200497105717659]]
hyposthese:
6 pieces ; well trimmed ; 10 % dermal fat
reference:
6 pieces , squamous epithelium is ~30-40 microns , trace adherent fat
