[[0.20379652082920074, 0.16260455548763275, 0.24414195120334625, 0.24175430834293365, 0.1477026343345642]]
[[0.22625130414962769, 0.1348382830619812, 0.2620210349559784, 0.2443019598722458, 0.13258741796016693]]
[[0.18424928188323975, 0.247529998421669, 0.1537143439054489, 0.16305813193321228, 0.25144821405410767]]
[[0.1597243845462799, 0.3012878894805908, 0.10126180946826935, 0.11151561141014099, 0.3262103199958801]]
[[0.20742471516132355, 0.18992674350738525, 0.20435598492622375, 0.20861297845840454, 0.1896796077489853]]
[[0.21279498934745789, 0.18023823201656342, 0.21469654142856598, 0.21514564752578735, 0.17712455987930298]]
[[0.20528873801231384, 0.1901397407054901, 0.20697589218616486, 0.20779718458652496, 0.18979842960834503]]
[[0.20392517745494843, 0.19113636016845703, 0.20739591121673584, 0.2076168954372406, 0.18992561101913452]]
[[0.20293547213077545, 0.20209884643554688, 0.19513240456581116, 0.19836321473121643, 0.20147006213665009]]
[[0.20140060782432556, 0.1968749612569809, 0.20292669534683228, 0.2025526911020279, 0.19624511897563934]]
[[0.2014518827199936, 0.19860459864139557, 0.2006586790084839, 0.20094145834445953, 0.19834333658218384]]
[[0.20177336037158966, 0.19593319296836853, 0.2037491798400879, 0.20350494980812073, 0.1950392723083496]]
hyposthese:
6 pieces , squamous mucosa is <unk> , <unk> % thickness
reference:
6 <unk> pieces . squamous mucosa is <unk> % of thickness
