[[0.179026797413826, 0.18973492085933685, 0.19837325811386108, 0.2003500610589981, 0.23251499235630035]]
[[0.1764356791973114, 0.1892714500427246, 0.18826407194137573, 0.19186803698539734, 0.25416070222854614]]
[[0.21720382571220398, 0.20389601588249207, 0.21038232743740082, 0.2059643715620041, 0.16255339980125427]]
[[0.2355702668428421, 0.20750337839126587, 0.21882137656211853, 0.20876532793045044, 0.12933962047100067]]
[[0.19590528309345245, 0.20001590251922607, 0.19798687100410461, 0.19819194078445435, 0.2079000174999237]]
[[0.1904536336660385, 0.1994268298149109, 0.1945289671421051, 0.19759269058704376, 0.21799789369106293]]
[[0.19147785007953644, 0.2006528526544571, 0.19684834778308868, 0.19986630976200104, 0.21115468442440033]]
hyposthese:
2 pieces , glandular hyperplastic pattern
reference:
2 pieces ; fibromuscular stroma admixed with glands
