[[0.1906699687242508, 0.19377797842025757, 0.21976664662361145, 0.19903939962387085, 0.19674603641033173]]
[[0.18962354958057404, 0.19027656316757202, 0.22969383001327515, 0.1976267397403717, 0.19277924299240112]]
[[0.20849691331386566, 0.20826248824596405, 0.17684419453144073, 0.2002829611301422, 0.2061135321855545]]
[[0.22321611642837524, 0.21570084989070892, 0.15329359471797943, 0.20104700326919556, 0.20674234628677368]]
[[0.19608180224895477, 0.1974574625492096, 0.20896181464195251, 0.20022861659526825, 0.19727037847042084]]
[[0.1979488730430603, 0.19870693981647491, 0.20259088277816772, 0.20007029175758362, 0.20068305730819702]]
[[0.19776643812656403, 0.19847717881202698, 0.2032475769519806, 0.1997259110212326, 0.20078296959400177]]
hyposthese:
2 pieces , spermatogenesis is present
reference:
2 pieces , spermatogenesis is present
