[[0.18460428714752197, 0.18383997678756714, 0.1746055781841278, 0.2262425422668457, 0.2307075560092926]]
[[0.14405296742916107, 0.16825467348098755, 0.15677542984485626, 0.2467106729745865, 0.2842062711715698]]
[[0.2214651256799698, 0.21340759098529816, 0.2183067500591278, 0.18088218569755554, 0.16593830287456512]]
[[0.2655445337295532, 0.23287422955036163, 0.24827060103416443, 0.138955757021904, 0.1143549233675003]]
[[0.19292962551116943, 0.19699199497699738, 0.19701701402664185, 0.20394709706306458, 0.20911432802677155]]
[[0.19292151927947998, 0.19552795588970184, 0.19517458975315094, 0.2051454484462738, 0.21123050153255463]]
[[0.20791441202163696, 0.2073003202676773, 0.20773398876190186, 0.1929803490638733, 0.18407092988491058]]
[[0.19578136503696442, 0.1978585124015808, 0.1981877088546753, 0.2024991661310196, 0.20567330718040466]]
[[0.20174378156661987, 0.20232827961444855, 0.2024672031402588, 0.19780896604061127, 0.19565176963806152]]
[[0.19188743829727173, 0.19672700762748718, 0.19506777822971344, 0.2055446356534958, 0.2107730656862259]]
[[0.1958835870027542, 0.19866210222244263, 0.19850647449493408, 0.20201262831687927, 0.2049351930618286]]
hyposthese:
6 pieces ; well trimmed ; 5 % dermal fat
reference:
6 pieces , adherent dermal fat up to ~1.5mm , squamous epithelium is ~45-50 microns
