[[0.24278798699378967, 0.2567911744117737, 0.17786036431789398, 0.17657354474067688, 0.145986869931221]]
[[0.2281186878681183, 0.2589149475097656, 0.1820574402809143, 0.1828257292509079, 0.1480831652879715]]
[[0.17543792724609375, 0.15807831287384033, 0.21202290058135986, 0.21474559605121613, 0.23971521854400635]]
[[0.14570076763629913, 0.11164212971925735, 0.22788254916667938, 0.23243959248065948, 0.28233495354652405]]
[[0.20471754670143127, 0.20907603204250336, 0.1980794072151184, 0.19612091779708862, 0.19200605154037476]]
[[0.20857717096805573, 0.21874885261058807, 0.19499939680099487, 0.1921204924583435, 0.1855541318655014]]
[[0.20306622982025146, 0.20584595203399658, 0.19813962280750275, 0.1974150538444519, 0.19553311169147491]]
[[0.18665049970149994, 0.17020991444587708, 0.20997262001037598, 0.21505263447761536, 0.21811433136463165]]
[[0.19960780441761017, 0.20039312541484833, 0.20043624937534332, 0.20041102170944214, 0.19915185868740082]]
[[0.20410414040088654, 0.2110186666250229, 0.19712980091571808, 0.1953609138727188, 0.19238650798797607]]
[[0.20146045088768005, 0.20148517191410065, 0.19980087876319885, 0.19936856627464294, 0.19788484275341034]]
hyposthese:
2 pieces , no adherent fat , good clean specimens
reference:
2 pieces ; focal medial calcification
