[[0.22958596050739288, 0.1865636557340622, 0.1902780383825302, 0.18721729516983032, 0.20635510981082916]]
[[0.31822073459625244, 0.13877719640731812, 0.14423897862434387, 0.17511633038520813, 0.22364674508571625]]
[[0.1589452475309372, 0.2210673689842224, 0.21824581921100616, 0.20855242013931274, 0.19318920373916626]]
[[0.10020103305578232, 0.2646767795085907, 0.25197210907936096, 0.2176392376422882, 0.1655108779668808]]
[[0.20985998213291168, 0.1933828592300415, 0.19476532936096191, 0.1993422657251358, 0.2026495784521103]]
[[0.2088935822248459, 0.19426313042640686, 0.195519357919693, 0.19771477580070496, 0.2036091387271881]]
[[0.17989642918109894, 0.20802730321884155, 0.20747707784175873, 0.20664143562316895, 0.19795775413513184]]
[[0.2073051482439041, 0.19549845159053802, 0.19585147500038147, 0.19977928698062897, 0.20156563818454742]]
[[0.19034485518932343, 0.203191876411438, 0.20330704748630524, 0.20285077393054962, 0.20030544698238373]]
[[0.2116413116455078, 0.19292466342449188, 0.1939033567905426, 0.19859172403812408, 0.2029389888048172]]
[[0.20544752478599548, 0.19664987921714783, 0.1969366818666458, 0.19995099306106567, 0.20101487636566162]]
hyposthese:
6 pieces ; well trimmed ; 10 % dermal fat
reference:
6 pieces , squamous epithelium is <unk> microns
