[[0.19248880445957184, 0.19292449951171875, 0.17637836933135986, 0.24386844038963318, 0.1943398118019104]]
[[0.18716561794281006, 0.19210146367549896, 0.1818215399980545, 0.24434778094291687, 0.19456355273723602]]
[[0.20880144834518433, 0.20569230616092682, 0.21361464262008667, 0.1674010157585144, 0.20449058711528778]]
[[0.21712295711040497, 0.21534402668476105, 0.2138257622718811, 0.14521417021751404, 0.2084931582212448]]
[[0.19757425785064697, 0.1963956356048584, 0.19807103276252747, 0.2101219892501831, 0.19783706963062286]]
[[0.19844068586826324, 0.19837650656700134, 0.19872604310512543, 0.2054586261510849, 0.19899804890155792]]
[[0.20067094266414642, 0.2007867395877838, 0.20114269852638245, 0.19667211174964905, 0.20072753727436066]]
[[0.19875402748584747, 0.19801020622253418, 0.1984710693359375, 0.20626893639564514, 0.19849573075771332]]
hyposthese:
2 pieces ; patchy emphysema and fibrosis
reference:
2 pieces , some congestion and emphysematous change and fibrosis
