[[0.20504282414913177, 0.22842299938201904, 0.17849667370319366, 0.18345223367214203, 0.2045852541923523]]
[[0.1946914792060852, 0.23908208310604095, 0.17703595757484436, 0.18300113081932068, 0.2061893343925476]]
[[0.20236271619796753, 0.17187057435512543, 0.21987947821617126, 0.21291743218898773, 0.19296987354755402]]
[[0.1994200050830841, 0.15533730387687683, 0.23593105375766754, 0.22148701548576355, 0.18782465159893036]]
[[0.20030498504638672, 0.20774595439434052, 0.19589588046073914, 0.19619859755039215, 0.1998545378446579]]
[[0.20185346901416779, 0.19101205468177795, 0.20443600416183472, 0.20437142252922058, 0.19832706451416016]]
[[0.19933316111564636, 0.20589448511600494, 0.19682356715202332, 0.19770266115665436, 0.2002461701631546]]
[[0.19967585802078247, 0.2035885900259018, 0.19714564085006714, 0.19852684438228607, 0.20106303691864014]]
hyposthese:
2 pieces ; emphysema ; focal <unk>
reference:
alveolar exudates . 10x10mm
