[[0.19320952892303467, 0.20823253691196442, 0.19633372128009796, 0.20192597806453705, 0.20029814541339874]]
[[0.1841009259223938, 0.2134588658809662, 0.19781361520290375, 0.2079397290945053, 0.19668689370155334]]
[[0.20878788828849792, 0.18663950264453888, 0.2065988928079605, 0.19573889672756195, 0.20223483443260193]]
[[0.21212773025035858, 0.18444211781024933, 0.20836904644966125, 0.1958930939435959, 0.19916799664497375]]
[[0.19738952815532684, 0.2034607231616974, 0.19898153841495514, 0.20147761702537537, 0.19869056344032288]]
[[0.2000405639410019, 0.2004854530096054, 0.1995566189289093, 0.1998113989830017, 0.2001059651374817]]
[[0.19628284871578217, 0.2034766525030136, 0.19965098798274994, 0.20109792053699493, 0.19949162006378174]]
[[0.19894547760486603, 0.20123673975467682, 0.19915138185024261, 0.20097947120666504, 0.1996868997812271]]
[[0.2012258619070053, 0.19899724423885345, 0.20016929507255554, 0.19974257051944733, 0.19986502826213837]]
[[0.1998523473739624, 0.20075304806232452, 0.19922052323818207, 0.20032088458538055, 0.19985322654247284]]
[[0.19973070919513702, 0.20037880539894104, 0.2000368982553482, 0.2003575563430786, 0.1994960457086563]]
hyposthese:
2 pieces , ~10 % interstitial fat , rep delineated
reference:
2 pieces , ~10-20 % interstitial fat/vascular elements , rep delineated
