[[0.25464072823524475, 0.2496822476387024, 0.17737476527690887, 0.17137376964092255, 0.14692848920822144]]
[[0.2946827709674835, 0.29753872752189636, 0.15611205995082855, 0.1377403438091278, 0.11392611265182495]]
[[0.15500056743621826, 0.15518087148666382, 0.22380785644054413, 0.22808806598186493, 0.23792269825935364]]
[[0.08230053633451462, 0.08264670521020889, 0.2523317337036133, 0.26764562726020813, 0.3150753974914551]]
[[0.20802955329418182, 0.2062988132238388, 0.19708897173404694, 0.19462575018405914, 0.1939568817615509]]
[[0.20866549015045166, 0.20509891211986542, 0.19681622087955475, 0.19550395011901855, 0.193915456533432]]
[[0.20864766836166382, 0.20641015470027924, 0.1957034170627594, 0.19536279141902924, 0.1938759684562683]]
[[0.1956685185432434, 0.19501857459545135, 0.20346839725971222, 0.20331311225891113, 0.20253147184848785]]
[[0.2132023423910141, 0.2110106498003006, 0.1941988319158554, 0.19173727929592133, 0.18985092639923096]]
[[0.17812621593475342, 0.17910245060920715, 0.21197298169136047, 0.21258768439292908, 0.2182106226682663]]
[[0.20297111570835114, 0.20250114798545837, 0.198540598154068, 0.1981310099363327, 0.1978560835123062]]
[[0.19453580677509308, 0.19490382075309753, 0.2040432095527649, 0.20367425680160522, 0.2028428465127945]]
hyposthese:
6 pieces , mucosa is <unk> % thickness , <unk> <unk>
reference:
6 pieces ; abundant lymphoid tissue [ delineated ]
