[[0.1954272985458374, 0.19373923540115356, 0.20793315768241882, 0.19829300045967102, 0.20460733771324158]]
[[0.19140398502349854, 0.18531836569309235, 0.21197327971458435, 0.19696259498596191, 0.21434180438518524]]
[[0.21033842861652374, 0.21062196791172028, 0.18313784897327423, 0.20844227075576782, 0.18745940923690796]]
[[0.22038625180721283, 0.22364100813865662, 0.16770659387111664, 0.21372617781162262, 0.1745399385690689]]
[[0.19544494152069092, 0.19633257389068604, 0.20967260003089905, 0.19476594030857086, 0.20378395915031433]]
[[0.19164104759693146, 0.1929386705160141, 0.21403087675571442, 0.19144682586193085, 0.20994257926940918]]
hyposthese:
2 pieces , no abnormalities
reference:
2 pieces , <unk> goiter
