[[0.18332624435424805, 0.1985626220703125, 0.21025480329990387, 0.19413478672504425, 0.21372149884700775]]
[[0.19018368422985077, 0.21027804911136627, 0.20441998541355133, 0.19327928125858307, 0.20183905959129333]]
[[0.2091115117073059, 0.19976244866847992, 0.19244812428951263, 0.20533427596092224, 0.1933436542749405]]
[[0.22084634006023407, 0.1990058422088623, 0.1884942352771759, 0.20986628532409668, 0.18178728222846985]]
[[0.20145465433597565, 0.20039606094360352, 0.20129458606243134, 0.1969466209411621, 0.19990810751914978]]
[[0.19861729443073273, 0.19898705184459686, 0.20129089057445526, 0.19650621712207794, 0.204598531126976]]
[[0.1923479437828064, 0.2003365457057953, 0.20447032153606415, 0.1950538456439972, 0.20779134333133698]]
[[0.2116796225309372, 0.1995430737733841, 0.19532416760921478, 0.20438066124916077, 0.18907254934310913]]
hyposthese:
2 pieces , <unk> & <unk> ;
reference:
2 pieces 8x7 & <unk> mm ; good fixation
