[[0.18256017565727234, 0.21397094428539276, 0.2538105547428131, 0.2101738303899765, 0.13948452472686768]]
[[0.18338264524936676, 0.18997274339199066, 0.25241509079933167, 0.2256873995065689, 0.14854216575622559]]
[[0.21091580390930176, 0.1967718005180359, 0.1616380214691162, 0.1868738979101181, 0.2438005656003952]]
[[0.21597912907600403, 0.18368712067604065, 0.13126255571842194, 0.17758826911449432, 0.29148295521736145]]
[[0.19710718095302582, 0.2014649659395218, 0.20885667204856873, 0.2008192241191864, 0.19175200164318085]]
[[0.20317287743091583, 0.20442381501197815, 0.1904483586549759, 0.19557379186153412, 0.20638112723827362]]
[[0.1989406943321228, 0.20155556499958038, 0.20745287835597992, 0.20254817605018616, 0.18950265645980835]]
[[0.1997203826904297, 0.20158614218235016, 0.20228292047977448, 0.19968925416469574, 0.19672131538391113]]
hyposthese:
2 pieces ; 10 % external fat
reference:
2 pieces ; well trimmed ; 10 % internal fat
