[[0.18910226225852966, 0.18216721713542938, 0.20957517623901367, 0.21861232817173004, 0.20054304599761963]]
[[0.14209239184856415, 0.14095254242420197, 0.26830145716667175, 0.2840729057788849, 0.16458074748516083]]
[[0.2247684746980667, 0.22665393352508545, 0.17517438530921936, 0.16189298033714294, 0.21151018142700195]]
[[0.2667289674282074, 0.270261287689209, 0.12268237769603729, 0.10765156149864197, 0.23267579078674316]]
[[0.19412146508693695, 0.19407935440540314, 0.2061610072851181, 0.20971234142780304, 0.19592587649822235]]
[[0.20186612010002136, 0.20159760117530823, 0.19902490079402924, 0.19514808058738708, 0.2023632675409317]]
[[0.1870710849761963, 0.18592630326747894, 0.21474623680114746, 0.22141747176647186, 0.19083888828754425]]
[[0.19780418276786804, 0.197118878364563, 0.20155584812164307, 0.2052452117204666, 0.19827589392662048]]
hyposthese:
6 pieces , atherosis up to ~0.4mm
reference:
6 pieces ; well trimmed , free of plaques
