[[0.27845799922943115, 0.284913033246994, 0.1512383371591568, 0.09828513115644455, 0.18710549175739288]]
[[0.3162977397441864, 0.27664247155189514, 0.13438333570957184, 0.10931020975112915, 0.16336625814437866]]
[[0.1549852043390274, 0.16005541384220123, 0.22728298604488373, 0.23771260678768158, 0.21996377408504486]]
[[0.06704622507095337, 0.07549450546503067, 0.2781074047088623, 0.3392230272293091, 0.24012885987758636]]
[[0.20384980738162994, 0.20602281391620636, 0.19680923223495483, 0.19628137350082397, 0.1970367580652237]]
[[0.20466354489326477, 0.2064412534236908, 0.19784501194953918, 0.19263358414173126, 0.1984165608882904]]
[[0.2163451761007309, 0.21844440698623657, 0.19024862349033356, 0.18247205018997192, 0.19248974323272705]]
[[0.16692817211151123, 0.1678217053413391, 0.22294119000434875, 0.23086154460906982, 0.21144738793373108]]
[[0.2034616768360138, 0.20446321368217468, 0.1978267878293991, 0.1971990019083023, 0.1970493346452713]]
[[0.20800048112869263, 0.2061271369457245, 0.19549165666103363, 0.19479045271873474, 0.19559021294116974]]
[[0.1883286088705063, 0.19033437967300415, 0.2082262635231018, 0.20706486701965332, 0.20604586601257324]]
[[0.20241066813468933, 0.20462319254875183, 0.19854599237442017, 0.19704703986644745, 0.1973731368780136]]
[[0.20532558858394623, 0.204580157995224, 0.1970546543598175, 0.19649389386177063, 0.19654572010040283]]
[[0.19807066023349762, 0.19752997159957886, 0.2019350677728653, 0.20159392058849335, 0.20087037980556488]]
[[0.20185613632202148, 0.20190034806728363, 0.19906632602214813, 0.19844986498355865, 0.1987273246049881]]
[[0.20099543035030365, 0.2003456950187683, 0.19951577484607697, 0.19980749487876892, 0.19933557510375977]]
[[0.20140421390533447, 0.19938324391841888, 0.20055106282234192, 0.19772835075855255, 0.2009330540895462]]
[[0.20030781626701355, 0.19964158535003662, 0.20036117732524872, 0.1994420886039734, 0.20024731755256653]]
[[0.20667427778244019, 0.2020677924156189, 0.1974036544561386, 0.1957499086856842, 0.1981043815612793]]
hyposthese:
6 pieces , mucosa and submucosa , well preserved , lymphoid aggregates are ~20 % , rep delineated
reference:
6 pieces , 10 % lymphoid aggregates , delineated , best for lcm or <unk> studies
