[[0.1505638211965561, 0.30164411664009094, 0.16715474426746368, 0.17978492379188538, 0.2008524239063263]]
[[0.13253453373908997, 0.35379523038864136, 0.14062701165676117, 0.15114271640777588, 0.22190053761005402]]
[[0.23286113142967224, 0.12978163361549377, 0.2267826348543167, 0.21977049112319946, 0.19080406427383423]]
[[0.28133437037467957, 0.0625101625919342, 0.25737398862838745, 0.23894663155078888, 0.15983480215072632]]
[[0.2019152194261551, 0.1961241215467453, 0.2006109058856964, 0.1988714635372162, 0.20247825980186462]]
[[0.2017388641834259, 0.19476738572120667, 0.2009510099887848, 0.2014497071504593, 0.20109298825263977]]
[[0.16943082213401794, 0.28285494446754456, 0.17245708405971527, 0.17601802945137024, 0.199239119887352]]
[[0.2366584837436676, 0.12141413986682892, 0.2272966504096985, 0.22395966947078705, 0.19067099690437317]]
[[0.20404064655303955, 0.18567876517772675, 0.20410560071468353, 0.20391181111335754, 0.20226319134235382]]
[[0.19299925863742828, 0.2121240347623825, 0.19531376659870148, 0.1959857940673828, 0.2035771608352661]]
[[0.20792338252067566, 0.17507480084896088, 0.20777711272239685, 0.20694151520729065, 0.20228321850299835]]
[[0.19849449396133423, 0.20254069566726685, 0.19875670969486237, 0.19889704883098602, 0.20131105184555054]]
[[0.19797955453395844, 0.20460866391658783, 0.19835442304611206, 0.19879335165023804, 0.20026396214962006]]
[[0.19465939700603485, 0.20982883870601654, 0.1958756446838379, 0.19690687954425812, 0.2027292400598526]]
[[0.1947607845067978, 0.20919668674468994, 0.19609345495700836, 0.1972666233778, 0.20268245041370392]]
hyposthese:
2 pieces , <unk> & <unk> ; excellent specimen , <unk> % of glands
reference:
2 pieces , <unk> & <unk> ; extensive <unk> <unk> , well- preserved , rep areas delineated
