[[0.22463472187519073, 0.11927242577075958, 0.22187773883342743, 0.23610371351242065, 0.19811150431632996]]
[[0.22486113011837006, 0.14659114181995392, 0.2125329226255417, 0.21991491317749023, 0.1960998922586441]]
[[0.18527120351791382, 0.25105220079421997, 0.18472543358802795, 0.17908091843128204, 0.19987022876739502]]
[[0.16339491307735443, 0.3199802041053772, 0.17157122492790222, 0.16230107843875885, 0.1827526092529297]]
[[0.20312149822711945, 0.19066108763217926, 0.20509706437587738, 0.20214028656482697, 0.19898010790348053]]
[[0.20590516924858093, 0.1884177178144455, 0.2013048231601715, 0.20189958810806274, 0.2024727612733841]]
[[0.21797360479831696, 0.1705022007226944, 0.2022576928138733, 0.2089443951845169, 0.20032213628292084]]
[[0.17813831567764282, 0.25163960456848145, 0.1909106969833374, 0.185102179646492, 0.1942092627286911]]
[[0.1963677853345871, 0.20449744164943695, 0.20041868090629578, 0.199365496635437, 0.19935066998004913]]
[[0.2052898108959198, 0.1860697865486145, 0.20351940393447876, 0.20398589968681335, 0.2011350393295288]]
hyposthese:
2 pieces , <unk> & <unk> ; no plaques
reference:
2 arteries <unk> mm and 2 veins ; minimal intimal thickening
