[[0.24671995639801025, 0.19187520444393158, 0.18784335255622864, 0.14695823192596436, 0.22660328447818756]]
[[0.31267815828323364, 0.15089568495750427, 0.14754189550876617, 0.12886978685855865, 0.26001450419425964]]
[[0.15684902667999268, 0.21915508806705475, 0.22109965980052948, 0.2272607833147049, 0.17563548684120178]]
[[0.07316073030233383, 0.2526109218597412, 0.26696714758872986, 0.3130052387714386, 0.09425593167543411]]
[[0.20653201639652252, 0.1947782188653946, 0.1941310167312622, 0.1935221552848816, 0.21103666722774506]]
[[0.20572003722190857, 0.19657187163829803, 0.19625438749790192, 0.19133488833904266, 0.2101188451051712]]
[[0.21581889688968658, 0.19361154735088348, 0.19118918478488922, 0.1870928406715393, 0.21228747069835663]]
[[0.2073587328195572, 0.1973372846841812, 0.19636590778827667, 0.191594660282135, 0.2073434740304947]]
[[0.17305849492549896, 0.20451824367046356, 0.21303732693195343, 0.22241279482841492, 0.18697316944599152]]
[[0.2031102329492569, 0.19772790372371674, 0.1976778656244278, 0.1975776106119156, 0.20390643179416656]]
[[0.1997307687997818, 0.19967268407344818, 0.19987764954566956, 0.20009252429008484, 0.200626403093338]]
[[0.2053675651550293, 0.20049737393856049, 0.19805143773555756, 0.19243323802947998, 0.2036503702402115]]
hyposthese:
6 pieces , mucosa up to ~1mm , <unk> % thickness
reference:
6 pieces ~6x2.5mm , 10 % mucosa , relatively well preserved
