[[0.2620261013507843, 0.2331036627292633, 0.24379166960716248, 0.06919202208518982, 0.1918865591287613]]
[[0.23007747530937195, 0.20529744029045105, 0.26487284898757935, 0.10351583361625671, 0.19623644649982452]]
[[0.18151463568210602, 0.19088605046272278, 0.16731968522071838, 0.24892212450504303, 0.21135754883289337]]
[[0.11484091728925705, 0.1297949254512787, 0.10032527148723602, 0.4627735912799835, 0.1922653317451477]]
[[0.20130911469459534, 0.20853044092655182, 0.20863032341003418, 0.18502040207386017, 0.19650974869728088]]
[[0.20277753472328186, 0.20874980092048645, 0.21107454597949982, 0.17983649671077728, 0.1975616067647934]]
[[0.20207196474075317, 0.2078016698360443, 0.2087697684764862, 0.18458977341651917, 0.19676685333251953]]
[[0.19704732298851013, 0.20349879562854767, 0.20131438970565796, 0.19575999677181244, 0.20237946510314941]]
[[0.19505710899829865, 0.20138341188430786, 0.194736510515213, 0.20562626421451569, 0.2031966745853424]]
[[0.2002992182970047, 0.20251239836215973, 0.20223930478096008, 0.1963941603899002, 0.1985548436641693]]
[[0.20091058313846588, 0.2003609836101532, 0.20288056135177612, 0.19743923842906952, 0.1984086036682129]]
[[0.20126482844352722, 0.20254284143447876, 0.20348085463047028, 0.1915372610092163, 0.20117424428462982]]
hyposthese:
6 pieces , mucosa is ~0.3mm thick , <unk> % thickness
reference:
6 pieces ; full thickness sections
