[[0.12690120935440063, 0.2332628220319748, 0.16611385345458984, 0.2298099249601364, 0.24391214549541473]]
[[0.13363485038280487, 0.24606402218341827, 0.17810089886188507, 0.21734875440597534, 0.22485147416591644]]
[[0.24965310096740723, 0.17664594948291779, 0.21860529482364655, 0.18019267916679382, 0.17490288615226746]]
[[0.30661746859550476, 0.141349196434021, 0.2391960471868515, 0.16513246297836304, 0.1477048546075821]]
[[0.18831795454025269, 0.2027483433485031, 0.19655103981494904, 0.20561113953590393, 0.20677153766155243]]
[[0.17468413710594177, 0.21112953126430511, 0.19226032495498657, 0.2097395807504654, 0.21218641102313995]]
hyposthese:
2 pieces , no abnormalities
reference:
2 pieces ; 30 % fibrofatty internal content
