[[0.22291980683803558, 0.2119859755039215, 0.16739021241664886, 0.19682025909423828, 0.20088371634483337]]
[[0.2399098426103592, 0.18506301939487457, 0.15694743394851685, 0.203008234500885, 0.21507149934768677]]
[[0.18131236732006073, 0.1998508721590042, 0.22756321728229523, 0.20100300014019012, 0.19027060270309448]]
[[0.1455870121717453, 0.20440773665905, 0.25545409321784973, 0.2074374258518219, 0.18711379170417786]]
[[0.21288859844207764, 0.1985277384519577, 0.1829482465982437, 0.20105473697185516, 0.2045806497335434]]
[[0.21564652025699615, 0.19701962172985077, 0.182912677526474, 0.20033058524131775, 0.20409061014652252]]
[[0.18472813069820404, 0.1990339159965515, 0.2221062332391739, 0.1996319442987442, 0.19449986517429352]]
[[0.18737521767616272, 0.2003379464149475, 0.21464718878269196, 0.20035254955291748, 0.19728709757328033]]
[[0.19933657348155975, 0.20038241147994995, 0.20003503561019897, 0.20024769008159637, 0.19999827444553375]]
[[0.2015613615512848, 0.20000514388084412, 0.19844840466976166, 0.20049051940441132, 0.1994946300983429]]
[[0.20018894970417023, 0.2008691430091858, 0.1986798644065857, 0.20010320842266083, 0.20015880465507507]]
hyposthese:
6 pieces up to <unk> mm ; all have mucosa
reference:
6 pieces , ~ 8x6mm both <unk> and <unk> mucosa , well preserved , representative endocervical glands encircled
