[[0.13069352507591248, 0.20182497799396515, 0.23264822363853455, 0.20329120755195618, 0.23154209554195404]]
[[0.1576804667711258, 0.19855324923992157, 0.22378391027450562, 0.19896751642227173, 0.2210148572921753]]
[[0.24474775791168213, 0.19849532842636108, 0.18132540583610535, 0.19915235042572021, 0.1762791872024536]]
[[0.29106995463371277, 0.19080016016960144, 0.165749654173851, 0.1912434697151184, 0.16113685071468353]]
[[0.19240012764930725, 0.20165574550628662, 0.20344828069210052, 0.19924016296863556, 0.20325566828250885]]
[[0.21284593641757965, 0.19807998836040497, 0.196379154920578, 0.19775165617465973, 0.19494324922561646]]
[[0.19319774210453033, 0.20282994210720062, 0.2014451026916504, 0.2011028528213501, 0.20142436027526855]]
[[0.19852545857429504, 0.20083189010620117, 0.20030929148197174, 0.20030920207500458, 0.20002415776252747]]
hyposthese:
2 pieces ; 10 % fibrovascular content
reference:
2 pieces ; atrophy of fat
