[[0.18370862305164337, 0.14812636375427246, 0.16210398077964783, 0.301043301820755, 0.20501768589019775]]
[[0.16242516040802002, 0.1412980705499649, 0.1385900378227234, 0.3660663962364197, 0.19162030518054962]]
[[0.21360784769058228, 0.2403927743434906, 0.2343297302722931, 0.11285238713026047, 0.1988172084093094]]
[[0.21941006183624268, 0.27819371223449707, 0.2644094228744507, 0.05690550431609154, 0.1810813546180725]]
[[0.19613836705684662, 0.19499824941158295, 0.1947992444038391, 0.21471276879310608, 0.1993514448404312]]
[[0.19948983192443848, 0.1922665387392044, 0.1951751410961151, 0.21013793349266052, 0.20293056964874268]]
[[0.20992493629455566, 0.220207080245018, 0.21914474666118622, 0.151066392660141, 0.19965684413909912]]
[[0.197318896651268, 0.19632601737976074, 0.1962827742099762, 0.2094443440437317, 0.20062793791294098]]
[[0.19966499507427216, 0.1990666389465332, 0.19885222613811493, 0.20146632194519043, 0.2009498029947281]]
[[0.1989792138338089, 0.1962408423423767, 0.19735155999660492, 0.20684142410755157, 0.20058700442314148]]
[[0.19759762287139893, 0.19494833052158356, 0.196012943983078, 0.2117466926574707, 0.19969436526298523]]
[[0.19535556435585022, 0.19177214801311493, 0.19336861371994019, 0.22032402455806732, 0.19917970895767212]]
[[0.20332841575145721, 0.20054933428764343, 0.20188452303409576, 0.19074736535549164, 0.20349030196666718]]
hyposthese:
2 pieces ; moderate atrophy ; islets <unk> ( rep. outlined )
reference:
2 pieces ; well trimmed
