[[0.19820211827754974, 0.20504164695739746, 0.2105862945318222, 0.18901276588439941, 0.19715718924999237]]
[[0.19860334694385529, 0.20744206011295319, 0.2118612676858902, 0.1915532350540161, 0.1905401349067688]]
[[0.19966916739940643, 0.19335828721523285, 0.18448971211910248, 0.21151980757713318, 0.21096304059028625]]
[[0.20052886009216309, 0.19362913072109222, 0.17934106290340424, 0.21880757808685303, 0.20769338309764862]]
[[0.19904786348342896, 0.20144431293010712, 0.2043217122554779, 0.19713357090950012, 0.19805258512496948]]
[[0.20069478452205658, 0.20006240904331207, 0.20061741769313812, 0.1970936357975006, 0.20153170824050903]]
hyposthese:
2 pieces , myometrium only
reference:
2 pieces ; endometrium not <unk>
