[[0.1848199963569641, 0.17757011950016022, 0.20157219469547272, 0.21519482135772705, 0.22084280848503113]]
[[0.1771564483642578, 0.19429080188274384, 0.1953391134738922, 0.20412857830524445, 0.2290850579738617]]
[[0.21171194314956665, 0.20829170942306519, 0.20342960953712463, 0.19533485174179077, 0.18123188614845276]]
[[0.23130880296230316, 0.229181706905365, 0.19367021322250366, 0.1783219575881958, 0.16751742362976074]]
[[0.19820792973041534, 0.19824735820293427, 0.19953344762325287, 0.20273740589618683, 0.2012738734483719]]
[[0.19664742052555084, 0.19522134959697723, 0.19937287271022797, 0.20432022213935852, 0.20443807542324066]]
[[0.20144473016262054, 0.20115827023983002, 0.2008819580078125, 0.197824627161026, 0.19869039952754974]]
[[0.19963936507701874, 0.20024226605892181, 0.19993644952774048, 0.20013602077960968, 0.2000458538532257]]
[[0.19936946034431458, 0.19750437140464783, 0.20059286057949066, 0.20128896832466125, 0.2012442946434021]]
hyposthese:
6 pieces , all muscularis , good specimens
reference:
6 pieces , <unk>
