[[0.19914713501930237, 0.20391282439231873, 0.19840411841869354, 0.1982160061597824, 0.20031990110874176]]
[[0.1952262818813324, 0.20916905999183655, 0.19544270634651184, 0.1977066695690155, 0.20245520770549774]]
[[0.205139622092247, 0.18777479231357574, 0.2056143879890442, 0.20461633801460266, 0.19685479998588562]]
[[0.20634452998638153, 0.18456126749515533, 0.20596002042293549, 0.2065320461988449, 0.19660209119319916]]
[[0.19593361020088196, 0.2088039219379425, 0.19538895785808563, 0.1972264051437378, 0.2026471048593521]]
[[0.19598017632961273, 0.20922957360744476, 0.1956387162208557, 0.19718128442764282, 0.2019702047109604]]
hyposthese:
4 pieces , no abnormalities
reference:
4 pieces , no abnormalities
