[[0.22118613123893738, 0.16642925143241882, 0.18237903714179993, 0.23814959824085236, 0.19185596704483032]]
[[0.2144680619239807, 0.1786535531282425, 0.1832195222377777, 0.22621114552021027, 0.19744762778282166]]
[[0.187186598777771, 0.22083327174186707, 0.21192094683647156, 0.1772902011871338, 0.20276905596256256]]
[[0.17345640063285828, 0.24636876583099365, 0.223521888256073, 0.15131419897079468, 0.205338716506958]]
[[0.19911722838878632, 0.19381733238697052, 0.19526226818561554, 0.21278703212738037, 0.19901616871356964]]
[[0.2022937387228012, 0.19421489536762238, 0.19553624093532562, 0.20867744088172913, 0.19927765429019928]]
[[0.20706245303153992, 0.1875152289867401, 0.19299198687076569, 0.21244896948337555, 0.19998134672641754]]
[[0.20215868949890137, 0.19605866074562073, 0.1983782947063446, 0.20409421622753143, 0.19931010901927948]]
hyposthese:
2 pieces , typical post menopausal atrophy
reference:
2 pieces ; <unk> ova in outer portion
