[[0.19701242446899414, 0.24518226087093353, 0.17531874775886536, 0.21452473104000092, 0.16796186566352844]]
[[0.16023367643356323, 0.3155723512172699, 0.14397655427455902, 0.2211906462907791, 0.15902678668498993]]
[[0.21358010172843933, 0.1337171494960785, 0.23001697659492493, 0.18832924962043762, 0.23435649275779724]]
[[0.21403378248214722, 0.08261270076036453, 0.2661493122577667, 0.1677604764699936, 0.2694437503814697]]
[[0.1942633092403412, 0.22358807921409607, 0.1899535357952118, 0.2010924518108368, 0.19110259413719177]]
[[0.20341211557388306, 0.19776412844657898, 0.19858810305595398, 0.20335114002227783, 0.19688446819782257]]
hyposthese:
2 pieces ; nodular hyperplasia
reference:
2 pieces , nodular goitre
