[[0.2157743275165558, 0.2504868805408478, 0.11080572754144669, 0.25305140018463135, 0.1698817014694214]]
[[0.16874316334724426, 0.2839641273021698, 0.11621522903442383, 0.2615247666835785, 0.16955268383026123]]
[[0.20330888032913208, 0.15099285542964935, 0.25913962721824646, 0.16262422502040863, 0.22393439710140228]]
[[0.1966279000043869, 0.10185646265745163, 0.3426528871059418, 0.11764433234930038, 0.2412184178829193]]
[[0.20124323666095734, 0.21163517236709595, 0.18571797013282776, 0.20663107931613922, 0.19477257132530212]]
[[0.205168217420578, 0.18877297639846802, 0.20781086385250092, 0.19147935509681702, 0.20676860213279724]]
[[0.20017272233963013, 0.21392716467380524, 0.18059583008289337, 0.20899775624275208, 0.19630646705627441]]
[[0.2004612237215042, 0.20498326420783997, 0.19309675693511963, 0.2030162513256073, 0.1984424740076065]]
hyposthese:
2 pieces ; 10 % external fat
reference:
4 pieces ; up to 30 % internal and external fat
