[[0.23999205231666565, 0.24688833951950073, 0.1393233835697174, 0.13800303637981415, 0.23579321801662445]]
[[0.2349017709493637, 0.22486688196659088, 0.15910518169403076, 0.14523909986019135, 0.23588703572750092]]
[[0.17499859631061554, 0.18149666488170624, 0.23529544472694397, 0.23216979205608368, 0.17603950202465057]]
[[0.13816365599632263, 0.14110638201236725, 0.2902478873729706, 0.29485800862312317, 0.13562405109405518]]
[[0.20351314544677734, 0.20627044141292572, 0.1938277930021286, 0.19082346558570862, 0.2055652141571045]]
[[0.20552432537078857, 0.20838698744773865, 0.18942320346832275, 0.18992625176906586, 0.20673924684524536]]
[[0.20181529223918915, 0.20164674520492554, 0.19717347621917725, 0.19749344885349274, 0.20187105238437653]]
[[0.20205703377723694, 0.20030146837234497, 0.19797910749912262, 0.19772185385227203, 0.20194049179553986]]
[[0.2006939798593521, 0.19891294836997986, 0.1996593475341797, 0.20050407946109772, 0.20022960007190704]]
[[0.20239146053791046, 0.2026968151330948, 0.19760386645793915, 0.19550402462482452, 0.20180384814739227]]
[[0.20292487740516663, 0.20580029487609863, 0.19542986154556274, 0.19401654601097107, 0.20182836055755615]]
[[0.2001715451478958, 0.1964644193649292, 0.201206237077713, 0.202172189950943, 0.19998566806316376]]
[[0.19907929003238678, 0.19490689039230347, 0.20275813341140747, 0.203824982047081, 0.19943076372146606]]
hyposthese:
2 pieces , gynecomastoid stromal and ductal ( rep delineated ) hyperplasia
reference:
2 pieces ; atrophic ducts and lobules ; 60 % fat content
