[[0.20472607016563416, 0.17416289448738098, 0.18516504764556885, 0.207864448428154, 0.22808150947093964]]
[[0.21601621806621552, 0.15354007482528687, 0.16776946187019348, 0.18500345945358276, 0.2776707410812378]]
[[0.19799065589904785, 0.21459802985191345, 0.21078342199325562, 0.19906562566757202, 0.17756222188472748]]
[[0.19109876453876495, 0.250844806432724, 0.23164093494415283, 0.20109322667121887, 0.12532225251197815]]
[[0.20156675577163696, 0.20008665323257446, 0.20046444237232208, 0.20175594091415405, 0.19612622261047363]]
[[0.19848418235778809, 0.18944081664085388, 0.19277265667915344, 0.20583203434944153, 0.21347026526927948]]
[[0.19725024700164795, 0.1910967230796814, 0.19119583070278168, 0.20749574899673462, 0.21296148002147675]]
[[0.19503459334373474, 0.22830773890018463, 0.22079463303089142, 0.1950044184923172, 0.16085858643054962]]
[[0.20001119375228882, 0.1994936466217041, 0.2004348188638687, 0.2009856253862381, 0.19907470047473907]]
[[0.19895580410957336, 0.19829565286636353, 0.19711336493492126, 0.2009434849023819, 0.2046917825937271]]
[[0.20002909004688263, 0.19981063902378082, 0.20014458894729614, 0.20030730962753296, 0.19970838725566864]]
[[0.2008751481771469, 0.1983252763748169, 0.19901256263256073, 0.19969193637371063, 0.20209504663944244]]
[[0.1999196857213974, 0.19897529482841492, 0.19915251433849335, 0.19993063807487488, 0.20202183723449707]]
[[0.20098938047885895, 0.1979885995388031, 0.19816282391548157, 0.20029383897781372, 0.20256532728672028]]
hyposthese:
6 pieces , up to <unk> ; squamous epithelium is ~1 % thickness
reference:
6 pieces , ~8x3mm . focal dermal hemorrhages
