[[0.15157373249530792, 0.2031879872083664, 0.20619216561317444, 0.15441545844078064, 0.284630686044693]]
[[0.1574922651052475, 0.21393011510372162, 0.2117757499217987, 0.15636302530765533, 0.26043882966041565]]
[[0.2299628108739853, 0.19451110064983368, 0.19710104167461395, 0.2316894829273224, 0.1467355638742447]]
[[0.25874292850494385, 0.18123315274715424, 0.18444989621639252, 0.27147138118743896, 0.10410262644290924]]
[[0.19207622110843658, 0.20095400512218475, 0.1980815827846527, 0.191910520195961, 0.21697765588760376]]
[[0.18557201325893402, 0.19865155220031738, 0.19725114107131958, 0.1849532127380371, 0.23357203602790833]]
hyposthese:
2 pieces , no abnormalities
reference:
2 pieces , ~30 % interstitial <unk> <unk>
