[[0.17505118250846863, 0.20768342912197113, 0.20224325358867645, 0.24178452789783478, 0.17323768138885498]]
[[0.16624438762664795, 0.231256365776062, 0.19029736518859863, 0.22801993787288666, 0.18418200314044952]]
[[0.23344606161117554, 0.17716501653194427, 0.20487700402736664, 0.1616271585226059, 0.22288472950458527]]
[[0.2597176432609558, 0.1511121392250061, 0.21403566002845764, 0.13842131197452545, 0.2367132008075714]]
[[0.19283898174762726, 0.20500347018241882, 0.19632816314697266, 0.20761226117610931, 0.19821719825267792]]
[[0.19830037653446198, 0.20192864537239075, 0.1984836906194687, 0.2026333510875702, 0.1986539512872696]]
[[0.19384659826755524, 0.20585957169532776, 0.1972532421350479, 0.20777352154254913, 0.19526711106300354]]
[[0.19605903327465057, 0.20391803979873657, 0.1982172429561615, 0.20445546507835388, 0.19735020399093628]]
[[0.20640471577644348, 0.19672203063964844, 0.20331397652626038, 0.1877303123474121, 0.2058289349079132]]
[[0.19836504757404327, 0.20109809935092926, 0.1991172581911087, 0.20207709074020386, 0.1993425339460373]]
[[0.19641457498073578, 0.20434941351413727, 0.19741351902484894, 0.2053980976343155, 0.19642439484596252]]
hyposthese:
2 pieces , ~10 % interstitial fat , rep delineated
reference:
2 pieces ; ~10 % internal fat
