[[0.16949518024921417, 0.23512475192546844, 0.1976991891860962, 0.2300116866827011, 0.16766920685768127]]
[[0.1503278762102127, 0.23719681799411774, 0.17709794640541077, 0.28311750292778015, 0.15225988626480103]]
[[0.23299317061901093, 0.17295876145362854, 0.2084193229675293, 0.15385732054710388, 0.23177149891853333]]
[[0.2696044445037842, 0.14020077884197235, 0.21373437345027924, 0.10297834128141403, 0.2734820544719696]]
[[0.18943080306053162, 0.20861683785915375, 0.19695408642292023, 0.21712853014469147, 0.18786978721618652]]
[[0.2004656344652176, 0.2002646028995514, 0.20113158226013184, 0.19800259172916412, 0.20013555884361267]]
[[0.1963205337524414, 0.2027456909418106, 0.19893747568130493, 0.20598204433918, 0.19601425528526306]]
hyposthese:
2 pieces ; spermatogenesis is present
reference:
2 pieces , active spermatogenesis
