[[0.17893187701702118, 0.22314922511577606, 0.172435462474823, 0.20026662945747375, 0.225216805934906]]
[[0.12937550246715546, 0.27181947231292725, 0.1300784945487976, 0.179893359541893, 0.2888331711292267]]
[[0.22585000097751617, 0.17412979900836945, 0.2278258502483368, 0.20811201632022858, 0.1640823483467102]]
[[0.27579671144485474, 0.11842156946659088, 0.2828100323677063, 0.21431060135364532, 0.10866114497184753]]
[[0.19243445992469788, 0.20649823546409607, 0.19302645325660706, 0.19787265360355377, 0.2101682424545288]]
[[0.1923234462738037, 0.20637565851211548, 0.19231006503105164, 0.19699078798294067, 0.21199996769428253]]
[[0.2122962921857834, 0.18683229386806488, 0.21191087365150452, 0.20640148222446442, 0.18255898356437683]]
[[0.1948091685771942, 0.20550686120986938, 0.19498658180236816, 0.1986486166715622, 0.20604868233203888]]
[[0.20452839136123657, 0.19435016810894012, 0.20484937727451324, 0.20384135842323303, 0.19243068993091583]]
[[0.1914309412240982, 0.20807406306266785, 0.19142360985279083, 0.19841358065605164, 0.2106577306985855]]
[[0.1963876634836197, 0.20367547869682312, 0.195994570851326, 0.19920171797275543, 0.20474055409431458]]
hyposthese:
6 pieces ; well trimmed ; 10 % dermal fat
reference:
6 pieces ; well trimmed ; 5-10 % dermal fat
