[[0.19753895699977875, 0.1922483593225479, 0.21063289046287537, 0.1872270107269287, 0.21235279738903046]]
[[0.19537407159805298, 0.20917856693267822, 0.2084512859582901, 0.18164004385471344, 0.20535598695278168]]
[[0.200828418135643, 0.20901207625865936, 0.19250644743442535, 0.2059401422739029, 0.1917128711938858]]
[[0.20544764399528503, 0.1945640593767166, 0.1760355830192566, 0.23097163438796997, 0.1929810494184494]]
[[0.19737553596496582, 0.19761760532855988, 0.2073921114206314, 0.1949036717414856, 0.2027111053466797]]
[[0.19630995392799377, 0.19937409460544586, 0.20890317857265472, 0.19194050133228302, 0.2034722864627838]]
[[0.20001819729804993, 0.199958935379982, 0.20242053270339966, 0.19951939582824707, 0.19808298349380493]]
hyposthese:
2 pieces , minimal fascia/vascular elements
reference:
2 pieces , 20 % fibrovascular tissue , rep delineated
