[[0.18924564123153687, 0.22366319596767426, 0.20587240159511566, 0.1804882287979126, 0.20073050260543823]]
[[0.1925453096628189, 0.21463192999362946, 0.20112739503383636, 0.1954999566078186, 0.19619540870189667]]
[[0.20749621093273163, 0.17745870351791382, 0.19579622149467468, 0.214992493391037, 0.20425641536712646]]
[[0.21043923497200012, 0.1666824221611023, 0.19872060418128967, 0.21687574684619904, 0.20728199183940887]]
[[0.19774319231510162, 0.20674575865268707, 0.2028738111257553, 0.1967480629682541, 0.1958892047405243]]
[[0.1933411955833435, 0.2148021161556244, 0.2004275619983673, 0.1937168538570404, 0.19771230220794678]]
hyposthese:
4 pieces , no abnormalities
reference:
3 pieces , no abnormalities
