[[0.21998417377471924, 0.1917952448129654, 0.17704856395721436, 0.20097731053829193, 0.2101946771144867]]
[[0.22610560059547424, 0.18573619425296783, 0.18359225988388062, 0.1950623244047165, 0.2095036506652832]]
[[0.18498213589191437, 0.20892547070980072, 0.21159185469150543, 0.2027452290058136, 0.19175535440444946]]
[[0.16443486511707306, 0.21813690662384033, 0.2260979413986206, 0.20665869116783142, 0.18467165529727936]]
[[0.20679523050785065, 0.19746945798397064, 0.19600054621696472, 0.1981421411037445, 0.20159263908863068]]
[[0.20020435750484467, 0.1999373584985733, 0.19957929849624634, 0.19996103644371033, 0.20031800866127014]]
[[0.20201191306114197, 0.19908151030540466, 0.19864054024219513, 0.19950760900974274, 0.2007584422826767]]
hyposthese:
2 pieces ; spermatogenesis is present
reference:
2 pieces , spermatogenesis .
