[[0.1698874980211258, 0.22496888041496277, 0.16544339060783386, 0.21056818962097168, 0.22913198173046112]]
[[0.17120736837387085, 0.20398573577404022, 0.16563135385513306, 0.21002599596977234, 0.24914948642253876]]
[[0.22592759132385254, 0.18276137113571167, 0.22675305604934692, 0.1894095093011856, 0.17514856159687042]]
[[0.23240506649017334, 0.17416320741176605, 0.23728273808956146, 0.1879275143146515, 0.16822144389152527]]
[[0.1977115273475647, 0.2042383998632431, 0.19749301671981812, 0.2000591903924942, 0.20049791038036346]]
[[0.1963145136833191, 0.2065543532371521, 0.19623926281929016, 0.20163041353225708, 0.19926142692565918]]
[[0.17856259644031525, 0.22028960287570953, 0.1779019981622696, 0.2045097053050995, 0.21873609721660614]]
[[0.22952935099601746, 0.17520609498023987, 0.23127490282058716, 0.19083862006664276, 0.17315106093883514]]
[[0.20240911841392517, 0.19760072231292725, 0.20257005095481873, 0.19980274140834808, 0.19761736690998077]]
[[0.19456230103969574, 0.20679643750190735, 0.19366462528705597, 0.20270171761512756, 0.20227490365505219]]
hyposthese:
2 pieces , <unk> & <unk> ; minimal adipose
reference:
2 ~11x8mm aliquots , minimal ( < 5 % ) interstitial fat
