[[0.21445141732692719, 0.19690588116645813, 0.17851044237613678, 0.19859904050827026, 0.21153315901756287]]
[[0.21077045798301697, 0.1918768286705017, 0.17843815684318542, 0.2082328200340271, 0.21068175137043]]
[[0.18980161845684052, 0.20372416079044342, 0.2132669985294342, 0.1982257068157196, 0.19498156011104584]]
[[0.1851377934217453, 0.2034902274608612, 0.21874667704105377, 0.1958494335412979, 0.1967758685350418]]
[[0.2005375176668167, 0.19882255792617798, 0.19936871528625488, 0.20253728330135345, 0.19873391091823578]]
[[0.20225396752357483, 0.1995612233877182, 0.19897079467773438, 0.20014630258083344, 0.19906772673130035]]
[[0.20965199172496796, 0.19899728894233704, 0.18751728534698486, 0.20045645534992218, 0.20337699353694916]]
[[0.1871132254600525, 0.20353691279888153, 0.215861976146698, 0.19620205461978912, 0.19728581607341766]]
[[0.19922971725463867, 0.20053614675998688, 0.2012658268213272, 0.19916078448295593, 0.1998075693845749]]
[[0.20269396901130676, 0.20048180222511292, 0.19531823694705963, 0.2005244940519333, 0.2009815126657486]]
hyposthese:
2 pieces , <unk> & <unk> ; minimal adipose
reference:
2 pieces , <unk> & <unk> ; 10 -- 20 % <unk>
