[[0.1872638463973999, 0.21281147003173828, 0.18763767182826996, 0.18732157349586487, 0.22496545314788818]]
[[0.1885298192501068, 0.21782854199409485, 0.17680472135543823, 0.18312056362628937, 0.2337164282798767]]
[[0.2161034494638443, 0.17437928915023804, 0.22149983048439026, 0.2173081338405609, 0.17070934176445007]]
[[0.22517983615398407, 0.1624976396560669, 0.237064927816391, 0.23127689957618713, 0.1439807415008545]]
[[0.19779716432094574, 0.20521676540374756, 0.19563491642475128, 0.1964363306760788, 0.204914852976799]]
[[0.1988864243030548, 0.20161905884742737, 0.19920358061790466, 0.1987110823392868, 0.20157986879348755]]
[[0.1975286304950714, 0.20465093851089478, 0.19529187679290771, 0.19528912007808685, 0.20723941922187805]]
[[0.19849950075149536, 0.20308952033519745, 0.197077676653862, 0.1970742791891098, 0.204258993268013]]
[[0.20357686281204224, 0.1958727091550827, 0.20544414222240448, 0.2049575299024582, 0.19014877080917358]]
[[0.19938302040100098, 0.2011708915233612, 0.19899219274520874, 0.1988576352596283, 0.20159627497196198]]
[[0.19658692181110382, 0.2045547515153885, 0.1966584026813507, 0.19617734849452972, 0.20602262020111084]]
hyposthese:
2 pieces , ~10 % interstitial fat , rep delineated
reference:
2 pieces
