[[0.1867135763168335, 0.22869253158569336, 0.20790043473243713, 0.11709941178560257, 0.25959405303001404]]
[[0.1545000970363617, 0.23521125316619873, 0.1785341203212738, 0.12731878459453583, 0.30443575978279114]]
[[0.21870799362659454, 0.17577089369297028, 0.20577043294906616, 0.25317591428756714, 0.1465747356414795]]
[[0.23936361074447632, 0.1346287578344345, 0.20506395399570465, 0.326374888420105, 0.09456879645586014]]
[[0.1929827779531479, 0.20708578824996948, 0.19848427176475525, 0.1971055269241333, 0.20434166491031647]]
[[0.19855058193206787, 0.20905761420726776, 0.20227491855621338, 0.19235728681087494, 0.19775959849357605]]
[[0.18282926082611084, 0.2142411768436432, 0.19485966861248016, 0.1689113825559616, 0.2391585111618042]]
[[0.2229185849428177, 0.17798246443271637, 0.2070295363664627, 0.23813360929489136, 0.15393579006195068]]
[[0.20158888399600983, 0.1981501281261444, 0.2012498676776886, 0.20255418121814728, 0.19645686447620392]]
[[0.19938279688358307, 0.2019064873456955, 0.20038706064224243, 0.19384068250656128, 0.2044830173254013]]
[[0.19231213629245758, 0.21203064918518066, 0.20151667296886444, 0.17837755382061005, 0.21576298773288727]]
[[0.20493879914283752, 0.19678857922554016, 0.2044941633939743, 0.2073950320482254, 0.18638338148593903]]
[[0.19865231215953827, 0.20097707211971283, 0.19955193996429443, 0.19787083566188812, 0.20294778048992157]]
[[0.19831512868404388, 0.20149388909339905, 0.19943885505199432, 0.1973620504140854, 0.20339016616344452]]
[[0.19678394496440887, 0.20449884235858917, 0.2013903260231018, 0.1917303055524826, 0.20559655129909515]]
[[0.1978580802679062, 0.2035014033317566, 0.19960489869117737, 0.1935797780752182, 0.20545585453510284]]
hyposthese:
2 pieces , <unk> & <unk> ; <unk> % cortex , <unk> % of specimen
reference:
2 pieces ; cortex and medulla , small attachment of fat
