[[0.19218884408473969, 0.19993603229522705, 0.1884584128856659, 0.19327782094478607, 0.22613884508609772]]
[[0.19207757711410522, 0.2032928764820099, 0.16198328137397766, 0.20204058289527893, 0.2406056672334671]]
[[0.21109965443611145, 0.20240220427513123, 0.21581055223941803, 0.20593665540218353, 0.1647508591413498]]
[[0.22064970433712006, 0.2020225077867508, 0.22212012112140656, 0.209503173828125, 0.14570452272891998]]
[[0.19655685126781464, 0.19765746593475342, 0.19165462255477905, 0.19690926373004913, 0.21722173690795898]]
[[0.19170218706130981, 0.19757944345474243, 0.19479505717754364, 0.19502434134483337, 0.22089900076389313]]
hyposthese:
2 pieces , no abnormalities
reference:
2 pieces moderate hashimoto lymphocytic thyroiditis , rep foci encircled
