[[0.18135933578014374, 0.2076472043991089, 0.17526589334011078, 0.20527958869934082, 0.23044797778129578]]
[[0.19892174005508423, 0.20206499099731445, 0.17035004496574402, 0.21742333471775055, 0.21123982965946198]]
[[0.20584824681282043, 0.1948193609714508, 0.22071310877799988, 0.193001389503479, 0.1856178641319275]]
[[0.19939252734184265, 0.19632846117019653, 0.24586379528045654, 0.18528620898723602, 0.17312899231910706]]
[[0.19908647239208221, 0.19909098744392395, 0.1944531947374344, 0.2012588381767273, 0.20611050724983215]]
[[0.20117615163326263, 0.19964268803596497, 0.20456157624721527, 0.19762960076332092, 0.19698992371559143]]
[[0.19993118941783905, 0.19899290800094604, 0.1962403953075409, 0.19932515919208527, 0.20551037788391113]]
[[0.20004621148109436, 0.19977375864982605, 0.19949528574943542, 0.1998399943113327, 0.2008446902036667]]
hyposthese:
2 pieces ; 10 % fibrous content
reference:
2 pieces <unk> ~10 fibrous tissue , delineated
