[[0.15807890892028809, 0.23387758433818817, 0.18633493781089783, 0.24993996322155, 0.17176862061023712]]
[[0.14380428194999695, 0.2590281367301941, 0.1762842983007431, 0.2486124336719513, 0.17227080464363098]]
[[0.24329397082328796, 0.16540154814720154, 0.21213646233081818, 0.15922905504703522, 0.2199389487504959]]
[[0.2801707684993744, 0.11401090770959854, 0.23662331700325012, 0.12032093852758408, 0.24887409806251526]]
[[0.18631553649902344, 0.2147083282470703, 0.19470690190792084, 0.21108503639698029, 0.19318416714668274]]
[[0.17725606262683868, 0.2227374017238617, 0.1911722719669342, 0.2222629338502884, 0.18657131493091583]]
hyposthese:
2 pieces , no abnormalities
reference:
2 pieces , no abnormalities
