[[0.21576781570911407, 0.19174815714359283, 0.22981533408164978, 0.16830047965049744, 0.19436821341514587]]
[[0.1904391646385193, 0.20407769083976746, 0.21891190111637115, 0.19267895817756653, 0.1938922256231308]]
[[0.19355186820030212, 0.2012624740600586, 0.18716689944267273, 0.21423937380313873, 0.20377938449382782]]
[[0.19506849348545074, 0.2057366669178009, 0.16321025788784027, 0.2281080037355423, 0.207876518368721]]
[[0.2010491043329239, 0.19823960959911346, 0.20564796030521393, 0.198200523853302, 0.1968628168106079]]
[[0.20048460364341736, 0.2001400887966156, 0.1994239240884781, 0.19993336498737335, 0.200018048286438]]
[[0.20036251842975616, 0.19985444843769073, 0.19952796399593353, 0.20076759159564972, 0.1994875818490982]]
[[0.20012633502483368, 0.199203759431839, 0.2042226791381836, 0.1987534463405609, 0.19769370555877686]]
[[0.19918668270111084, 0.19983027875423431, 0.20146876573562622, 0.19938021898269653, 0.20013408362865448]]
[[0.2002534419298172, 0.19937916100025177, 0.2038727104663849, 0.19794252514839172, 0.1985521912574768]]
[[0.19965466856956482, 0.20038270950317383, 0.2001217156648636, 0.20006722211837769, 0.19977369904518127]]
[[0.199951171875, 0.20072035491466522, 0.1990610808134079, 0.20053081214427948, 0.1997365653514862]]
[[0.20272527635097504, 0.1994779258966446, 0.19984647631645203, 0.19903048872947693, 0.198919877409935]]
[[0.19980615377426147, 0.1987072378396988, 0.20371976494789124, 0.198301762342453, 0.19946502149105072]]
[[0.20074601471424103, 0.19978564977645874, 0.2006782442331314, 0.19862009584903717, 0.20017001032829285]]
[[0.19976820051670074, 0.2011244297027588, 0.19761131703853607, 0.20117700099945068, 0.20031903684139252]]
hyposthese:
2 pieces , one piece is ~20 % fibrous tissue , no ductal elements noted
reference:
2 pieces ; fibroadipose tissue without ducts
