[[0.20938311517238617, 0.18695984780788422, 0.21993042528629303, 0.1974843442440033, 0.18624228239059448]]
[[0.24267232418060303, 0.1735478937625885, 0.28959062695503235, 0.15797950327396393, 0.1362096667289734]]
[[0.18619462847709656, 0.21129348874092102, 0.16714775562286377, 0.21390457451343536, 0.2214595377445221]]
[[0.15495681762695312, 0.22938764095306396, 0.11979498714208603, 0.23642727732658386, 0.2594332695007324]]
[[0.20279809832572937, 0.19723759591579437, 0.20905353128910065, 0.19649140536785126, 0.19441938400268555]]
[[0.20489013195037842, 0.19628968834877014, 0.20993825793266296, 0.1952356994152069, 0.19364623725414276]]
[[0.19449777901172638, 0.20578934252262115, 0.18449150025844574, 0.20706287026405334, 0.20815855264663696]]
[[0.20229358971118927, 0.19793768227100372, 0.20592866837978363, 0.19776834547519684, 0.19607166945934296]]
[[0.19735956192016602, 0.20260058343410492, 0.19418229162693024, 0.20292715728282928, 0.20293042063713074]]
[[0.20363099873065948, 0.19660396873950958, 0.20777378976345062, 0.197905033826828, 0.1940862089395523]]
[[0.2014930248260498, 0.19810998439788818, 0.20383481681346893, 0.19899596273899078, 0.1975661665201187]]
hyposthese:
6 pieces ; well trimmed ; 10 % dermal fat
reference:
6 pieces ; <unk> epidermis ( <unk> ) , solar elastosis ; well trimmed , 10 % dermal fat
