[[0.1998693346977234, 0.18453051149845123, 0.17171187698841095, 0.2249068170785904, 0.21898145973682404]]
[[0.1912725567817688, 0.1735803633928299, 0.1633230298757553, 0.24825723469257355, 0.22356678545475006]]
[[0.2092818319797516, 0.22326363623142242, 0.22972752153873444, 0.16222217679023743, 0.1755048781633377]]
[[0.2105523645877838, 0.24522905051708221, 0.2552226781845093, 0.12769146263599396, 0.16130447387695312]]
[[0.19283312559127808, 0.19014887511730194, 0.19123436510562897, 0.21790190041065216, 0.20788167417049408]]
[[0.19011051952838898, 0.18480533361434937, 0.18619967997074127, 0.22426535189151764, 0.21461914479732513]]
hyposthese:
2 pieces , no abnormalities
reference:
2 pieces ; <unk> mild stromal fibrosis <unk> thyroid follicles
