[[0.20573461055755615, 0.20907685160636902, 0.18238091468811035, 0.18258273601531982, 0.22022481262683868]]
[[0.18223056197166443, 0.17334848642349243, 0.17182382941246033, 0.1730966717004776, 0.2995004653930664]]
[[0.19774450361728668, 0.20115937292575836, 0.22222504019737244, 0.22308103740215302, 0.15579000115394592]]
[[0.19617484509944916, 0.20066292583942413, 0.2500210106372833, 0.25173744559288025, 0.10140375792980194]]
[[0.19733794033527374, 0.19721092283725739, 0.1953286975622177, 0.19572818279266357, 0.21439428627490997]]
[[0.19903407990932465, 0.20029385387897491, 0.18918798863887787, 0.19046397507190704, 0.22102008759975433]]
[[0.20039495825767517, 0.2003851979970932, 0.1950259506702423, 0.19552689790725708, 0.20866702497005463]]
[[0.19966073334217072, 0.20044130086898804, 0.1919250339269638, 0.19261392951011658, 0.21535903215408325]]
[[0.19995972514152527, 0.20040738582611084, 0.1968851536512375, 0.19703933596611023, 0.20570845901966095]]
[[0.2035359889268875, 0.2003827542066574, 0.21115195751190186, 0.21089665591716766, 0.17403259873390198]]
[[0.19982315599918365, 0.19983968138694763, 0.19786296784877777, 0.19828850030899048, 0.20418576896190643]]
[[0.20029917359352112, 0.20023107528686523, 0.19906644523143768, 0.19954092800617218, 0.20086237788200378]]
[[0.20076824724674225, 0.20043349266052246, 0.19600243866443634, 0.19698674976825714, 0.20580902695655823]]
hyposthese:
6 pieces , squamous mucosa up to ~0.4mm , <unk> % thickness
reference:
6 pieces ; superficial epithelial desquamation ; squamous epithelium ~0.3mm thick , esophagitis , small portion of muscularis
