[[0.20771726965904236, 0.19151991605758667, 0.19157372415065765, 0.18707925081253052, 0.2221098095178604]]
[[0.19636298716068268, 0.18609391152858734, 0.1831321269273758, 0.18537728488445282, 0.24903368949890137]]
[[0.19394834339618683, 0.21070027351379395, 0.21143627166748047, 0.21394309401512146, 0.16997195780277252]]
[[0.1877434402704239, 0.2196681946516037, 0.2262440323829651, 0.2264234870672226, 0.1399208903312683]]
[[0.20164717733860016, 0.1981886625289917, 0.19703160226345062, 0.1966349184513092, 0.20649763941764832]]
[[0.20390446484088898, 0.19735969603061676, 0.19433723390102386, 0.19528080523014069, 0.2091178148984909]]
[[0.19967682659626007, 0.20122815668582916, 0.20141389966011047, 0.20186932384967804, 0.19581177830696106]]
[[0.2013794183731079, 0.19858942925930023, 0.19776073098182678, 0.1978282481431961, 0.20444214344024658]]
[[0.19998247921466827, 0.20043407380580902, 0.20072625577449799, 0.20012181997299194, 0.19873538613319397]]
[[0.20239447057247162, 0.19777798652648926, 0.1967712640762329, 0.19669489562511444, 0.20636141300201416]]
[[0.2010643482208252, 0.19883204996585846, 0.19849669933319092, 0.19839240610599518, 0.20321451127529144]]
hyposthese:
2 pieces ; well trimmed ; 10 % internal fat
reference:
4 pieces , rim of trace fat up to ~1mm , delineated
