[[0.24383790791034698, 0.2535659968852997, 0.1686430424451828, 0.13015694916248322, 0.20379602909088135]]
[[0.3322715163230896, 0.22252880036830902, 0.13942764699459076, 0.10840525478124619, 0.19736680388450623]]
[[0.1507108360528946, 0.17704403400421143, 0.22898148000240326, 0.23684310913085938, 0.20642048120498657]]
[[0.06768041104078293, 0.10735941678285599, 0.2836969196796417, 0.3555333912372589, 0.18572987616062164]]
[[0.20697465538978577, 0.20472824573516846, 0.19595736265182495, 0.19450198113918304, 0.1978377252817154]]
[[0.20722022652626038, 0.20541684329509735, 0.1969054490327835, 0.19038736820220947, 0.20007005333900452]]
[[0.21946194767951965, 0.20732033252716064, 0.19050775468349457, 0.18392109870910645, 0.19878892600536346]]
[[0.20639687776565552, 0.2058841735124588, 0.19614048302173615, 0.19213798642158508, 0.19944046437740326]]
[[0.16519463062286377, 0.18575741350650787, 0.21626168489456177, 0.22892028093338013, 0.20386601984500885]]
[[0.20282550156116486, 0.20265713334083557, 0.19788262248039246, 0.19668151438236237, 0.19995327293872833]]
[[0.1988609880208969, 0.2008722424507141, 0.20007997751235962, 0.2001522332429886, 0.20003455877304077]]
[[0.20996764302253723, 0.2026115357875824, 0.19740641117095947, 0.1895231455564499, 0.2004913091659546]]
hyposthese:
6 pieces , mucosa up to ~1mm , <unk> % thickness
reference:
6 pieces ; congestion and superficial mucosal fresh hemorrhage ; 4 are full thickness , 1 mucosa only , 1 muscularis
