[[0.1915707141160965, 0.18538452684879303, 0.21522995829582214, 0.21119160950183868, 0.19662325084209442]]
[[0.17384222149848938, 0.17323778569698334, 0.2519715130329132, 0.2191872000694275, 0.18176127970218658]]
[[0.21956883370876312, 0.22326071560382843, 0.16375820338726044, 0.18000374734401703, 0.2134084403514862]]
[[0.22095797955989838, 0.22598469257354736, 0.16035349667072296, 0.1766829937696457, 0.21602079272270203]]
[[0.19563089311122894, 0.19392043352127075, 0.2113109827041626, 0.2042771279811859, 0.19486059248447418]]
[[0.19366870820522308, 0.19180437922477722, 0.21380314230918884, 0.2064111828804016, 0.19431257247924805]]
hyposthese:
2 pieces , no abnormalities
reference:
2 pieces , congested
