[[0.18048730492591858, 0.23047949373722076, 0.23026905953884125, 0.18127687275409698, 0.17748726904392242]]
[[0.12355596572160721, 0.28685566782951355, 0.28313741087913513, 0.15096503496170044, 0.15548594295978546]]
[[0.22772417962551117, 0.1638186126947403, 0.16553732752799988, 0.22184918820858002, 0.22107063233852386]]
[[0.2802875339984894, 0.10042625665664673, 0.10956203192472458, 0.25496619939804077, 0.25475800037384033]]
[[0.1942160725593567, 0.20947672426700592, 0.20634883642196655, 0.19479146599769592, 0.1951669454574585]]
[[0.20232132077217102, 0.19493630528450012, 0.19785593450069427, 0.20246797800064087, 0.2024185210466385]]
[[0.18345238268375397, 0.2196774184703827, 0.21683326363563538, 0.1896149218082428, 0.19042205810546875]]
[[0.19563324749469757, 0.206343874335289, 0.20309625566005707, 0.19762779772281647, 0.1972988098859787]]
hyposthese:
6 pieces , atherosis up to ~0.2mm
reference:
6 pieces , adherent fat serosa up to ~0.5mm , rep delineated
