[[0.19760625064373016, 0.19922839105129242, 0.20820215344429016, 0.1913430094718933, 0.20362016558647156]]
[[0.2721902132034302, 0.2449500858783722, 0.15604206919670105, 0.1736646294593811, 0.15315301716327667]]
[[0.18408799171447754, 0.19027592241764069, 0.20820938050746918, 0.20981040596961975, 0.20761632919311523]]
[[0.14340218901634216, 0.1572829931974411, 0.23077113926410675, 0.23266427218914032, 0.23587936162948608]]
[[0.20365679264068604, 0.20531286299228668, 0.1969759315252304, 0.19709846377372742, 0.19695591926574707]]
[[0.20688600838184357, 0.20517222583293915, 0.19625607132911682, 0.19562658667564392, 0.19605906307697296]]
[[0.19471248984336853, 0.1919746696949005, 0.20456445217132568, 0.20374035835266113, 0.20500798523426056]]
[[0.20234034955501556, 0.20406873524188995, 0.19770589470863342, 0.19799964129924774, 0.19788531959056854]]
[[0.19879545271396637, 0.19804036617279053, 0.20103971660137177, 0.2011343240737915, 0.2009902149438858]]
[[0.20525139570236206, 0.20367681980133057, 0.196817547082901, 0.19735994935035706, 0.19689427316188812]]
[[0.20187237858772278, 0.20254682004451752, 0.19830726087093353, 0.19889070093631744, 0.19838286936283112]]
hyposthese:
6 pieces ; well trimmed ; 10 % dermal fat
reference:
6 pieces ; well trimmed ; 10-20 % intradermal fat
