[[0.14151588082313538, 0.22086644172668457, 0.2442513108253479, 0.2439039647579193, 0.14946244657039642]]
[[0.1354803740978241, 0.22345364093780518, 0.2634003162384033, 0.2402336448431015, 0.1374320238828659]]
[[0.24078476428985596, 0.18552838265895844, 0.16631324589252472, 0.17111997306346893, 0.23625363409519196]]
[[0.31360703706741333, 0.14755040407180786, 0.10883171856403351, 0.12461110204458237, 0.3053997755050659]]
[[0.19369861483573914, 0.20039424300193787, 0.20761089026927948, 0.2039671242237091, 0.19432906806468964]]
[[0.18403470516204834, 0.2022760808467865, 0.21649987995624542, 0.209453746676445, 0.18773561716079712]]
[[0.1977311074733734, 0.2003386914730072, 0.2029738873243332, 0.2006661295890808, 0.19829018414020538]]
[[0.20751813054084778, 0.19785763323307037, 0.19275857508182526, 0.19419822096824646, 0.2076674997806549]]
[[0.1972220242023468, 0.20118117332458496, 0.20297500491142273, 0.20137235522270203, 0.19724947214126587]]
hyposthese:
2 pieces , subtotally occlusive atherosis , delineated
reference:
2 pieces , rep foci of monckeberg 's medial sclerosis delineated ; minimal atherosis .
