[[0.1597038060426712, 0.2311299443244934, 0.20737135410308838, 0.18880781531333923, 0.21298713982105255]]
[[0.16367338597774506, 0.2293919324874878, 0.21026425063610077, 0.18511176109313965, 0.21155861020088196]]
[[0.22267502546310425, 0.1835915595293045, 0.19710791110992432, 0.2026367485523224, 0.19398875534534454]]
[[0.2566814720630646, 0.15423476696014404, 0.18671512603759766, 0.22520574927330017, 0.17716284096240997]]
[[0.19446343183517456, 0.20314806699752808, 0.2011808604001999, 0.19837847352027893, 0.20282910764217377]]
[[0.1903471052646637, 0.20775935053825378, 0.20137667655944824, 0.19642701745033264, 0.20408980548381805]]
[[0.19696253538131714, 0.20243050158023834, 0.20050638914108276, 0.1986083686351776, 0.20149222016334534]]
[[0.21333345770835876, 0.18795830011367798, 0.19685262441635132, 0.2047090381383896, 0.19714657962322235]]
[[0.19926507771015167, 0.20002533495426178, 0.20009154081344604, 0.200496107339859, 0.2001218944787979]]
[[0.1951875537633896, 0.20420309901237488, 0.20131005346775055, 0.19862279295921326, 0.20067645609378815]]
[[0.19889146089553833, 0.20214147865772247, 0.2002863734960556, 0.1996147185564041, 0.1990659385919571]]
hyposthese:
2 pieces , no adherent fat , good clean specimens
reference:
2 pieces , no adherent <unk> atherosis
