[[0.19562631845474243, 0.2000003606081009, 0.18800976872444153, 0.2206764817237854, 0.19568705558776855]]
[[0.21547569334506989, 0.16655242443084717, 0.14871563017368317, 0.3112172484397888, 0.15803901851177216]]
[[0.19743190705776215, 0.20975026488304138, 0.21943950653076172, 0.1609356701374054, 0.21244265139102936]]
[[0.18883644044399261, 0.21699953079223633, 0.2539537250995636, 0.10731017589569092, 0.23290006816387177]]
[[0.2011343389749527, 0.19700956344604492, 0.19476577639579773, 0.21071024239063263, 0.19638006389141083]]
[[0.20107905566692352, 0.19788476824760437, 0.19486930966377258, 0.20932304859161377, 0.19684378802776337]]
[[0.19912408292293549, 0.20710213482379913, 0.20748946070671082, 0.1795581430196762, 0.20672616362571716]]
[[0.20077292621135712, 0.1980685293674469, 0.19648131728172302, 0.2074602246284485, 0.19721706211566925]]
[[0.20189209282398224, 0.20252732932567596, 0.20240193605422974, 0.19045713543891907, 0.202721506357193]]
[[0.20109346508979797, 0.19787457585334778, 0.19420656561851501, 0.2101510912179947, 0.19667433202266693]]
[[0.20036286115646362, 0.1992766261100769, 0.19738706946372986, 0.20448197424411774, 0.19849149882793427]]
hyposthese:
6 pieces ; well trimmed ; 10 % dermal fat
reference:
6 pieces , minimal fat , squamous epithelium is <unk> microns
