[[0.187845379114151, 0.18314288556575775, 0.19265273213386536, 0.20416320860385895, 0.23219579458236694]]
[[0.16447199881076813, 0.16254036128520966, 0.17852690815925598, 0.22181308269500732, 0.2726476192474365]]
[[0.21430625021457672, 0.219383105635643, 0.20963354408740997, 0.18785955011844635, 0.16881752014160156]]
[[0.23338216543197632, 0.23918525874614716, 0.22211359441280365, 0.18218816816806793, 0.12313078343868256]]
[[0.19695502519607544, 0.1962192952632904, 0.1986396163702011, 0.20182976126670837, 0.2063562572002411]]
[[0.1926836520433426, 0.1918429583311081, 0.19708696007728577, 0.20216453075408936, 0.21622183918952942]]
hyposthese:
2 pieces , no abnormalities
reference:
2 pieces ; 10-15 % internal fat , interstitial fibrosis
