[[0.16758935153484344, 0.25891005992889404, 0.22117619216442108, 0.23222847282886505, 0.12009590864181519]]
[[0.12833453714847565, 0.3208526074886322, 0.1843622773885727, 0.273153692483902, 0.09329692274332047]]
[[0.2344653159379959, 0.1510666161775589, 0.20398329198360443, 0.17281125485897064, 0.2376735955476761]]
[[0.2989087998867035, 0.06553014367818832, 0.17985957860946655, 0.08656349033117294, 0.36913803219795227]]
[[0.19391271471977234, 0.2077203392982483, 0.1987892985343933, 0.20808613300323486, 0.19149158895015717]]
[[0.19407710433006287, 0.2079952210187912, 0.19920365512371063, 0.20977751910686493, 0.18894653022289276]]
[[0.1855451464653015, 0.22020293772220612, 0.20138736069202423, 0.21452361345291138, 0.17834094166755676]]
[[0.19665083289146423, 0.2090664654970169, 0.20011502504348755, 0.20530597865581512, 0.18886172771453857]]
[[0.22073033452033997, 0.16003911197185516, 0.19922372698783875, 0.18482628464698792, 0.23518049716949463]]
[[0.19759801030158997, 0.20286937057971954, 0.19985049962997437, 0.20261932909488678, 0.19706276059150696]]
[[0.20025435090065002, 0.19716764986515045, 0.2001735270023346, 0.20216763019561768, 0.20023679733276367]]
[[0.19658112525939941, 0.20756679773330688, 0.20215462148189545, 0.20413534343242645, 0.18956217169761658]]
hyposthese:
6 pieces , mucosa up to ~1mm , <unk> % thickness
reference:
5 pieces , predominantly autolysis <unk> of 1 , focally 2 ; 2 of 5 pieces include portion of muscularis
