[[0.21563050150871277, 0.17211678624153137, 0.1916446089744568, 0.18829463422298431, 0.23231343924999237]]
[[0.2527045011520386, 0.14203673601150513, 0.13809990882873535, 0.17301051318645477, 0.2941482961177826]]
[[0.1782720685005188, 0.2265748381614685, 0.21852083504199982, 0.2151033729314804, 0.16152887046337128]]
[[0.13250620663166046, 0.27775928378105164, 0.2523603141307831, 0.23166881501674652, 0.1057053729891777]]
[[0.2039644420146942, 0.19477199018001556, 0.1959591954946518, 0.19844940304756165, 0.20685499906539917]]
[[0.20596574246883392, 0.19025573134422302, 0.19476324319839478, 0.19594943523406982, 0.21306584775447845]]
[[0.20304587483406067, 0.19583791494369507, 0.19738419353961945, 0.19836555421352386, 0.20536640286445618]]
[[0.18160296976566315, 0.22119927406311035, 0.2197275161743164, 0.21036197245121002, 0.16710825264453888]]
[[0.20018409192562103, 0.1984976828098297, 0.19893597066402435, 0.19910162687301636, 0.20328064262866974]]
[[0.20359279215335846, 0.19460435211658478, 0.19640420377254486, 0.1975477933883667, 0.20785078406333923]]
[[0.20012590289115906, 0.1994209736585617, 0.1994381844997406, 0.19964873790740967, 0.20136621594429016]]
[[0.20110167562961578, 0.1970365047454834, 0.19796299934387207, 0.20024432241916656, 0.20365452766418457]]
[[0.19980356097221375, 0.19948528707027435, 0.19956623017787933, 0.19964784383773804, 0.2014971375465393]]
hyposthese:
6 pieces , minimal dermal fat ; squamous epithelium is <unk> microns
reference:
6 pieces ; well trimmed
