[[0.22082801163196564, 0.19604870676994324, 0.2127934694290161, 0.19463428854942322, 0.1756955087184906]]
[[0.19913768768310547, 0.1750853806734085, 0.22093942761421204, 0.19860219955444336, 0.20623530447483063]]
[[0.18651236593723297, 0.20186899602413177, 0.1957307606935501, 0.2042066901922226, 0.21168112754821777]]
[[0.18365712463855743, 0.22423632442951202, 0.17645464837551117, 0.19781659543514252, 0.21783533692359924]]
[[0.20221948623657227, 0.19995896518230438, 0.19881802797317505, 0.20138400793075562, 0.19761955738067627]]
[[0.20317202806472778, 0.19994966685771942, 0.19896700978279114, 0.2014761120080948, 0.19643518328666687]]
[[0.2019658386707306, 0.19998106360435486, 0.19903023540973663, 0.20104393362998962, 0.1979789435863495]]
hyposthese:
6 pieces , confirmed target muscularis
reference:
6 pieces , 2 pieces include ~30 % fat , vessels , and nerve
