[[0.25548213720321655, 0.19148680567741394, 0.15456651151180267, 0.15514999628067017, 0.24331453442573547]]
[[0.31779158115386963, 0.19084033370018005, 0.14114704728126526, 0.14331461489200592, 0.20690643787384033]]
[[0.1547970324754715, 0.21319831907749176, 0.22457830607891083, 0.2225266546010971, 0.18489965796470642]]
[[0.069992795586586, 0.21680235862731934, 0.294962078332901, 0.29007479548454285, 0.1281680017709732]]
[[0.20656295120716095, 0.19794893264770508, 0.19497598707675934, 0.19495053589344025, 0.20556160807609558]]
[[0.20426484942436218, 0.20036698877811432, 0.19412940740585327, 0.19512435793876648, 0.20611438155174255]]
[[0.2189273089170456, 0.19615381956100464, 0.187178835272789, 0.18770599365234375, 0.21003402769565582]]
[[0.21046464145183563, 0.1979670226573944, 0.19312575459480286, 0.19369788467884064, 0.20474474132061005]]
[[0.1665498912334442, 0.20536068081855774, 0.21838736534118652, 0.21671439707279205, 0.19298763573169708]]
[[0.202260822057724, 0.1989668905735016, 0.1982356309890747, 0.1981046348810196, 0.2024320662021637]]
[[0.2012558877468109, 0.1995355784893036, 0.1996828317642212, 0.19960814714431763, 0.1999174952507019]]
[[0.20964978635311127, 0.20184384286403656, 0.19241638481616974, 0.19357691705226898, 0.20251311361789703]]
hyposthese:
6 pieces , mucosa up to ~1mm , <unk> % thickness
reference:
6 pieces up to 7x3 mm ; good mucosal preservation
