[[0.1360347718000412, 0.18268075585365295, 0.31729239225387573, 0.2309921532869339, 0.13299988210201263]]
[[0.130860835313797, 0.18330644071102142, 0.33147937059402466, 0.22205621004104614, 0.13229712843894958]]
[[0.2463432401418686, 0.21245621144771576, 0.11414503306150436, 0.1784871518611908, 0.2485683709383011]]
[[0.2906857430934906, 0.2104337066411972, 0.0588398277759552, 0.14715217053890228, 0.29288849234580994]]
[[0.1946926712989807, 0.19809497892856598, 0.21327091753482819, 0.1992812603712082, 0.19466018676757812]]
[[0.19381083548069, 0.19801372289657593, 0.21256335079669952, 0.2022264152765274, 0.19338566064834595]]
[[0.1611473709344864, 0.18501819670200348, 0.2905072867870331, 0.20232978463172913, 0.16099736094474792]]
[[0.2535492479801178, 0.21881932020187378, 0.09930469840765, 0.17451991140842438, 0.25380682945251465]]
[[0.20311981439590454, 0.20330174267292023, 0.18867354094982147, 0.20187251269817352, 0.20303238928318024]]
[[0.19450321793556213, 0.19705162942409515, 0.21555182337760925, 0.1981419324874878, 0.19475142657756805]]
[[0.20285707712173462, 0.20591558516025543, 0.18221057951450348, 0.20581629872322083, 0.20320042967796326]]
[[0.19829481840133667, 0.19907411932945251, 0.20527367293834686, 0.19909444451332092, 0.19826292991638184]]
[[0.20013128221035004, 0.200188547372818, 0.19922541081905365, 0.2004231959581375, 0.200031578540802]]
[[0.19637472927570343, 0.19830667972564697, 0.20811103284358978, 0.20094552636146545, 0.19626198709011078]]
[[0.2037171870470047, 0.20453780889511108, 0.18385885655879974, 0.20430387556552887, 0.2035822868347168]]
[[0.19831012189388275, 0.20002615451812744, 0.20331647992134094, 0.2000712752342224, 0.19827599823474884]]
[[0.18946461379528046, 0.1934797316789627, 0.22431279718875885, 0.20340967178344727, 0.18933320045471191]]
[[0.1979839950799942, 0.198019877076149, 0.20686358213424683, 0.20042750239372253, 0.19670496881008148]]
hyposthese:
2 pieces , <unk> & <unk> ; well preserved , islets well visualized , rep ones delineated
reference:
2 pieces ; 10 % internal fibrofatty component
