[[0.18920324742794037, 0.19129790365695953, 0.1989576816558838, 0.2249346822500229, 0.1956065446138382]]
[[0.18254446983337402, 0.1847543865442276, 0.195537269115448, 0.2527565360069275, 0.1844072937965393]]
[[0.2158460021018982, 0.21358880400657654, 0.2012297362089157, 0.15923072397708893, 0.21010471880435944]]
[[0.22355487942695618, 0.21988441050052643, 0.2083640992641449, 0.13112203776836395, 0.21707454323768616]]
[[0.1963503062725067, 0.1969238668680191, 0.19937776029109955, 0.209763765335083, 0.1975843459367752]]
[[0.19903841614723206, 0.19923453032970428, 0.19919520616531372, 0.20343221724033356, 0.1990995854139328]]
[[0.19599708914756775, 0.19675801694393158, 0.1995421200990677, 0.20999392867088318, 0.1977088749408722]]
[[0.19798654317855835, 0.19856473803520203, 0.19907541573047638, 0.20577633380889893, 0.1985969841480255]]
[[0.20290230214595795, 0.20262356102466583, 0.20191845297813416, 0.1900077760219574, 0.20254787802696228]]
[[0.19927527010440826, 0.19932803511619568, 0.19988276064395905, 0.20199768245220184, 0.1995161920785904]]
[[0.198599711060524, 0.1987578123807907, 0.19875209033489227, 0.20495900511741638, 0.19893139600753784]]
hyposthese:
2 pieces , ~10 % interstitial fat , rep delineated
reference:
2 pieces , one piece includes small portion of internal fat
