[[0.17438098788261414, 0.24323497712612152, 0.2401304394006729, 0.17669415473937988, 0.16555951535701752]]
[[0.168706476688385, 0.24289609491825104, 0.2552301287651062, 0.16913053393363953, 0.16403675079345703]]
[[0.21699996292591095, 0.17357896268367767, 0.1657523214817047, 0.22154326736927032, 0.22212553024291992]]
[[0.2401779443025589, 0.1413891315460205, 0.12731170654296875, 0.24076727032661438, 0.2503539025783539]]
[[0.19634073972702026, 0.20068657398223877, 0.20743334293365479, 0.19814401865005493, 0.19739529490470886]]
[[0.19554679095745087, 0.20331858098506927, 0.20645111799240112, 0.1963462382555008, 0.19833725690841675]]
[[0.19873805344104767, 0.20162267982959747, 0.20220017433166504, 0.19852983951568604, 0.19890928268432617]]
[[0.19877205789089203, 0.2009039670228958, 0.20227468013763428, 0.19871023297309875, 0.1993390917778015]]
[[0.19960351288318634, 0.20051957666873932, 0.19979657232761383, 0.19970136880874634, 0.20037893950939178]]
[[0.196743443608284, 0.20374588668346405, 0.20439055562019348, 0.19744974374771118, 0.1976703554391861]]
[[0.19702598452568054, 0.204543337225914, 0.2054038792848587, 0.19670690596103668, 0.19631989300251007]]
[[0.19946876168251038, 0.2007456123828888, 0.19856014847755432, 0.19978168606758118, 0.20144379138946533]]
[[0.20034773647785187, 0.19953420758247375, 0.19936905801296234, 0.2001943737268448, 0.20055459439754486]]
hyposthese:
2 pieces , gynecomastoid stromal and ductal ( rep delineated ) hyperplasia
reference:
2 pieces , each ~90 % fat , ductal elements present
