[[0.1841731071472168, 0.22278690338134766, 0.21938368678092957, 0.19052422046661377, 0.1831321120262146]]
[[0.19813649356365204, 0.20675154030323029, 0.1979539543390274, 0.20404751598834991, 0.19311051070690155]]
[[0.20906321704387665, 0.18834573030471802, 0.18950587511062622, 0.20567353069782257, 0.20741170644760132]]
[[0.2096170037984848, 0.17675483226776123, 0.1883469521999359, 0.20424561202526093, 0.22103554010391235]]
[[0.20120245218276978, 0.2023445963859558, 0.20138464868068695, 0.1955236792564392, 0.19954463839530945]]
[[0.20044958591461182, 0.201772078871727, 0.2009592056274414, 0.19801615178585052, 0.19880300760269165]]
[[0.2014331966638565, 0.20449352264404297, 0.20286808907985687, 0.19359734654426575, 0.1976078450679779]]
[[0.20052173733711243, 0.2007015496492386, 0.20027369260787964, 0.19914208352565765, 0.1993609368801117]]
[[0.20036084949970245, 0.1982778161764145, 0.1978968381881714, 0.2019752711057663, 0.20148923993110657]]
[[0.20049679279327393, 0.20010508596897125, 0.20044216513633728, 0.19929958879947662, 0.1996563822031021]]
[[0.19990667700767517, 0.20164132118225098, 0.199628084897995, 0.20004341006278992, 0.19878049194812775]]
hyposthese:
2 pieces , ~10 % fascia/vascular elements , rep delineated
reference:
2 pieces ; 5-10 % fibrovascular tissue
