[[0.1947723627090454, 0.20114366710186005, 0.18959717452526093, 0.21512877941131592, 0.1993580311536789]]
[[0.1939561814069748, 0.19862712919712067, 0.18839867413043976, 0.22260557115077972, 0.19641242921352386]]
[[0.20470532774925232, 0.1985124796628952, 0.21012182533740997, 0.1839987188577652, 0.20266157388687134]]
[[0.20801222324371338, 0.19530241191387177, 0.22467240691184998, 0.167320117354393, 0.20469291508197784]]
[[0.19887644052505493, 0.2005877047777176, 0.19575701653957367, 0.20596803724765778, 0.19881075620651245]]
[[0.19995883107185364, 0.20067834854125977, 0.19841666519641876, 0.20129148662090302, 0.19965465366840363]]
[[0.19966763257980347, 0.20036619901657104, 0.19836102426052094, 0.20215071737766266, 0.19945448637008667]]
hyposthese:
2 pieces , spermatogenesis is present
reference:
2 pieces , spermatogenesis present
