[[0.18633252382278442, 0.20184236764907837, 0.19314637780189514, 0.19907860457897186, 0.2196001559495926]]
[[0.18699339032173157, 0.1992684155702591, 0.19810695946216583, 0.19283905625343323, 0.22279219329357147]]
[[0.21180933713912964, 0.1981266587972641, 0.20015709102153778, 0.20671899616718292, 0.18318791687488556]]
[[0.22205525636672974, 0.20213717222213745, 0.2018493413925171, 0.21111319959163666, 0.16284509003162384]]
[[0.19547654688358307, 0.1998494267463684, 0.20014962553977966, 0.19787369668483734, 0.2066507786512375]]
[[0.19808870553970337, 0.20038822293281555, 0.2004217654466629, 0.19882945716381073, 0.20227187871932983]]
[[0.19790047407150269, 0.2005062848329544, 0.20089994370937347, 0.19865022599697113, 0.20204302668571472]]
hyposthese:
2 pieces , spermatogenesis is present
reference:
2 pieces , spermatogenesis present
