[[0.19052405655384064, 0.18041877448558807, 0.20732446014881134, 0.219429150223732, 0.20230354368686676]]
[[0.20369458198547363, 0.1584596186876297, 0.14914266765117645, 0.2921372652053833, 0.19656585156917572]]
[[0.1987924724817276, 0.21579332649707794, 0.21090960502624512, 0.1760827749967575, 0.1984218806028366]]
[[0.2055591195821762, 0.24817045032978058, 0.2284441888332367, 0.11724111437797546, 0.20058514177799225]]
[[0.19889092445373535, 0.19582664966583252, 0.19602102041244507, 0.20914891362190247, 0.2001125067472458]]
[[0.1984321027994156, 0.19469277560710907, 0.19554999470710754, 0.21225693821907043, 0.19906821846961975]]
[[0.20106981694698334, 0.20474688708782196, 0.20432759821414948, 0.1903521716594696, 0.19950345158576965]]
[[0.19875682890415192, 0.19791282713413239, 0.19798274338245392, 0.2053803652524948, 0.19996725022792816]]
[[0.2010093778371811, 0.20082919299602509, 0.2003176063299179, 0.19759133458137512, 0.2002524584531784]]
[[0.200380340218544, 0.1944231539964676, 0.195530503988266, 0.20998908579349518, 0.19967693090438843]]
[[0.19946464896202087, 0.19753974676132202, 0.19834451377391815, 0.20483753085136414, 0.1998135894536972]]
hyposthese:
6 pieces ; well trimmed ; 10 % dermal fat
reference:
6 pieces ; 20 % dermal fat
