[[0.1785542517900467, 0.1875929832458496, 0.1997644007205963, 0.18791644275188446, 0.24617193639278412]]
[[0.19431626796722412, 0.1841970980167389, 0.19748233258724213, 0.17869843542575836, 0.24530595541000366]]
[[0.21661870181560516, 0.21186719834804535, 0.20410697162151337, 0.21380171179771423, 0.1536054015159607]]
[[0.22008965909481049, 0.21931491792201996, 0.20179378986358643, 0.22495919466018677, 0.1338423490524292]]
[[0.19617889821529388, 0.19753633439540863, 0.19773107767105103, 0.19889673590660095, 0.2096569985151291]]
[[0.1965225785970688, 0.19743378460407257, 0.1989610642194748, 0.19783177971839905, 0.20925083756446838]]
[[0.1834634691476822, 0.18548402190208435, 0.19427423179149628, 0.18967187404632568, 0.24710634350776672]]
[[0.21690566837787628, 0.21643713116645813, 0.20442621409893036, 0.21377217769622803, 0.148458793759346]]
hyposthese:
2 pieces , <unk> & <unk> ;
reference:
2 pieces <unk> mm
