[[0.20815902948379517, 0.19384652376174927, 0.1992741823196411, 0.19322478771209717, 0.20549547672271729]]
[[0.19442443549633026, 0.19134627282619476, 0.220114603638649, 0.20684881508350372, 0.18726585805416107]]
[[0.19715160131454468, 0.20417329668998718, 0.19607238471508026, 0.20187394320964813, 0.20072881877422333]]
[[0.19694511592388153, 0.21527047455310822, 0.18487559258937836, 0.19791840016841888, 0.2049904614686966]]
[[0.19981777667999268, 0.19995027780532837, 0.2005586326122284, 0.20031726360321045, 0.19935598969459534]]
[[0.20049786567687988, 0.19803611934185028, 0.20362623035907745, 0.20002946257591248, 0.1978103518486023]]
[[0.20251290500164032, 0.19727583229541779, 0.20189084112644196, 0.19804754853248596, 0.20027287304401398]]
[[0.19903121888637543, 0.20852282643318176, 0.18788373470306396, 0.19949574768543243, 0.20506645739078522]]
[[0.19936981797218323, 0.20054452121257782, 0.20002011954784393, 0.2004418969154358, 0.19962362945079803]]
[[0.20051154494285583, 0.2000255286693573, 0.2000790238380432, 0.19884812831878662, 0.20053575932979584]]
[[0.19972220063209534, 0.20015254616737366, 0.2003362774848938, 0.20029206573963165, 0.19949689507484436]]
[[0.19966469705104828, 0.19992725551128387, 0.2008596807718277, 0.2002313733100891, 0.19931699335575104]]
[[0.20003244280815125, 0.2000725269317627, 0.19993114471435547, 0.1999310702085495, 0.20003287494182587]]
[[0.2002909928560257, 0.19975905120372772, 0.20019863545894623, 0.19971361756324768, 0.20003773272037506]]
hyposthese:
6 pieces , up to <unk> ; squamous epithelium is ~1 % thickness
reference:
6 pieces ~7x2mm ; squamous epithelium is ~1-2 % of thickness
