[[0.17224013805389404, 0.17624524235725403, 0.19496767222881317, 0.2413834035396576, 0.21516360342502594]]
[[0.17150935530662537, 0.1720825433731079, 0.17916466295719147, 0.23736870288848877, 0.23987475037574768]]
[[0.22654010355472565, 0.2198992371559143, 0.2115197628736496, 0.16585686802864075, 0.1761840283870697]]
[[0.2434731423854828, 0.23452597856521606, 0.22528043389320374, 0.14607806503772736, 0.15064236521720886]]
[[0.19718042016029358, 0.1956862509250641, 0.19717232882976532, 0.2058989405632019, 0.2040620893239975]]
[[0.19908598065376282, 0.19922888278961182, 0.19917334616184235, 0.20129457116127014, 0.20121721923351288]]
[[0.19644352793693542, 0.19594654440879822, 0.198302760720253, 0.20590431988239288, 0.20340284705162048]]
[[0.19767287373542786, 0.19828978180885315, 0.19881987571716309, 0.20312313735485077, 0.20209427177906036]]
[[0.20389549434185028, 0.20385952293872833, 0.203742116689682, 0.19064152240753174, 0.19786134362220764]]
[[0.19961974024772644, 0.19888825714588165, 0.1992788314819336, 0.20139957964420319, 0.2008136361837387]]
[[0.19623234868049622, 0.19649465382099152, 0.19676978886127472, 0.20701485872268677, 0.20348837971687317]]
hyposthese:
2 pieces , ~10 % interstitial fat , rep delineated
reference:
2 pieces ; includes 10 and 50 % attached and internal fat , some atrophic fibers , medial calcification of vessels
