[[0.1447373628616333, 0.14970630407333374, 0.23539498448371887, 0.26245370507240295, 0.2077077180147171]]
[[0.16449038684368134, 0.17094241082668304, 0.209963858127594, 0.25239017605781555, 0.20221315324306488]]
[[0.23367324471473694, 0.22947846353054047, 0.18145255744457245, 0.1600693315267563, 0.1953263133764267]]
[[0.27389460802078247, 0.2513209581375122, 0.168991357088089, 0.11897057294845581, 0.18682248890399933]]
[[0.19326536357402802, 0.19389446079730988, 0.20179101824760437, 0.20925408601760864, 0.20179502665996552]]
[[0.19142122566699982, 0.1921943575143814, 0.20064528286457062, 0.2113812416791916, 0.20435789227485657]]
[[0.18053816258907318, 0.1812790036201477, 0.20069462060928345, 0.23166824877262115, 0.20581994950771332]]
[[0.23206134140491486, 0.2262277752161026, 0.188476100564003, 0.16351965069770813, 0.18971514701843262]]
[[0.2038314789533615, 0.20389021933078766, 0.20014825463294983, 0.1915629655122757, 0.2005670666694641]]
[[0.1924683153629303, 0.19322381913661957, 0.202120840549469, 0.20947876572608948, 0.20270828902721405]]
[[0.20444616675376892, 0.20360322296619415, 0.20045964419841766, 0.19105519354343414, 0.2004357874393463]]
[[0.19916315376758575, 0.19945259392261505, 0.20007869601249695, 0.20144306123256683, 0.1998625099658966]]
[[0.19480666518211365, 0.19553005695343018, 0.2034086138010025, 0.20635788142681122, 0.19989679753780365]]
hyposthese:
2 pieces , <unk> & <unk> ; well trimmed , no plaques
reference:
2 pieces , ~50-60 % occlusive atherosis , rep delineated , both sections with rims of adherent fat , up to <unk> mm
