[[0.19488178193569183, 0.19652849435806274, 0.19567030668258667, 0.21331176161766052, 0.19960759580135345]]
[[0.19474650919437408, 0.19958004355430603, 0.1956520825624466, 0.2102022022008896, 0.19981923699378967]]
[[0.20656631886959076, 0.20385664701461792, 0.20407231152057648, 0.18627998232841492, 0.1992247849702835]]
[[0.20969653129577637, 0.20834849774837494, 0.20428770780563354, 0.17661063373088837, 0.20105665922164917]]
[[0.19594432413578033, 0.1974538266658783, 0.19738194346427917, 0.20962022244930267, 0.19959968328475952]]
[[0.1953158974647522, 0.1976407766342163, 0.19770269095897675, 0.20986901223659515, 0.1994716227054596]]
hyposthese:
4 pieces , no abnormalities
reference:
4 pieces , no abnormalities
