[[0.09818728268146515, 0.09333944320678711, 0.2690254747867584, 0.265074223279953, 0.2743735611438751]]
[[0.11884155124425888, 0.11728415638208389, 0.2716667056083679, 0.22818434238433838, 0.26402318477630615]]
[[0.2403910905122757, 0.24199429154396057, 0.1692887246608734, 0.18019834160804749, 0.16812755167484283]]
[[0.3570652902126312, 0.3660447597503662, 0.08851968497037888, 0.1003219336271286, 0.0880483016371727]]
[[0.1900974065065384, 0.18975701928138733, 0.20298469066619873, 0.21112413704395294, 0.20603671669960022]]
[[0.19026640057563782, 0.18949085474014282, 0.20376703143119812, 0.2105158567428589, 0.20595987141132355]]
[[0.18147805333137512, 0.18060092628002167, 0.21127469837665558, 0.21144184470176697, 0.21520446240901947]]
[[0.19093948602676392, 0.19048327207565308, 0.20257709920406342, 0.20959900319576263, 0.20640113949775696]]
[[0.22601953148841858, 0.22732236981391907, 0.18265368044376373, 0.1843048632144928, 0.17969954013824463]]
[[0.19727425277233124, 0.19730578362941742, 0.20137637853622437, 0.20250992476940155, 0.201533704996109]]
[[0.19860073924064636, 0.19866777956485748, 0.20088814198970795, 0.2012495994567871, 0.2005937248468399]]
[[0.19283710420131683, 0.19184689223766327, 0.20368900895118713, 0.20468801259994507, 0.2069389522075653]]
hyposthese:
6 pieces , mucosa up to ~1mm , <unk> % thickness
reference:
6 pieces , up to <unk> ; 3 with good mucosa ; 4 with muscularis ; 1 with only adipose
