[[0.2776227593421936, 0.1384361982345581, 0.22078721225261688, 0.13324519991874695, 0.22990864515304565]]
[[0.3000943660736084, 0.13229769468307495, 0.23039904236793518, 0.13134142756462097, 0.2058674544095993]]
[[0.15794634819030762, 0.22395844757556915, 0.1972220540046692, 0.2228204756975174, 0.19805267453193665]]
[[0.07718849927186966, 0.3022255301475525, 0.16651001572608948, 0.3182705342769623, 0.13580545783042908]]
[[0.2067650705575943, 0.19405406713485718, 0.19893163442611694, 0.19399388134479523, 0.20625534653663635]]
[[0.2042422592639923, 0.19384323060512543, 0.20071116089820862, 0.1948942244052887, 0.20630909502506256]]
[[0.21650485694408417, 0.18690402805805206, 0.20243777334690094, 0.1869427114725113, 0.20721063017845154]]
[[0.21020518243312836, 0.19443659484386444, 0.19870735704898834, 0.19404283165931702, 0.20260804891586304]]
[[0.16815869510173798, 0.21874268352985382, 0.19613605737686157, 0.21847358345985413, 0.1984889656305313]]
[[0.20239786803722382, 0.19822268187999725, 0.19972370564937592, 0.19797725975513458, 0.20167842507362366]]
[[0.20022204518318176, 0.19982290267944336, 0.20021283626556396, 0.1997980773448944, 0.1999441236257553]]
[[0.21023878455162048, 0.19325505197048187, 0.19986498355865479, 0.19471794366836548, 0.20192326605319977]]
hyposthese:
6 pieces , mucosa up to ~1mm , <unk> % thickness
reference:
6 pieces , 5 of 6 contain mucosa ( not target ) , muscularis ( target ) present in 4
