[[0.20232322812080383, 0.20452629029750824, 0.19863425195217133, 0.1983238011598587, 0.1961923986673355]]
[[0.23629577457904816, 0.22975309193134308, 0.17242251336574554, 0.17040753364562988, 0.19112110137939453]]
[[0.19040292501449585, 0.18758736550807953, 0.20887097716331482, 0.20898152887821198, 0.20415720343589783]]
[[0.17023542523384094, 0.16922681033611298, 0.2247583121061325, 0.22627277672290802, 0.20950666069984436]]
[[0.2042902708053589, 0.20403696596622467, 0.19697833061218262, 0.1970079243183136, 0.19768649339675903]]
[[0.20434528589248657, 0.2028406709432602, 0.1974969357252121, 0.1974753439426422, 0.19784176349639893]]
[[0.19617626070976257, 0.19489407539367676, 0.20369713008403778, 0.20327171683311462, 0.20196080207824707]]
[[0.20244944095611572, 0.20275725424289703, 0.19834162294864655, 0.19804462790489197, 0.19840699434280396]]
[[0.20022733509540558, 0.19912227988243103, 0.20039410889148712, 0.2002183198928833, 0.200037881731987]]
[[0.20525364577770233, 0.20393440127372742, 0.1961519569158554, 0.19628632068634033, 0.19837366044521332]]
[[0.2014165073633194, 0.20175200700759888, 0.19878505170345306, 0.1986028254032135, 0.19944356381893158]]
hyposthese:
6 pieces ; well trimmed ; 10 % dermal fat
reference:
6 pieces up to 9x3 mm ; epidermis <unk> thick
