[[0.20446796715259552, 0.21981802582740784, 0.1729552298784256, 0.17519892752170563, 0.22755981981754303]]
[[0.22079314291477203, 0.2083026021718979, 0.16326773166656494, 0.16706538200378418, 0.24057120084762573]]
[[0.18846344947814941, 0.18819135427474976, 0.22932812571525574, 0.2267976552248001, 0.16721943020820618]]
[[0.17361468076705933, 0.1898922324180603, 0.2503216564655304, 0.247150257229805, 0.1390211284160614]]
[[0.2046632170677185, 0.20062163472175598, 0.19182614982128143, 0.1912747472524643, 0.21161417663097382]]
[[0.19759228825569153, 0.19186022877693176, 0.2095266431570053, 0.20942679047584534, 0.19159401953220367]]
[[0.20466209948062897, 0.2012961208820343, 0.19171187281608582, 0.1926535815000534, 0.2096763700246811]]
[[0.20137718319892883, 0.20170888304710388, 0.1954192966222763, 0.1954507976770401, 0.20604385435581207]]
hyposthese:
2 pieces ; emphysema ; patchy emphysema
reference:
2 pieces ; severe vascular congestion with fibrosis consistent with heart failure
