[[0.15704965591430664, 0.19432836771011353, 0.23982103168964386, 0.17184728384017944, 0.2369537055492401]]
[[0.1685941219329834, 0.19035503268241882, 0.24954669177532196, 0.17474772036075592, 0.21675649285316467]]
[[0.234701469540596, 0.20867550373077393, 0.15679073333740234, 0.22353312373161316, 0.17629916965961456]]
[[0.25933125615119934, 0.2159365564584732, 0.12415489554405212, 0.24589982628822327, 0.15467749536037445]]
[[0.1933578997850418, 0.19651004672050476, 0.21263156831264496, 0.1945173740386963, 0.2029830813407898]]
[[0.19793033599853516, 0.19806520640850067, 0.20494093000888824, 0.19789592921733856, 0.20116758346557617]]
[[0.19208751618862152, 0.19732743501663208, 0.21327152848243713, 0.1946897655725479, 0.20262373983860016]]
[[0.1958083063364029, 0.19803063571453094, 0.20713678002357483, 0.19676116108894348, 0.20226314663887024]]
[[0.20993176102638245, 0.20771943032741547, 0.1802089661359787, 0.20933157205581665, 0.19280827045440674]]
[[0.19848278164863586, 0.19923970103263855, 0.20222756266593933, 0.19875577092170715, 0.20129413902759552]]
[[0.1947648972272873, 0.19602641463279724, 0.2102646380662918, 0.19521264731884003, 0.20373140275478363]]
hyposthese:
2 pieces , ~10 % interstitial fat , rep delineated
reference:
2 pieces , 1 with 40 % fibrous tissue
