[[0.18045970797538757, 0.18349461257457733, 0.2238679677248001, 0.17676177620887756, 0.23541593551635742]]
[[0.15898479521274567, 0.1666042059659958, 0.2878151834011078, 0.15466657280921936, 0.23192927241325378]]
[[0.22847245633602142, 0.22715497016906738, 0.14770318567752838, 0.2334977388381958, 0.16317173838615417]]
[[0.25834766030311584, 0.24665692448616028, 0.09780123084783554, 0.27344292402267456, 0.12375123798847198]]
[[0.19031672179698944, 0.1921508014202118, 0.21715591847896576, 0.18881776928901672, 0.21155880391597748]]
[[0.190460667014122, 0.19171462953090668, 0.21922582387924194, 0.18718405067920685, 0.21141484379768372]]
[[0.1979926973581314, 0.19834008812904358, 0.20398926734924316, 0.19724400341510773, 0.2024339884519577]]
[[0.19575849175453186, 0.19674724340438843, 0.20758728682994843, 0.19555072486400604, 0.20435623824596405]]
[[0.19856901466846466, 0.1987183690071106, 0.20246732234954834, 0.19833500683307648, 0.20191025733947754]]
[[0.1969994604587555, 0.19826830923557281, 0.2062331736087799, 0.19521695375442505, 0.20328211784362793]]
hyposthese:
6 pieces ; squamous mucosa is <unk> % thickness
reference:
6 pieces ; congested , few clusters of submucosal glands
