[[0.2499304860830307, 0.1234905794262886, 0.2546650469303131, 0.2513067424297333, 0.12060708552598953]]
[[0.23171357810497284, 0.10919348895549774, 0.2549709379673004, 0.29975882172584534, 0.10436315089464188]]
[[0.17872357368469238, 0.24161480367183685, 0.17384234070777893, 0.16063840687274933, 0.2451808899641037]]
[[0.09776435047388077, 0.35672855377197266, 0.09491565078496933, 0.07791532576084137, 0.37267613410949707]]
[[0.2092830240726471, 0.18948516249656677, 0.2065034657716751, 0.20595768094062805, 0.188770592212677]]
[[0.2083517611026764, 0.1915295124053955, 0.20453110337257385, 0.2062012106180191, 0.18938639760017395]]
[[0.2060239464044571, 0.19595062732696533, 0.20122669637203217, 0.20272105932235718, 0.19407767057418823]]
[[0.2091437578201294, 0.18961785733699799, 0.20644725859165192, 0.2070675492286682, 0.1877235770225525]]
[[0.20442000031471252, 0.19472716748714447, 0.20285014808177948, 0.20562072098255157, 0.19238194823265076]]
hyposthese:
6 pieces ; mucosa autolyzed , muscle intact
reference:
6 pieces , mucosa with moderately advanced autolysis , up to ~1mm , ~30-40 % thickness
