[[0.14749886095523834, 0.15137223899364471, 0.27680954337120056, 0.2716910243034363, 0.15262827277183533]]
[[0.15515314042568207, 0.16420245170593262, 0.3035050332546234, 0.22210203111171722, 0.15503732860088348]]
[[0.23168466985225677, 0.22731973230838776, 0.13705070316791534, 0.17420050501823425, 0.2297443449497223]]
[[0.2600966691970825, 0.2527310252189636, 0.0940147414803505, 0.13481181859970093, 0.25834569334983826]]
[[0.19819273054599762, 0.19818980991840363, 0.20569689571857452, 0.20038281381130219, 0.19753773510456085]]
[[0.19757065176963806, 0.19748272001743317, 0.20615436136722565, 0.20220963656902313, 0.19658263027668]]
[[0.2040872424840927, 0.20484605431556702, 0.188893660902977, 0.19809937477111816, 0.20407362282276154]]
[[0.19922173023223877, 0.19925397634506226, 0.20264074206352234, 0.20009742677211761, 0.19878613948822021]]
[[0.19991964101791382, 0.20012494921684265, 0.2001999318599701, 0.20000366866588593, 0.1997518688440323]]
[[0.1981077939271927, 0.1983400583267212, 0.20305857062339783, 0.2026410698890686, 0.1978524625301361]]
[[0.20032577216625214, 0.2005765438079834, 0.19879312813282013, 0.19987595081329346, 0.20042861998081207]]
[[0.19925206899642944, 0.19936516880989075, 0.20209205150604248, 0.20039337873458862, 0.19889730215072632]]
[[0.19569197297096252, 0.19595754146575928, 0.20919230580329895, 0.2035425752401352, 0.19561558961868286]]
hyposthese:
2 pieces , well preserved , islets well visualized , rep encircled
reference:
2 pieces , focal remote pancreatitis , ensquared ; islets well preserved , rep. <unk>
