[[0.11359205842018127, 0.23634280264377594, 0.21160021424293518, 0.18179769814014435, 0.25666722655296326]]
[[0.13613849878311157, 0.23466068506240845, 0.21326811611652374, 0.18496687710285187, 0.23096585273742676]]
[[0.24746622145175934, 0.1788143813610077, 0.1915321946144104, 0.21076852083206177, 0.17141857743263245]]
[[0.3408471941947937, 0.14372120797634125, 0.16808095574378967, 0.209926575422287, 0.1374240666627884]]
[[0.18462568521499634, 0.20417368412017822, 0.20481498539447784, 0.19789384305477142, 0.20849177241325378]]
[[0.18394306302070618, 0.2059110701084137, 0.20189788937568665, 0.19786107540130615, 0.21038684248924255]]
[[0.19635248184204102, 0.20077407360076904, 0.2009584754705429, 0.19983646273612976, 0.20207849144935608]]
[[0.1955709606409073, 0.2015385627746582, 0.20171478390693665, 0.19964711368083954, 0.20152857899665833]]
[[0.20000191032886505, 0.20005802810192108, 0.2003970742225647, 0.19954681396484375, 0.19999617338180542]]
[[0.1918879598379135, 0.20331183075904846, 0.20358246564865112, 0.19728775322437286, 0.20392994582653046]]
[[0.1883426457643509, 0.20359618961811066, 0.20368041098117828, 0.1975429356098175, 0.20683783292770386]]
[[0.20309484004974365, 0.19882453978061676, 0.20043882727622986, 0.20065058767795563, 0.1969912052154541]]
[[0.20640310645103455, 0.1961917132139206, 0.20117458701133728, 0.20237620174884796, 0.19385437667369843]]
hyposthese:
2 pieces , gynecomastoid stromal and ductal ( rep delineated ) hyperplasia
reference:
2 pieces ; fibroadipose tissue , small lobules and ducts embedded in fibrotic stroma
