[[0.206706702709198, 0.2145354002714157, 0.1282455325126648, 0.19148996472358704, 0.25902241468429565]]
[[0.2033124566078186, 0.21186472475528717, 0.12135887145996094, 0.19493886828422546, 0.26852506399154663]]
[[0.20191627740859985, 0.19097119569778442, 0.2532583177089691, 0.20398232340812683, 0.14987187087535858]]
[[0.1950676292181015, 0.16623681783676147, 0.3638930320739746, 0.17477765679359436, 0.10002483427524567]]
[[0.20138448476791382, 0.20523451268672943, 0.1898120492696762, 0.20452119410037994, 0.19904769957065582]]
[[0.2010585516691208, 0.20755219459533691, 0.1755657196044922, 0.20059527456760406, 0.21522831916809082]]
[[0.19933779537677765, 0.20339281857013702, 0.18688374757766724, 0.2019777148962021, 0.20840787887573242]]
[[0.19901739060878754, 0.20132175087928772, 0.19038432836532593, 0.20007573068141937, 0.20920085906982422]]
[[0.20108838379383087, 0.2011997550725937, 0.2023850679397583, 0.20297929644584656, 0.19234758615493774]]
[[0.20040170848369598, 0.20158164203166962, 0.1874120533466339, 0.2008393108844757, 0.2097652554512024]]
hyposthese:
6 pieces , squamous mucosa is <unk> % thickness
reference:
6 pieces
