[[0.20366063714027405, 0.18625296652317047, 0.22055912017822266, 0.19570256769657135, 0.19382475316524506]]
[[0.20859992504119873, 0.19101294875144958, 0.20874907076358795, 0.19953098893165588, 0.19210708141326904]]
[[0.19761811196804047, 0.2082958072423935, 0.18901245296001434, 0.20077301561832428, 0.20430059731006622]]
[[0.1896885335445404, 0.22013118863105774, 0.17609721422195435, 0.20281203091144562, 0.21127094328403473]]
[[0.20058441162109375, 0.19843626022338867, 0.20212243497371674, 0.20053374767303467, 0.1983231008052826]]
[[0.19986218214035034, 0.19671690464019775, 0.20486654341220856, 0.20041844248771667, 0.1981358826160431]]
[[0.1998603194952011, 0.20189018547534943, 0.19559474289417267, 0.20109665393829346, 0.20155814290046692]]
hyposthese:
2 pieces , minimal <unk> tissue
reference:
2 pieces
