[[0.17282603681087494, 0.23778460919857025, 0.24442394077777863, 0.17407537996768951, 0.17089007794857025]]
[[0.14472222328186035, 0.26675909757614136, 0.30298036336898804, 0.14076389372348785, 0.1447744220495224]]
[[0.2192309945821762, 0.1772594451904297, 0.16199378669261932, 0.22085773944854736, 0.22065803408622742]]
[[0.27422070503234863, 0.09379923343658447, 0.07327547669410706, 0.28423812985420227, 0.27446645498275757]]
[[0.19523011147975922, 0.20542888343334198, 0.20972168445587158, 0.1947571039199829, 0.19486220180988312]]
[[0.1954835206270218, 0.2068171352148056, 0.20804283022880554, 0.19430005550384521, 0.19535641372203827]]
[[0.1891644299030304, 0.21286700665950775, 0.2205405831336975, 0.18820355832576752, 0.1892244666814804]]
[[0.1937260776758194, 0.2057848572731018, 0.2131883203983307, 0.1930048167705536, 0.1942959576845169]]
[[0.21525271236896515, 0.18541954457759857, 0.16539138555526733, 0.21703217923641205, 0.21690420806407928]]
[[0.19831609725952148, 0.20208296179771423, 0.2028687596321106, 0.1981753408908844, 0.1985568404197693]]
[[0.19971106946468353, 0.20179879665374756, 0.19907058775424957, 0.19965031743049622, 0.19976922869682312]]
[[0.19585072994232178, 0.20552678406238556, 0.2077343910932541, 0.1951693594455719, 0.19571875035762787]]
hyposthese:
6 pieces , mucosa up to ~1mm , <unk> % thickness
reference:
7 pieces , mucosa well preserved , ~0.3mm
