[[0.17067863047122955, 0.2002629041671753, 0.25828883051872253, 0.1907728761434555, 0.17999669909477234]]
[[0.17483170330524445, 0.20511269569396973, 0.23491784930229187, 0.19217565655708313, 0.19296211004257202]]
[[0.22243675589561462, 0.1969207525253296, 0.16095875203609467, 0.20831336081027985, 0.21137042343616486]]
[[0.23340387642383575, 0.19397957623004913, 0.1511000394821167, 0.21062032878398895, 0.21089614927768707]]
[[0.19725936651229858, 0.20030738413333893, 0.2026209980249405, 0.1999455690383911, 0.19986668229103088]]
[[0.19448502361774445, 0.1998799592256546, 0.20989948511123657, 0.1968047320842743, 0.1989307552576065]]
[[0.19910714030265808, 0.19970500469207764, 0.20335282385349274, 0.19834505021572113, 0.1994899958372116]]
hyposthese:
2 pieces , minimal ischemic changes
reference:
2 pieces , 7x5 & <unk> ; includes papillary <unk>
