[[0.18260563910007477, 0.23645617067813873, 0.176900252699852, 0.20305295288562775, 0.20098498463630676]]
[[0.17470158636569977, 0.24722421169281006, 0.17826271057128906, 0.2109805941581726, 0.1888309270143509]]
[[0.209717258810997, 0.18088854849338531, 0.20965832471847534, 0.19798655807971954, 0.20174925029277802]]
[[0.23038345575332642, 0.1463688760995865, 0.2343461811542511, 0.1840827763080597, 0.2048186957836151]]
[[0.19814176857471466, 0.2028273046016693, 0.19806833565235138, 0.20213042199611664, 0.1988322138786316]]
[[0.19726857542991638, 0.20592911541461945, 0.19667501747608185, 0.20181822776794434, 0.19830912351608276]]
[[0.2013436108827591, 0.19703206419944763, 0.20168843865394592, 0.19910284876823425, 0.2008330225944519]]
[[0.19989612698554993, 0.19980354607105255, 0.1998661458492279, 0.2004135698080063, 0.20002055168151855]]
[[0.1987782120704651, 0.2014584243297577, 0.19948452711105347, 0.20110675692558289, 0.19917206466197968]]
hyposthese:
6 pieces , all muscularis , good specimens
reference:
6 pieces ; target <unk>
