[[0.18883001804351807, 0.20051684975624084, 0.18616455793380737, 0.21272224187850952, 0.21176627278327942]]
[[0.18351814150810242, 0.18082119524478912, 0.17383290827274323, 0.23144471645355225, 0.2303829789161682]]
[[0.21407906711101532, 0.2044014185667038, 0.2178483009338379, 0.18095144629478455, 0.18271976709365845]]
[[0.21620908379554749, 0.21154837310314178, 0.22982430458068848, 0.1713561862707138, 0.17106208205223083]]
[[0.19572901725769043, 0.1984628587961197, 0.2003145068883896, 0.202366903424263, 0.2031267285346985]]
[[0.19992108643054962, 0.19959822297096252, 0.19975852966308594, 0.2007414996623993, 0.19998066127300262]]
[[0.1957055926322937, 0.19857726991176605, 0.1981210708618164, 0.20509584248065948, 0.20250020921230316]]
[[0.1984797567129135, 0.19930371642112732, 0.19846272468566895, 0.20246067643165588, 0.20129311084747314]]
[[0.20143359899520874, 0.20122291147708893, 0.20027877390384674, 0.19740533828735352, 0.19965937733650208]]
[[0.19949720799922943, 0.19942554831504822, 0.19960607588291168, 0.20106141269207, 0.20040977001190186]]
[[0.1990416944026947, 0.19909241795539856, 0.19930769503116608, 0.2016809582710266, 0.20087726414203644]]
hyposthese:
2 pieces , ~10 % interstitial fat , rep delineated
reference:
2 pieces ; includes minimal portion of fat
