[[0.18556828796863556, 0.1868634670972824, 0.2011023908853531, 0.23009809851646423, 0.19636772572994232]]
[[0.18317951261997223, 0.18375353515148163, 0.19566527009010315, 0.246353879570961, 0.1910478174686432]]
[[0.21378418803215027, 0.21454133093357086, 0.19843997061252594, 0.16971632838249207, 0.20351818203926086]]
[[0.23034273087978363, 0.23243390023708344, 0.19368141889572144, 0.1291067749261856, 0.2144351303577423]]
[[0.19461233913898468, 0.1919422447681427, 0.20263808965682983, 0.210426926612854, 0.20038039982318878]]
[[0.19124749302864075, 0.18940304219722748, 0.2009325921535492, 0.21892307698726654, 0.19949382543563843]]
hyposthese:
4 pieces , no abnormalities
reference:
2 pieces
