[[0.20746378600597382, 0.15899525582790375, 0.1807415634393692, 0.23198647797107697, 0.22081291675567627]]
[[0.19464530050754547, 0.16893163323402405, 0.18039622902870178, 0.24962520599365234, 0.20640161633491516]]
[[0.20218312740325928, 0.22685201466083527, 0.2133406698703766, 0.17056044936180115, 0.18706366419792175]]
[[0.19255377352237701, 0.2579227089881897, 0.22303897142410278, 0.15028631687164307, 0.17619822919368744]]
[[0.19953246414661407, 0.19609913229942322, 0.20016856491565704, 0.20302896201610565, 0.20117078721523285]]
[[0.20083343982696533, 0.19519947469234467, 0.19818846881389618, 0.20425108075141907, 0.20152753591537476]]
[[0.19860050082206726, 0.1846144199371338, 0.19209367036819458, 0.217655211687088, 0.20703621208667755]]
[[0.1994822919368744, 0.23242546617984772, 0.2138979732990265, 0.1658879816532135, 0.18830621242523193]]
[[0.19976165890693665, 0.2037145048379898, 0.20180723071098328, 0.19608795642852783, 0.19862858951091766]]
[[0.19972026348114014, 0.19809359312057495, 0.1986195594072342, 0.2034768909215927, 0.200089693069458]]
[[0.200326606631279, 0.20031975209712982, 0.2004697173833847, 0.19855210185050964, 0.20033180713653564]]
[[0.200002059340477, 0.19890107214450836, 0.19958220422267914, 0.20114000141620636, 0.20037463307380676]]
[[0.2004065215587616, 0.19836702942848206, 0.19857031106948853, 0.20278330147266388, 0.19987282156944275]]
[[0.199979767203331, 0.1994326114654541, 0.1999472975730896, 0.2005769908428192, 0.20006339251995087]]
[[0.19964295625686646, 0.19852173328399658, 0.19930319488048553, 0.201954185962677, 0.20057785511016846]]
hyposthese:
2 pieces , <unk> & <unk> ; patchy emphysema , <unk> , rep delineated
reference:
2 pieces , 8x7 & <unk> ; emphysema
