[[0.1426205039024353, 0.17270226776599884, 0.1519920825958252, 0.22464150190353394, 0.3080436587333679]]
[[0.14150004088878632, 0.15570174157619476, 0.14574980735778809, 0.2035861313343048, 0.3534623086452484]]
[[0.22833988070487976, 0.21868979930877686, 0.22702093422412872, 0.19330544769763947, 0.13264398276805878]]
[[0.27377423644065857, 0.240584135055542, 0.2634202241897583, 0.15639279782772064, 0.0658285990357399]]
[[0.20074237883090973, 0.20146600902080536, 0.20079739391803741, 0.20301569998264313, 0.19397854804992676]]
[[0.20105983316898346, 0.20033787190914154, 0.20077069103717804, 0.19882985949516296, 0.1990017294883728]]
[[0.2137361764907837, 0.2050797939300537, 0.2106163501739502, 0.19998453557491302, 0.17058317363262177]]
[[0.20272454619407654, 0.20307336747646332, 0.20279715955257416, 0.20241014659404755, 0.18899483978748322]]
[[0.19867397844791412, 0.1991252601146698, 0.1987522542476654, 0.2005767822265625, 0.20287171006202698]]
[[0.19434235990047455, 0.1976243555545807, 0.19523237645626068, 0.2018922120332718, 0.2109086662530899]]
[[0.1990090012550354, 0.20087777078151703, 0.1996707022190094, 0.20111636817455292, 0.19932618737220764]]
[[0.20470398664474487, 0.2039337158203125, 0.20437747240066528, 0.20218423008918762, 0.18480058014392853]]
[[0.19637416303157806, 0.19834737479686737, 0.19658827781677246, 0.19964547455310822, 0.20904475450515747]]
[[0.19900552928447723, 0.20044343173503876, 0.19932004809379578, 0.20126618444919586, 0.19996480643749237]]
[[0.20748887956142426, 0.20674094557762146, 0.20731821656227112, 0.20512081682682037, 0.1733311414718628]]
[[0.1986689269542694, 0.1991465985774994, 0.19881671667099, 0.20054388046264648, 0.20282387733459473]]
[[0.19801101088523865, 0.19932357966899872, 0.19843652844429016, 0.20083841681480408, 0.2033904641866684]]
[[0.2011750191450119, 0.2012726217508316, 0.2012036144733429, 0.20128031075000763, 0.19506844878196716]]
[[0.19481505453586578, 0.19754810631275177, 0.19547881186008453, 0.20216776430606842, 0.20999029278755188]]
[[0.19841226935386658, 0.19942986965179443, 0.19860194623470306, 0.20099934935569763, 0.2025565505027771]]
hyposthese:
2 pieces ; well trimmed glands with focal lymphocytic infiltrate ( outlined ) ; small amount of attached fat
reference:
4 pieces , excellent specimen with small portion of <unk>
