[[0.19623282551765442, 0.19034093618392944, 0.20123207569122314, 0.20936183631420135, 0.2028324007987976]]
[[0.18419311940670013, 0.18314805626869202, 0.19976778328418732, 0.21770384907722473, 0.2151871621608734]]
[[0.20778252184391022, 0.2143036127090454, 0.2006915658712387, 0.18928585946559906, 0.18793638050556183]]
[[0.21353857219219208, 0.21926841139793396, 0.20021221041679382, 0.18039964139461517, 0.18658113479614258]]
[[0.198706716299057, 0.19685237109661102, 0.19937849044799805, 0.2023155391216278, 0.20274686813354492]]
[[0.1995975822210312, 0.19957657158374786, 0.1995932161808014, 0.20049111545085907, 0.2007414549589157]]
[[0.1982656717300415, 0.19643011689186096, 0.199536994099617, 0.20273619890213013, 0.20303097367286682]]
[[0.19880695641040802, 0.19840474426746368, 0.20000167191028595, 0.20125672221183777, 0.2015298753976822]]
[[0.20112508535385132, 0.20143504440784454, 0.20033760368824005, 0.19824321568012238, 0.19885902106761932]]
[[0.19994798302650452, 0.19935987889766693, 0.19996169209480286, 0.2001001089811325, 0.20063026249408722]]
[[0.19933533668518066, 0.1993817687034607, 0.199567973613739, 0.2015732377767563, 0.20014168322086334]]
hyposthese:
2 pieces , ~10 % interstitial fat , rep delineated
reference:
2 pieces
