[[0.11697373539209366, 0.08940183371305466, 0.26275116205215454, 0.27489516139030457, 0.2559781074523926]]
[[0.1318659484386444, 0.10487669706344604, 0.2597889006137848, 0.2584860920906067, 0.24498237669467926]]
[[0.24075224995613098, 0.255364328622818, 0.16742779314517975, 0.1635076105594635, 0.17294800281524658]]
[[0.3184707760810852, 0.4029362201690674, 0.09022680670022964, 0.08785451203584671, 0.10051166266202927]]
[[0.1915077120065689, 0.18903537094593048, 0.20498070120811462, 0.20347478985786438, 0.21100139617919922]]
[[0.19075244665145874, 0.18467402458190918, 0.20752863585948944, 0.2054816037416458, 0.21156330406665802]]
[[0.18416796624660492, 0.17636924982070923, 0.21322907507419586, 0.21293391287326813, 0.21329987049102783]]
[[0.19173304736614227, 0.18761233985424042, 0.20621971786022186, 0.20608863234519958, 0.20834626257419586]]
[[0.22579927742481232, 0.2358444482088089, 0.1797013133764267, 0.17704519629478455, 0.18160973489284515]]
[[0.19680464267730713, 0.19526781141757965, 0.20160819590091705, 0.20224794745445251, 0.20407141745090485]]
[[0.20105981826782227, 0.20095092058181763, 0.20004390180110931, 0.19775553047657013, 0.20018979907035828]]
[[0.19572626054286957, 0.1907949149608612, 0.2053588181734085, 0.20360486209392548, 0.20451512932777405]]
hyposthese:
6 pieces , mucosa up to ~1mm , <unk> % thickness
reference:
6 pieces ; partly autolyzed mucosa with variable amounts of muscularis
