[[0.2157924622297287, 0.25614795088768005, 0.18113458156585693, 0.1845002919435501, 0.1624247282743454]]
[[0.1884351372718811, 0.31782475113868713, 0.17156212031841278, 0.18567076325416565, 0.13650716841220856]]
[[0.19843092560768127, 0.14126068353652954, 0.22236794233322144, 0.22046568989753723, 0.2174748182296753]]
[[0.17932654917240143, 0.0802193135023117, 0.2472810596227646, 0.22194942831993103, 0.27122366428375244]]
[[0.20163501799106598, 0.20615273714065552, 0.194366455078125, 0.19527816772460938, 0.20256763696670532]]
[[0.2033345252275467, 0.21841201186180115, 0.18915244936943054, 0.1931626796722412, 0.19593828916549683]]
[[0.20157331228256226, 0.20813186466693878, 0.19379810988903046, 0.19701704382896423, 0.19947968423366547]]
[[0.20005840063095093, 0.21668729186058044, 0.19026856124401093, 0.19388434290885925, 0.19910134375095367]]
[[0.20105694234371185, 0.2086721658706665, 0.19666528701782227, 0.1968419998884201, 0.1967635303735733]]
[[0.20191514492034912, 0.1619812697172165, 0.21473848819732666, 0.21248185634613037, 0.2088831663131714]]
[[0.20119501650333405, 0.20369687676429749, 0.19765423238277435, 0.1981900930404663, 0.19926375150680542]]
[[0.19988369941711426, 0.20168696343898773, 0.19910815358161926, 0.19978325068950653, 0.19953791797161102]]
[[0.20221498608589172, 0.20583248138427734, 0.19615115225315094, 0.19872595369815826, 0.19707544147968292]]
hyposthese:
6 pieces , squamous mucosa up to ~0.4mm , <unk> % thickness
reference:
6 pieces ; well dissected ; prominent submucosal glands
