[[0.21761690080165863, 0.20167572796344757, 0.24719372391700745, 0.07994812726974487, 0.2535654902458191]]
[[0.21837034821510315, 0.17797021567821503, 0.2703849673271179, 0.10970833152532578, 0.22356612980365753]]
[[0.1912195086479187, 0.20950667560100555, 0.16136622428894043, 0.25660037994384766, 0.18130718171596527]]
[[0.14046572148799896, 0.18093734979629517, 0.1034185141324997, 0.45210620760917664, 0.12307223677635193]]
[[0.20572125911712646, 0.2027944177389145, 0.2057572305202484, 0.18413686752319336, 0.20159019529819489]]
[[0.20694440603256226, 0.20474682748317719, 0.21020953357219696, 0.17562223970890045, 0.20247693359851837]]
[[0.2046942412853241, 0.20294307172298431, 0.20806217193603516, 0.18360759317874908, 0.20069296658039093]]
[[0.20095382630825043, 0.20179560780525208, 0.2010771781206131, 0.1949111521244049, 0.20126217603683472]]
[[0.20106640458106995, 0.20210275053977966, 0.19607263803482056, 0.20057512819766998, 0.20018309354782104]]
[[0.20183908939361572, 0.2014583945274353, 0.19948099553585052, 0.19651199877262115, 0.20070955157279968]]
[[0.1997670978307724, 0.19987544417381287, 0.2019423544406891, 0.1973177194595337, 0.20109733939170837]]
[[0.20127829909324646, 0.20084400475025177, 0.20373542606830597, 0.19343309104442596, 0.20070916414260864]]
hyposthese:
6 pieces , mucosa is <unk> thick , <unk> % thickness
reference:
6 pieces , trace mucosa up to ~0.25mm
