[[0.1892901360988617, 0.19362898170948029, 0.21954070031642914, 0.19020633399486542, 0.20733386278152466]]
[[0.1939014494419098, 0.14827775955200195, 0.3198675811290741, 0.15252332389354706, 0.1854299008846283]]
[[0.20223766565322876, 0.2190043330192566, 0.16244332492351532, 0.2151278406381607, 0.2011868804693222]]
[[0.19825023412704468, 0.2532840967178345, 0.10455033928155899, 0.2443610429763794, 0.19955426454544067]]
[[0.20064020156860352, 0.19419121742248535, 0.20975852012634277, 0.19513395428657532, 0.20027613639831543]]
[[0.19979053735733032, 0.1943131536245346, 0.2099335938692093, 0.19487710297107697, 0.20108556747436523]]
[[0.2030496746301651, 0.20713798701763153, 0.18017075955867767, 0.20692700147628784, 0.20271457731723785]]
[[0.19995270669460297, 0.19626331329345703, 0.2067730724811554, 0.19688822329044342, 0.20012266933918]]
[[0.2017318606376648, 0.20259220898151398, 0.1903717815876007, 0.20246082544326782, 0.2028432935476303]]
[[0.1995512843132019, 0.1930859237909317, 0.21240569651126862, 0.1937059909105301, 0.2012510895729065]]
[[0.19959579408168793, 0.19709275662899017, 0.2051207274198532, 0.1974419802427292, 0.2007487416267395]]
hyposthese:
6 pieces ; well trimmed ; 10 % dermal fat
reference:
6 pieces ; 10 % dermal fat ; well trimmed
