[[0.17327067255973816, 0.24596169590950012, 0.18717314302921295, 0.17078006267547607, 0.2228144258260727]]
[[0.15546371042728424, 0.2885451912879944, 0.17085550725460052, 0.153961181640625, 0.23117437958717346]]
[[0.23616403341293335, 0.13763976097106934, 0.21761156618595123, 0.23735839128494263, 0.17122621834278107]]
[[0.27327239513397217, 0.09069547057151794, 0.22406704723834991, 0.2769052982330322, 0.13505972921848297]]
[[0.19479352235794067, 0.203483447432518, 0.19851672649383545, 0.19473585486412048, 0.208470419049263]]
[[0.18424324691295624, 0.2236931174993515, 0.19450491666793823, 0.18403629958629608, 0.21352243423461914]]
[[0.18984031677246094, 0.2162044495344162, 0.19716787338256836, 0.18950071930885315, 0.20728671550750732]]
hyposthese:
2 pieces , glandular hyperplastic pattern
reference:
2 pieces , abundant well-preserved glands
