[[0.19753488898277283, 0.19914276897907257, 0.16618523001670837, 0.21977974474430084, 0.21735729277133942]]
[[0.19028736650943756, 0.19342851638793945, 0.16771642863750458, 0.2303997278213501, 0.2181679606437683]]
[[0.20305609703063965, 0.20102709531784058, 0.21759334206581116, 0.1891976296901703, 0.18912586569786072]]
[[0.2060595154762268, 0.20220167934894562, 0.24670852720737457, 0.16664354503154755, 0.17838670313358307]]
[[0.1993546485900879, 0.19944283366203308, 0.19556894898414612, 0.20317107439041138, 0.20246249437332153]]
[[0.1974523663520813, 0.19801875948905945, 0.1962527185678482, 0.20479333400726318, 0.20348280668258667]]
[[0.1993350237607956, 0.19929154217243195, 0.1981337070465088, 0.20224173367023468, 0.20099800825119019]]
[[0.19958482682704926, 0.19959628582000732, 0.19886165857315063, 0.20166397094726562, 0.20029334723949432]]
[[0.19914929568767548, 0.19914858043193817, 0.20225568115711212, 0.19982685148715973, 0.19961956143379211]]
[[0.19920246303081512, 0.19980113208293915, 0.19545066356658936, 0.20242971181869507, 0.2031160593032837]]
[[0.19916188716888428, 0.20002269744873047, 0.19175589084625244, 0.20501713454723358, 0.20404237508773804]]
[[0.199987530708313, 0.1989252269268036, 0.20444214344024658, 0.1977461576461792, 0.19889889657497406]]
[[0.19976510107517242, 0.19967494904994965, 0.2008998990058899, 0.19943536818027496, 0.20022465288639069]]
hyposthese:
2 pieces , gynecomastoid stromal and ductal ( rep delineated ) hyperplasia
reference:
2 pieces , 8x5 & 10x8mm ; fibrous stroma , rare atrophic tdlus present ; rep delineated
