[[0.23010529577732086, 0.1782839000225067, 0.2317853420972824, 0.17506881058216095, 0.18475666642189026]]
[[0.22456583380699158, 0.15825976431369781, 0.2873988449573517, 0.156841441988945, 0.17293410003185272]]
[[0.17132800817489624, 0.2301279753446579, 0.14481006562709808, 0.2316877692937851, 0.2220461368560791]]
[[0.15001699328422546, 0.2608957588672638, 0.09012629836797714, 0.2677869200706482, 0.23117400705814362]]
[[0.20703154802322388, 0.19327552616596222, 0.2119503915309906, 0.19316662847995758, 0.1945759654045105]]
[[0.20894531905651093, 0.18736082315444946, 0.22090496122837067, 0.18740196526050568, 0.1953868567943573]]
[[0.20439408719539642, 0.19389702379703522, 0.2097383588552475, 0.19379983842372894, 0.1981707066297531]]
[[0.20766468346118927, 0.18966606259346008, 0.2189711481332779, 0.18949124217033386, 0.19420687854290009]]
[[0.20439471304416656, 0.19512498378753662, 0.20932221412658691, 0.19470205903053284, 0.19645601511001587]]
[[0.19085827469825745, 0.21576370298862457, 0.16636458039283752, 0.21700383722782135, 0.2100096195936203]]
[[0.2025674432516098, 0.1975419819355011, 0.203982874751091, 0.19743464887142181, 0.1984730213880539]]
[[0.20466777682304382, 0.19619770348072052, 0.20544490218162537, 0.19597822427749634, 0.19771136343479156]]
[[0.2005530148744583, 0.1997223049402237, 0.20031286776065826, 0.19965285062789917, 0.19975902140140533]]
[[0.20062391459941864, 0.20077939331531525, 0.19712431728839874, 0.2005847841501236, 0.20088759064674377]]
[[0.20119887590408325, 0.20375096797943115, 0.18792226910591125, 0.20358973741531372, 0.20353810489177704]]
[[0.20279830694198608, 0.1972421109676361, 0.2046445608139038, 0.19710202515125275, 0.19821299612522125]]
[[0.20179332792758942, 0.19759118556976318, 0.20490585267543793, 0.1973227560520172, 0.19838687777519226]]
hyposthese:
6 pieces , squamous mucosa up to ~0.4mm , submucosal mucus glands present , rep delineated
reference:
6 pieces , squamous mucosa is <unk> thick
