[[0.22269077599048615, 0.22208671271800995, 0.20929284393787384, 0.22653917968273163, 0.1193905621767044]]
[[0.20721063017845154, 0.1967584639787674, 0.21162806451320648, 0.24584972858428955, 0.13855314254760742]]
[[0.188351109623909, 0.18707361817359924, 0.19667845964431763, 0.17540714144706726, 0.25248974561691284]]
[[0.15650415420532227, 0.16814115643501282, 0.17324629426002502, 0.13303299248218536, 0.36907538771629333]]
[[0.2037898451089859, 0.20229390263557434, 0.2015826553106308, 0.20038479566574097, 0.19194884598255157]]
[[0.20755523443222046, 0.2053636908531189, 0.19944530725479126, 0.2258259356021881, 0.16180989146232605]]
[[0.21036408841609955, 0.2036619931459427, 0.19844652712345123, 0.2216363251209259, 0.16589106619358063]]
[[0.18293794989585876, 0.1892211139202118, 0.19236062467098236, 0.15370433032512665, 0.2817760109901428]]
[[0.20005635917186737, 0.19977399706840515, 0.19985060393810272, 0.20082218945026398, 0.1994967758655548]]
[[0.2035006731748581, 0.19785942137241364, 0.19902682304382324, 0.20862750709056854, 0.19098560512065887]]
[[0.19847911596298218, 0.1999540776014328, 0.201735258102417, 0.1959013193845749, 0.20393024384975433]]
[[0.2004557102918625, 0.20083476603031158, 0.20094676315784454, 0.20012785494327545, 0.19763495028018951]]
[[0.20363642275333405, 0.19829785823822021, 0.20062263309955597, 0.21206380426883698, 0.1853792518377304]]
hyposthese:
6 pieces , up to <unk> ; all muscularis , good specimens
reference:
6 pieces ~7x3mm , <unk> mucosa reasonably well preserved , ~5-10 % of thickness
