[[0.19558019936084747, 0.19622692465782166, 0.19536425173282623, 0.19717462360858917, 0.21565401554107666]]
[[0.19650019705295563, 0.19702626764774323, 0.19562195241451263, 0.197655588388443, 0.2131960242986679]]
[[0.2036512792110443, 0.20387686789035797, 0.20499299466609955, 0.20029862225055695, 0.1871802657842636]]
[[0.2066924124956131, 0.2043427973985672, 0.20760731399059296, 0.20181570947170258, 0.17954175174236298]]
[[0.19942881166934967, 0.19911719858646393, 0.19861063361167908, 0.19924785196781158, 0.20359551906585693]]
[[0.19966678321361542, 0.20021530985832214, 0.19946232438087463, 0.19988712668418884, 0.20076841115951538]]
[[0.1994846612215042, 0.20023119449615479, 0.19932764768600464, 0.19979293644428253, 0.20116356015205383]]
hyposthese:
2 pieces , spermatogenesis is present
reference:
2 pieces , 12x8 & <unk> ; larger piece shows reduced spermatogenesis
