[[0.15808948874473572, 0.17590612173080444, 0.2547546327114105, 0.15920327603816986, 0.25204649567604065]]
[[0.167543426156044, 0.16994869709014893, 0.24334421753883362, 0.1696881353855133, 0.24947550892829895]]
[[0.22519750893115997, 0.21955201029777527, 0.16647233068943024, 0.2253277599811554, 0.16345033049583435]]
[[0.25755390524864197, 0.24147821962833405, 0.12631353735923767, 0.2525985836982727, 0.12205572426319122]]
[[0.19704513251781464, 0.1983979046344757, 0.20255617797374725, 0.19773434102535248, 0.2042664885520935]]
[[0.19932180643081665, 0.1991477906703949, 0.2003670334815979, 0.19920614361763, 0.20195725560188293]]
[[0.18494407832622528, 0.19148124754428864, 0.21679392457008362, 0.18749114871025085, 0.2192896455526352]]
[[0.22174891829490662, 0.2168831080198288, 0.17067880928516388, 0.22059915959835052, 0.1700899749994278]]
[[0.2006104439496994, 0.20060350000858307, 0.19826973974704742, 0.20101113617420197, 0.19950523972511292]]
[[0.19477352499961853, 0.19774550199508667, 0.20544803142547607, 0.19652631878852844, 0.20550671219825745]]
[[0.19357004761695862, 0.19704678654670715, 0.20729240775108337, 0.19531765580177307, 0.20677316188812256]]
hyposthese:
2 pieces , <unk> & <unk> ; good clean specimens
reference:
4 pieces , up to 6x5mm ; good clean specimens
