[[0.1819625049829483, 0.1804475039243698, 0.2000400722026825, 0.24974215030670166, 0.1878078132867813]]
[[0.16622093319892883, 0.16556741297245026, 0.1766911894083023, 0.32304784655570984, 0.16847258806228638]]
[[0.2258109301328659, 0.22647131979465485, 0.2092517614364624, 0.11599301546812057, 0.2224729061126709]]
[[0.2362801879644394, 0.2370990514755249, 0.21312664449214935, 0.08410611003637314, 0.22938799858093262]]
[[0.19447942078113556, 0.19509413838386536, 0.1997649371623993, 0.21668925881385803, 0.19397221505641937]]
[[0.19083742797374725, 0.19021369516849518, 0.19684723019599915, 0.23059101402759552, 0.19151069223880768]]
hyposthese:
2 pieces , no abnormalities
reference:
2 pieces ; congested
