[[0.0751265436410904, 0.26192840933799744, 0.2804897427558899, 0.13211654126644135, 0.25033873319625854]]
[[0.09557101130485535, 0.25070494413375854, 0.26390352845191956, 0.14510151743888855, 0.244718998670578]]
[[0.2703251838684082, 0.1619475930929184, 0.1548922210931778, 0.24008327722549438, 0.17275162041187286]]
[[0.3896443545818329, 0.10794173926115036, 0.09821615368127823, 0.27997276186943054, 0.12422499805688858]]
[[0.19967029988765717, 0.2033868134021759, 0.19987869262695312, 0.1998354196548462, 0.19722875952720642]]
[[0.19836771488189697, 0.203281968832016, 0.19972631335258484, 0.19942674040794373, 0.19919724762439728]]
[[0.13975819945335388, 0.23374587297439575, 0.24066214263439178, 0.16823680698871613, 0.21759705245494843]]
[[0.274382084608078, 0.1607862412929535, 0.15487799048423767, 0.23995599150657654, 0.16999775171279907]]
[[0.20916108787059784, 0.19482502341270447, 0.19082428514957428, 0.20688700675964355, 0.19830255210399628]]
[[0.20169898867607117, 0.198724165558815, 0.19664689898490906, 0.2022184580564499, 0.20071150362491608]]
[[0.17720605432987213, 0.212263286113739, 0.21568827331066132, 0.18844597041606903, 0.2063964456319809]]
[[0.18723155558109283, 0.20579156279563904, 0.2063746601343155, 0.19594328105449677, 0.20465895533561707]]
[[0.2009158581495285, 0.19939999282360077, 0.19675180315971375, 0.20098133385181427, 0.2019510567188263]]
[[0.1978244036436081, 0.20120839774608612, 0.2013344168663025, 0.19888930022716522, 0.20074346661567688]]
[[0.21697574853897095, 0.19112259149551392, 0.18807651102542877, 0.2091790735721588, 0.19464601576328278]]
[[0.1984768509864807, 0.2004595696926117, 0.2004249095916748, 0.2000383734703064, 0.2006002813577652]]
[[0.19698016345500946, 0.2012948989868164, 0.20256048440933228, 0.19824305176734924, 0.20092135667800903]]
[[0.194142684340477, 0.20449760556221008, 0.20440052449703217, 0.19646921753883362, 0.20049001276493073]]
[[0.19846218824386597, 0.20053017139434814, 0.2010706663131714, 0.19903194904327393, 0.20090501010417938]]
hyposthese:
2 pieces , <unk> & <unk> ; <unk> % glandular elements , delineated ; rest is <unk> <unk>
reference:
2 pieces ; 1 well dissected , other with 60 % fibromuscular tissue
