[[0.20929411053657532, 0.16549760103225708, 0.22189214825630188, 0.2146538943052292, 0.18866221606731415]]
[[0.21277408301830292, 0.17360028624534607, 0.21442916989326477, 0.22329440712928772, 0.1759021133184433]]
[[0.18806281685829163, 0.22851672768592834, 0.18602977693080902, 0.18688365817070007, 0.21050696074962616]]
[[0.18076296150684357, 0.254348486661911, 0.17402036488056183, 0.16594171524047852, 0.2249264419078827]]
[[0.2023276537656784, 0.19372935593128204, 0.20048533380031586, 0.20628100633621216, 0.19717663526535034]]
[[0.200387105345726, 0.19674603641033173, 0.20010270178318024, 0.20499832928180695, 0.19776587188243866]]
[[0.20166009664535522, 0.19079405069351196, 0.20352107286453247, 0.21222275495529175, 0.1918019950389862]]
[[0.19466142356395721, 0.21983513236045837, 0.19213515520095825, 0.18674835562705994, 0.20661988854408264]]
[[0.19968119263648987, 0.20043674111366272, 0.2003045678138733, 0.19932784140110016, 0.20024968683719635]]
[[0.19873639941215515, 0.20300914347171783, 0.19794604182243347, 0.19856813549995422, 0.20174026489257812]]
[[0.20165935158729553, 0.19588956236839294, 0.20145483314990997, 0.20382538437843323, 0.19717088341712952]]
[[0.1990148276090622, 0.20393772423267365, 0.19692397117614746, 0.19741274416446686, 0.20271071791648865]]
[[0.20219770073890686, 0.19484689831733704, 0.20119038224220276, 0.20420658588409424, 0.1975584328174591]]
[[0.2011362761259079, 0.19877207279205322, 0.2000211477279663, 0.20078498125076294, 0.19928550720214844]]
[[0.200495645403862, 0.1994716078042984, 0.20023827254772186, 0.19962726533412933, 0.2001671940088272]]
hyposthese:
2 pieces , <unk> & <unk> ; 1 with 50 % fibrous stroma .
reference:
2 pieces . 50 % and 40 % fat ; moderate plaques ; focal calcium
