[[0.19389520585536957, 0.1590171903371811, 0.21196483075618744, 0.1705908477306366, 0.2645319402217865]]
[[0.20825426280498505, 0.16960173845291138, 0.1964760571718216, 0.17692768573760986, 0.24874022603034973]]
[[0.19599826633930206, 0.2285338193178177, 0.19816875457763672, 0.22057168185710907, 0.15672744810581207]]
[[0.1937289834022522, 0.2547374367713928, 0.1978958398103714, 0.23397600650787354, 0.11966169625520706]]
[[0.2031400352716446, 0.19413892924785614, 0.19821394979953766, 0.19522295892238617, 0.2092842012643814]]
[[0.19933892786502838, 0.1933642476797104, 0.20108231902122498, 0.19830986857414246, 0.2079046219587326]]
hyposthese:
2 pieces , myometrium only
reference:
2 pieces , all myometrium
