[[0.11636096239089966, 0.1782998889684677, 0.12047021836042404, 0.27912116050720215, 0.30574774742126465]]
[[0.1288527101278305, 0.1727837473154068, 0.13185331225395203, 0.2954500615596771, 0.27106019854545593]]
[[0.24777133762836456, 0.21284623444080353, 0.24623651802539825, 0.14278216660022736, 0.15036380290985107]]
[[0.3023492097854614, 0.22449035942554474, 0.29792386293411255, 0.08294246345758438, 0.09229407459497452]]
[[0.21715043485164642, 0.20664753019809723, 0.2169678956270218, 0.18176010251045227, 0.17747409641742706]]
[[0.2037215381860733, 0.20483560860157013, 0.20395240187644958, 0.19696807861328125, 0.1905224323272705]]
[[0.19098418951034546, 0.20015525817871094, 0.19203446805477142, 0.2126205712556839, 0.20420558750629425]]
[[0.2048022598028183, 0.20479531586170197, 0.20476096868515015, 0.19375170767307281, 0.19188973307609558]]
[[0.19998137652873993, 0.20004171133041382, 0.2000800371170044, 0.1995115876197815, 0.20038528740406036]]
[[0.2002861052751541, 0.20050552487373352, 0.2003357857465744, 0.1991550326347351, 0.19971752166748047]]
[[0.19534429907798767, 0.19907717406749725, 0.19568446278572083, 0.20649771392345428, 0.20339633524417877]]
[[0.19632533192634583, 0.20023907721042633, 0.19658100605010986, 0.20423707365989685, 0.20261748135089874]]
hyposthese:
2 pieces , diffuse macrovesicular steatosis involves ~80 % of parenchyma
reference:
2 pieces ; moderate macrovesicular steatosis with some fibrosis
