[[0.18444424867630005, 0.21291959285736084, 0.23965558409690857, 0.1856793910264969, 0.17730118334293365]]
[[0.19389677047729492, 0.20438848435878754, 0.21541684865951538, 0.19438356161117554, 0.19191431999206543]]
[[0.21171455085277557, 0.18994693458080292, 0.174185112118721, 0.2109237164258957, 0.21322965621948242]]
[[0.21689915657043457, 0.18956787884235382, 0.1603642851114273, 0.2144714891910553, 0.2186972051858902]]
[[0.19541291892528534, 0.20401835441589355, 0.21110320091247559, 0.19583965837955475, 0.19362589716911316]]
[[0.1956070363521576, 0.20202887058258057, 0.21531015634536743, 0.19559995830059052, 0.19145403802394867]]
hyposthese:
4 pieces , no abnormalities
reference:
2 pieces , no abnormalities
