[[0.2784154713153839, 0.19318272173404694, 0.2504173219203949, 0.17758780717849731, 0.10039675980806351]]
[[0.23623065650463104, 0.20211933553218842, 0.2515847384929657, 0.18130163848400116, 0.12876367568969727]]
[[0.160400852560997, 0.1995680183172226, 0.1692621260881424, 0.21372777223587036, 0.25704118609428406]]
[[0.12889374792575836, 0.1786000281572342, 0.12477990239858627, 0.222795307636261, 0.34493106603622437]]
[[0.2034890204668045, 0.201767697930336, 0.20621709525585175, 0.1973019540309906, 0.19122415781021118]]
[[0.204786479473114, 0.201407790184021, 0.20815524458885193, 0.19697147607803345, 0.1886790543794632]]
[[0.22394773364067078, 0.20051877200603485, 0.22856363654136658, 0.1865822970867157, 0.1603875756263733]]
[[0.1665549874305725, 0.19648650288581848, 0.16492216289043427, 0.209319606423378, 0.26271674036979675]]
hyposthese:
2 pieces , <unk> & <unk> ;
reference:
2 pieces , <unk> tdlus , rep delineated
