[[0.19528630375862122, 0.19270187616348267, 0.22808262705802917, 0.1907583326101303, 0.19317090511322021]]
[[0.17631106078624725, 0.17680113017559052, 0.29215171933174133, 0.176852285861969, 0.17788384854793549]]
[[0.21545667946338654, 0.2193327099084854, 0.12774081528186798, 0.21953490376472473, 0.21793480217456818]]
[[0.2217503935098648, 0.22872039675712585, 0.08398310095071793, 0.23431336879730225, 0.23123271763324738]]
[[0.19396483898162842, 0.19111117720603943, 0.23406660556793213, 0.1891077309846878, 0.1917496621608734]]
[[0.19221696257591248, 0.18850460648536682, 0.24551108479499817, 0.18526339530944824, 0.18850399553775787]]
hyposthese:
2 pieces , no abnormalities
reference:
2 pieces
