[[0.21645504236221313, 0.19128967821598053, 0.19578039646148682, 0.20049266517162323, 0.19598227739334106]]
[[0.2339615672826767, 0.19752705097198486, 0.17666243016719818, 0.1858680546283722, 0.20598094165325165]]
[[0.1789131462574005, 0.20651623606681824, 0.20871399343013763, 0.2035818248987198, 0.20227475464344025]]
[[0.17008395493030548, 0.20706631243228912, 0.21859928965568542, 0.20750190317630768, 0.19674848020076752]]
[[0.20281855762004852, 0.19899986684322357, 0.19915279746055603, 0.19851137697696686, 0.2005174309015274]]
[[0.20717190206050873, 0.1978623867034912, 0.19701716303825378, 0.19751156866550446, 0.20043699443340302]]
[[0.2030191570520401, 0.19846241176128387, 0.19881172478199005, 0.19959689676761627, 0.2001098394393921]]
hyposthese:
2 pieces , minimal ischemic changes
reference:
2 pieces , no significant chronic ischemic changes
